var arrLeague = [60,'中国超级联赛','中國超級聯賽','Chinese Super League','2022','#0066FF','league_match/images/166674992094.png','中超','中超','CHA CSL'];
var arrTeam = [[37,'深圳队','深圳隊','Shenzhen FC','','images/37/1gy3vkgfwq2z.png',0],[39,'上海申花','上海申花','Shanghai Shenhua','','images/39/1gy3vjsrhn1p.png',0],[40,'山东泰山','山東泰山','Shandong Taishan','','images/40/1gy3vjsrhjq.png',0],[43,'北京国安','北京國安','Beijing Guoan','','images/1j8grm13nd21.png',0],[89,'天津津门虎','天津津門虎','Tianjin Tigers','','images/89/1gy3vkgfwn2t.png',0],[528,'长春亚泰','長春亞泰','Changchun Yatai','','images/20180921180113.png',0],[535,'广州队','廣州隊','Guangzhou FC','','images/535/1hy4p3apdsh.png',0],[541,'河南队','河南隊','Henan Football Club','','images/541/1j39p5ccv415.png',0],[542,'浙江队','浙江隊','Zhejiang Greentown','','images/542/1h8qpaemwc10.png',0],[7642,'上海海港','上海海港','Shanghai Port','','images/7642/1h8n2nv7tw23.png',0],[13969,'大连人','大連人','Dalian Pro','','images/20200123150128.png',0],[16667,'武汉长江','武漢長江','Wuhan FC','','images/2013322180048.png',0],[16668,'广州城','廣州城','Guangzhou City','','images/165371552931.png',0],[16961,'河北队','河北隊','Hebei FC','','images/20180921193444.png',0],[16967,'沧州雄狮','滄州雄獅','Cangzhou Mighty Lions','','images/16967/1gy3vkgfwb2g.png',0],[21227,'梅州客家','梅州客家','Meizhou Hakka','','images/21227/1j0w7x44xa19.png',0],[40347,'成都蓉城','成都蓉城','Chengdu Rongcheng FC','','images/40347/1gy3vkgfwve.PNG',0],[42492,'武汉三镇','武漢三鎮','Wuhan Three Towns','','images/42492/1hd5at5b6g1y.png',0]];
var TotalBs = [[1,16667,34,25,0,9,73.5,0,26.5],[2,42492,33,22,0,11,66.7,0,33.3],[3,43,32,21,1,10,65.6,3.1,31.2],[4,16961,33,20,3,10,60.6,9.1,30.3],[5,40,32,19,1,12,59.4,3.1,37.5],[6,37,33,18,0,15,54.5,0,45.5],[7,528,34,18,0,16,52.9,0,47.1],[8,13969,33,17,2,14,51.5,6.1,42.4],[9,541,33,17,0,16,51.5,0,48.5],[10,16668,34,17,1,16,50,2.9,47.1],[11,16967,33,16,1,16,48.5,3,48.5],[12,535,34,16,1,17,47.1,2.9,50],[13,21227,33,15,0,18,45.5,0,54.5],[14,40347,34,14,0,20,41.2,0,58.8],[15,89,31,13,1,17,41.9,3.2,54.8],[16,7642,33,13,1,19,39.4,3,57.6],[17,542,33,13,0,20,39.4,0,60.6],[18,39,34,12,0,22,35.3,0,64.7]];
var HomeBs = [[1,42492,16,13,0,3,81.2,0,18.8],[2,16667,17,13,0,4,76.5,0,23.5],[3,541,16,11,0,5,68.8,0,31.2],[4,43,16,10,0,6,62.5,0,37.5],[5,16961,17,10,1,6,58.8,5.9,35.3],[6,21227,17,10,0,7,58.8,0,41.2],[7,16668,17,9,1,7,52.9,5.9,41.2],[8,40347,17,9,0,8,52.9,0,47.1],[9,37,17,9,0,8,52.9,0,47.1],[10,535,17,9,0,8,52.9,0,47.1],[11,40,15,8,1,6,53.3,6.7,40],[12,89,16,8,0,8,50,0,50],[13,13969,17,8,1,8,47.1,5.9,47.1],[14,542,16,6,0,10,37.5,0,62.5],[15,528,17,6,0,11,35.3,0,64.7],[16,7642,17,5,1,11,29.4,5.9,64.7],[17,39,17,5,0,12,29.4,0,70.6],[18,16967,16,4,1,11,25,6.2,68.8]];
var GuestBs = [[1,528,17,12,0,5,70.6,0,29.4],[2,16667,17,12,0,5,70.6,0,29.4],[3,16967,17,12,0,5,70.6,0,29.4],[4,43,16,11,1,4,68.8,6.2,25],[5,40,17,11,0,6,64.7,0,35.3],[6,16961,16,10,2,4,62.5,12.5,25],[7,13969,16,9,1,6,56.2,6.2,37.5],[8,37,16,9,0,7,56.2,0,43.8],[9,42492,17,9,0,8,52.9,0,47.1],[10,7642,16,8,0,8,50,0,50],[11,16668,17,8,0,9,47.1,0,52.9],[12,535,17,7,1,9,41.2,5.9,52.9],[13,542,17,7,0,10,41.2,0,58.8],[14,39,17,7,0,10,41.2,0,58.8],[15,541,17,6,0,11,35.3,0,64.7],[16,89,15,5,1,9,33.3,6.7,60],[17,21227,16,5,0,11,31.2,0,68.8],[18,40347,17,5,0,12,29.4,0,70.6]];
var TotalBsHalf = [[1,16967,33,18,8,7,54.5,24.2,21.2],[2,42492,33,17,8,8,51.5,24.2,24.2],[3,37,33,16,8,9,48.5,24.2,27.3],[4,16961,33,16,5,12,48.5,15.2,36.4],[5,40,32,15,5,12,46.9,15.6,37.5],[6,16668,34,15,6,13,44.1,17.6,38.2],[7,16667,34,14,10,10,41.2,29.4,29.4],[8,43,32,13,12,7,40.6,37.5,21.9],[9,528,34,13,14,7,38.2,41.2,20.6],[10,89,31,13,7,11,41.9,22.6,35.5],[11,21227,33,13,7,13,39.4,21.2,39.4],[12,542,33,12,11,10,36.4,33.3,30.3],[13,535,34,12,8,14,35.3,23.5,41.2],[14,7642,33,12,5,16,36.4,15.2,48.5],[15,40347,34,11,10,13,32.4,29.4,38.2],[16,13969,33,11,8,14,33.3,24.2,42.4],[17,541,33,10,9,14,30.3,27.3,42.4],[18,39,34,5,13,16,14.7,38.2,47.1]];
var HomeBsHalf = [[1,42492,16,11,2,3,68.8,12.5,18.8],[2,37,17,9,4,4,52.9,23.5,23.5],[3,16668,17,8,5,4,47.1,29.4,23.5],[4,16961,17,8,4,5,47.1,23.5,29.4],[5,16667,17,8,4,5,47.1,23.5,29.4],[6,40347,17,8,2,7,47.1,11.8,41.2],[7,542,16,7,5,4,43.8,31.2,25],[8,541,16,7,4,5,43.8,25,31.2],[9,40,15,7,2,6,46.7,13.3,40],[10,7642,17,7,3,7,41.2,17.6,41.2],[11,535,17,7,2,8,41.2,11.8,47.1],[12,21227,17,6,3,8,35.3,17.6,47.1],[13,528,17,5,9,3,29.4,52.9,17.6],[14,13969,17,5,7,5,29.4,41.2,29.4],[15,43,16,5,5,6,31.2,31.2,37.5],[16,16967,16,5,5,6,31.2,31.2,37.5],[17,89,16,5,3,8,31.2,18.8,50],[18,39,17,0,8,9,0,47.1,52.9]];
var GuestBsHalf = [[1,16967,17,13,3,1,76.5,17.6,5.9],[2,43,16,8,7,1,50,43.8,6.2],[3,89,15,8,4,3,53.3,26.7,20],[4,528,17,8,5,4,47.1,29.4,23.5],[5,40,17,8,3,6,47.1,17.6,35.3],[6,16961,16,8,1,7,50,6.2,43.8],[7,21227,16,7,4,5,43.8,25,31.2],[8,37,16,7,4,5,43.8,25,31.2],[9,16668,17,7,1,9,41.2,5.9,52.9],[10,16667,17,6,6,5,35.3,35.3,29.4],[11,42492,17,6,6,5,35.3,35.3,29.4],[12,13969,16,6,1,9,37.5,6.2,56.2],[13,542,17,5,6,6,29.4,35.3,35.3],[14,535,17,5,6,6,29.4,35.3,35.3],[15,39,17,5,5,7,29.4,29.4,41.2],[16,7642,16,5,2,9,31.2,12.5,56.2],[17,40347,17,3,8,6,17.6,47.1,35.3],[18,541,17,3,5,9,17.6,29.4,52.9]];
var addUp = [306,51.3,12,2,278,46.6,[73.5,16667],[64.7,39],[81.2,42492],[70.6,39],[70.6,528,16667,16967],[70.6,40347]];
var addUpHalf = [236,39.6,154,25.8,206,34.6,[54.5,16967],[48.5,7642],[68.8,42492],[52.9,39],[76.5,16967],[56.2,13969,7642]];
var lastUpdateTime = '2025-01-18 11:49:49';
