var arrLeague = [10,'俄罗斯超级联赛','俄羅斯超級聯賽','Russia Premier League','2014-2015','#006699','league_match/images/20200411092415.jpg','俄超','俄超','RUS PR'];
var arrTeam = [[296,'莫斯科鱼雷','莫斯科魚雷','Torpedo Moscow','','images/296/1h5bjf6tw33.png',0],[298,'阿姆卡尔','安卡','Amkar Perm','','images/298/1gx0nnphdv0.png',0],[395,'圣彼得堡泽尼特','聖彼德斯堡','Zenit St. Petersburg','','images/395/1hnyhx549p2m.png',0],[407,'莫斯科中央陆军','莫斯科中央陸軍','CSKA Moscow','','images/407/1gtqm0cjh91x.png',0],[411,'莫斯科斯巴达','莫斯科斯巴達','Spartak Moscow','','images/165095544593.png',0],[416,'莫斯科迪纳摩','莫斯科戴拿模','Dynamo Moscow','','images/416/1gtqm0cjhm20.png',0],[420,'莫斯科火车头','莫斯科火車頭','Lokomotiv Moscow','','images/165095543060.png',0],[429,'罗斯托夫','羅斯杜夫','Rostov FK','','images/165095539431.png',0],[435,'库班','庫班','Kuban Krasnodar','','images/20130711102033.jpg',0],[441,'喀山红宝石','卡山魯賓','Rubin Kazan','','images/441/1gq15ejwg51f.png',0],[605,'格罗兹尼特里克','塔利克','Terek Grozny','','images/165095534661.png',0],[2036,'托木斯克','湯斯克','Tom Tomsk','','images/20130414164214.gif',0],[2450,'乌拉尔','烏拉爾','Ural Sverdlovsk Oblast','','images/165095556739.png',0],[4371,'萨兰斯克莫尔多瓦','莫爾多維亞','Mordovya Saransk','','images/20130411103358.jpg',0],[10112,'克拉斯诺达尔','克拉斯諾達爾','FC Krasnodar','','images/10112/1gtqm0cjha2q.png',0],[13988,'乌法','烏法','FC Ufa','','images/13988/1grgc5aqm72w.png',0],[19764,'图拉兵工厂','圖拉兵工廠','Arsenal Tula','','images/165095553317.png',0],[21640,'鲁安图斯诺','魯安圖斯諾','FK Ruan Tosno','','images/20161109145309.png',0]];
var TotalBs = [[1,407,30,19,0,11,63.3,0,36.7],[2,416,30,17,0,13,56.7,0,43.3],[3,10112,30,15,0,15,50,0,50],[4,429,32,15,0,17,46.9,0,53.1],[5,411,30,14,0,16,46.7,0,53.3],[6,441,30,14,0,16,46.7,0,53.3],[7,2450,32,13,2,17,40.6,6.2,53.1],[8,395,30,13,0,17,43.3,0,56.7],[9,4371,30,12,0,18,40,0,60],[10,605,30,12,0,18,40,0,60],[11,19764,30,12,0,18,40,0,60],[12,296,30,12,0,18,40,0,60],[13,435,30,11,0,19,36.7,0,63.3],[14,298,30,10,2,18,33.3,6.7,60],[15,420,30,8,2,20,26.7,6.7,66.7],[16,13988,30,8,2,20,26.7,6.7,66.7],[17,21640,2,1,0,1,50,0,50],[18,2036,2,0,0,2,0,0,100]];
var HomeBs = [[1,407,15,10,0,5,66.7,0,33.3],[2,416,15,9,0,6,60,0,40],[3,10112,15,8,0,7,53.3,0,46.7],[4,395,15,8,0,7,53.3,0,46.7],[5,19764,15,7,0,8,46.7,0,53.3],[6,441,15,7,0,8,46.7,0,53.3],[7,605,15,7,0,8,46.7,0,53.3],[8,429,16,7,0,9,43.8,0,56.2],[9,435,15,6,0,9,40,0,60],[10,411,15,6,0,9,40,0,60],[11,296,15,6,0,9,40,0,60],[12,420,15,6,0,9,40,0,60],[13,2450,16,5,2,9,31.2,12.5,56.2],[14,13988,15,4,1,10,26.7,6.7,66.7],[15,298,15,4,1,10,26.7,6.7,66.7],[16,4371,15,3,0,12,20,0,80],[17,2036,1,0,0,1,0,0,100],[18,21640,1,0,0,1,0,0,100]];
var GuestBs = [[1,4371,15,9,0,6,60,0,40],[2,407,15,9,0,6,60,0,40],[3,411,15,8,0,7,53.3,0,46.7],[4,416,15,8,0,7,53.3,0,46.7],[5,429,16,8,0,8,50,0,50],[6,2450,16,8,0,8,50,0,50],[7,10112,15,7,0,8,46.7,0,53.3],[8,441,15,7,0,8,46.7,0,53.3],[9,298,15,6,1,8,40,6.7,53.3],[10,296,15,6,0,9,40,0,60],[11,605,15,5,0,10,33.3,0,66.7],[12,19764,15,5,0,10,33.3,0,66.7],[13,395,15,5,0,10,33.3,0,66.7],[14,435,15,5,0,10,33.3,0,66.7],[15,13988,15,4,1,10,26.7,6.7,66.7],[16,420,15,2,2,11,13.3,13.3,73.3],[17,21640,1,1,0,0,100,0,0],[18,2036,1,0,0,1,0,0,100]];
var TotalBsHalf = [[1,416,30,18,7,5,60,23.3,16.7],[2,2450,32,18,6,8,56.2,18.8,25],[3,435,30,16,4,10,53.3,13.3,33.3],[4,429,32,16,4,12,50,12.5,37.5],[5,10112,29,15,10,4,51.7,34.5,13.8],[6,13988,30,15,6,9,50,20,30],[7,407,29,14,8,7,48.3,27.6,24.1],[8,441,27,14,5,8,51.9,18.5,29.6],[9,19764,28,13,6,9,46.4,21.4,32.1],[10,298,29,13,4,12,44.8,13.8,41.4],[11,605,30,13,4,13,43.3,13.3,43.3],[12,296,30,12,7,11,40,23.3,36.7],[13,411,30,11,7,12,36.7,23.3,40],[14,4371,29,11,5,13,37.9,17.2,44.8],[15,395,30,10,11,9,33.3,36.7,30],[16,420,29,10,3,16,34.5,10.3,55.2],[17,2036,1,0,0,1,0,0,100],[18,21640,1,0,0,1,0,0,100]];
var HomeBsHalf = [[1,416,15,10,2,3,66.7,13.3,20],[2,13988,15,9,2,4,60,13.3,26.7],[3,435,15,8,3,4,53.3,20,26.7],[4,2450,16,8,3,5,50,18.8,31.2],[5,19764,15,8,1,6,53.3,6.7,40],[6,605,15,8,1,6,53.3,6.7,40],[7,429,16,8,2,6,50,12.5,37.5],[8,10112,15,7,7,1,46.7,46.7,6.7],[9,407,15,7,7,1,46.7,46.7,6.7],[10,298,15,7,2,6,46.7,13.3,40],[11,441,15,6,5,4,40,33.3,26.7],[12,296,15,6,3,6,40,20,40],[13,411,15,6,2,7,40,13.3,46.7],[14,395,15,5,5,5,33.3,33.3,33.3],[15,4371,15,5,3,7,33.3,20,46.7],[16,420,15,5,2,8,33.3,13.3,53.3],[17,2036,1,0,0,1,0,0,100],[18,21640,1,0,0,1,0,0,100]];
var GuestBsHalf = [[1,2450,16,10,3,3,62.5,18.8,18.8],[2,416,15,8,5,2,53.3,33.3,13.3],[3,10112,14,8,3,3,57.1,21.4,21.4],[4,441,12,8,0,4,66.7,0,33.3],[5,435,15,8,1,6,53.3,6.7,40],[6,429,16,8,2,6,50,12.5,37.5],[7,407,14,7,1,6,50,7.1,42.9],[8,296,15,6,4,5,40,26.7,33.3],[9,13988,15,6,4,5,40,26.7,33.3],[10,298,14,6,2,6,42.9,14.3,42.9],[11,4371,14,6,2,6,42.9,14.3,42.9],[12,19764,13,5,5,3,38.5,38.5,23.1],[13,395,15,5,6,4,33.3,40,26.7],[14,411,15,5,5,5,33.3,33.3,33.3],[15,605,15,5,3,7,33.3,20,46.7],[16,420,14,5,1,8,35.7,7.1,57.1],[17,2036,0,0,0,0,0,0,0],[18,21640,0,0,0,0,0,0,0]];
var addUp = [206,42.2,8,1.6,274,56.1,[63.3,407],[100,2036],[66.7,407],[100,2036,21640],[100,21640],[100,2036]];
var addUpHalf = [219,46,97,20.4,160,33.6,[60,416],[100,2036,21640],[66.7,416],[100,2036,21640],[66.7,441],[57.1,420]];
var lastUpdateTime = '2025-06-24 14:24:25';
