var arrLeague = [29,'苏格兰超级联赛','蘇格蘭超級聯賽','Scottish Premier League','2021-2022','#57A87B','league_match/images/1j5w1p9pmse.png','苏超','蘇超','SCO PR'];
var arrTeam = [[70,'凯尔特人','些路迪','Celtic FC','','images/165363471972.png',0],[71,'邓迪FC','登地','Dundee','','images/165363469577.png',0],[72,'邓迪联队','登地聯','Dundee United','','images/16536347072.png',0],[73,'阿伯丁','鴨巴甸','Aberdeen','','images/165363467632.png',0],[75,'马瑟韦尔','馬瑟韋爾','Motherwell','','images/165363477927.png',0],[76,'哈茨','赫斯','Heart of Midlothian','','images/165363483555.png',0],[77,'格拉斯哥流浪者','格拉斯哥流浪','Glasgow Rangers','','images/165363474719.png',0],[79,'希伯尼安','喜百年','Hibernian','','images/165363481924.png',0],[80,'利云斯顿','利雲斯頓','Livingston','','images/80/1h5bjef76m11.png',0],[1366,'罗斯郡','羅斯郡','Ross County','','images/165363476324.png',0],[1463,'圣米伦','聖美倫','Saint Mirren','','images/165363479259.png',0],[1485,'圣约翰斯通','聖莊士東','Saint Johnstone','','images/165363480511.png',0]];
var TotalPanLu = [[1,72,38,11,3,24,22,4,12,10,57.9,10.5,31.6],[2,70,38,36,0,2,21,2,15,6,55.3,5.3,39.5],[3,1366,38,5,7,26,20,3,15,5,52.6,7.9,39.5],[4,76,38,25,4,9,19,4,15,4,50,10.5,39.5],[5,75,38,9,6,23,19,2,17,2,50,5.3,44.7],[6,1463,38,8,9,21,18,5,15,3,47.4,13.2,39.5],[7,80,38,10,7,21,18,2,18,0,47.4,5.3,47.4],[8,71,38,5,6,27,16,3,19,-3,42.1,7.9,50],[9,73,38,17,9,12,14,5,19,-5,36.8,13.2,50],[10,77,38,36,0,2,14,4,20,-6,36.8,10.5,52.6],[11,79,38,23,6,9,14,3,21,-7,36.8,7.9,55.3],[12,1485,38,11,7,20,12,5,21,-9,31.6,13.2,55.3]];
var HomePanLu = [[1,1366,19,5,6,8,10,2,7,3,52.6,10.5,36.8],[2,76,19,14,1,4,10,2,7,3,52.6,10.5,36.8],[3,70,19,19,0,0,10,1,8,2,52.6,5.3,42.1],[4,72,19,11,1,7,10,1,8,2,52.6,5.3,42.1],[5,75,19,9,3,7,9,2,8,1,47.4,10.5,42.1],[6,71,19,5,6,8,9,1,9,0,47.4,5.3,47.4],[7,79,19,16,0,3,9,0,10,-1,47.4,0,52.6],[8,73,19,15,1,3,7,3,9,-2,36.8,15.8,47.4],[9,80,19,10,4,5,7,1,11,-4,36.8,5.3,57.9],[10,77,19,19,0,0,6,3,10,-4,31.6,15.8,52.6],[11,1463,19,8,6,5,6,3,10,-4,31.6,15.8,52.6],[12,1485,19,10,4,5,6,2,11,-5,31.6,10.5,57.9]];
var GuestPanLu = [[1,72,19,0,2,17,12,3,4,8,63.2,15.8,21.1],[2,1463,19,0,3,16,12,2,5,7,63.2,10.5,26.3],[3,70,19,17,0,2,11,1,7,4,57.9,5.3,36.8],[4,80,19,0,3,16,11,1,7,4,57.9,5.3,36.8],[5,1366,19,0,1,18,10,1,8,2,52.6,5.3,42.1],[6,75,19,0,3,16,10,0,9,1,52.6,0,47.4],[7,76,19,11,3,5,9,2,8,1,47.4,10.5,42.1],[8,77,19,17,0,2,8,1,10,-2,42.1,5.3,52.6],[9,71,19,0,0,19,7,2,10,-3,36.8,10.5,52.6],[10,73,19,2,8,9,7,2,10,-3,36.8,10.5,52.6],[11,1485,19,1,3,15,6,3,10,-4,31.6,15.8,52.6],[12,79,19,7,6,6,5,3,11,-6,26.3,15.8,57.9]];
var TotalHalfPanLu = [[1,70,38,35,3,0,25,2,11,14,65.8,5.3,28.9],[2,77,38,34,3,1,20,2,16,4,52.6,5.3,42.1],[3,72,38,5,18,15,17,8,13,4,44.7,21.1,34.2],[4,1366,38,2,13,23,15,11,12,3,39.5,28.9,31.6],[5,1485,38,6,17,15,15,10,13,2,39.5,26.3,34.2],[6,71,38,1,15,22,15,9,14,1,39.5,23.7,36.8],[7,80,38,5,18,15,14,10,14,0,36.8,26.3,36.8],[8,76,38,18,12,8,14,7,17,-3,36.8,18.4,44.7],[9,1463,38,2,24,12,12,16,10,2,31.6,42.1,26.3],[10,79,38,16,14,8,11,10,17,-6,28.9,26.3,44.7],[11,73,38,14,16,8,11,7,20,-9,28.9,18.4,52.6],[12,75,38,4,19,15,10,6,22,-12,26.3,15.8,57.9]];
var HomeHalfPanLu = [[1,70,19,18,1,0,12,1,6,6,63.2,5.3,31.6],[2,76,19,13,2,4,10,2,7,3,52.6,10.5,36.8],[3,77,19,17,2,0,10,2,7,3,52.6,10.5,36.8],[4,75,19,4,11,4,9,3,7,2,47.4,15.8,36.8],[5,72,19,5,9,5,9,1,9,0,47.4,5.3,47.4],[6,71,19,1,12,6,7,7,5,2,36.8,36.8,26.3],[7,1485,19,6,9,4,7,6,6,1,36.8,31.6,31.6],[8,79,19,13,3,3,7,3,9,-2,36.8,15.8,47.4],[9,80,19,5,11,3,6,6,7,-1,31.6,31.6,36.8],[10,1366,19,2,10,7,4,8,7,-3,21.1,42.1,36.8],[11,73,19,14,2,3,4,0,15,-11,21.1,0,78.9],[12,1463,19,2,14,3,3,10,6,-3,15.8,52.6,31.6]];
var GuestHalfPanLu = [[1,70,19,17,2,0,13,1,5,8,68.4,5.3,26.3],[2,1366,19,0,3,16,11,3,5,6,57.9,15.8,26.3],[3,77,19,17,1,1,10,0,9,1,52.6,0,47.4],[4,1463,19,0,10,9,9,6,4,5,47.4,31.6,21.1],[5,72,19,0,9,10,8,7,4,4,42.1,36.8,21.1],[6,80,19,0,7,12,8,4,7,1,42.1,21.1,36.8],[7,1485,19,0,8,11,8,4,7,1,42.1,21.1,36.8],[8,71,19,0,3,16,8,2,9,-1,42.1,10.5,47.4],[9,73,19,0,14,5,7,7,5,2,36.8,36.8,26.3],[10,79,19,3,11,5,4,7,8,-4,21.1,36.8,42.1],[11,76,19,5,10,4,4,5,10,-6,21.1,26.3,52.6],[12,75,19,0,8,11,1,3,15,-14,5.3,15.8,78.9]];
var addUp = [99,43.4,21,9.2,108,47.4,[57.9,72],[55.3,79,1485],[52.6,1366,76,70,72],[57.9,80,1485],[63.2,72,1463],[57.9,79],[13.2,1463,73,1485],[5.3,70,75,80]];
var addUpHalf = [88,38.6,49,21.5,91,39.9,[65.8,70],[57.9,75],[63.2,70],[78.9,73],[68.4,70],[78.9,75],[42.1,1463],[5.3,70,77]];
var lastUpdateTime = '2025-01-18 15:35:42';
