var arrLeague = [29,'苏格兰超级联赛','蘇格蘭超級聯賽','Scottish Premier League','2021-2022','#57A87B','league_match/images/1j5w1p9pmse.png','苏超','蘇超','SCO PR'];
var arrTeam = [[70,'凯尔特人','些路迪','Celtic FC','','images/165363471972.png',0],[71,'邓迪FC','登地','Dundee','','images/165363469577.png',0],[72,'邓迪联队','登地聯','Dundee United','','images/16536347072.png',0],[73,'阿伯丁','鴨巴甸','Aberdeen','','images/165363467632.png',0],[75,'马瑟韦尔','馬瑟韋爾','Motherwell','','images/165363477927.png',0],[76,'哈茨','赫斯','Heart of Midlothian','','images/165363483555.png',0],[77,'格拉斯哥流浪者','格拉斯哥流浪','Glasgow Rangers','','images/165363474719.png',0],[79,'希伯尼安','喜百年','Hibernian','','images/165363481924.png',0],[80,'利云斯顿','利雲斯頓','Livingston','','images/80/1h5bjef76m11.png',0],[1366,'罗斯郡','羅斯郡','Ross County','','images/165363476324.png',0],[1463,'圣米伦','聖美倫','Saint Mirren','','images/165363479259.png',0],[1485,'圣约翰斯通','聖莊士東','Saint Johnstone','','images/165363480511.png',0]];
var TotalBs = [[1,70,38,20,1,17,52.6,2.6,44.7],[2,71,38,19,2,17,50,5.3,44.7],[3,77,38,19,1,18,50,2.6,47.4],[4,1366,38,19,1,18,50,2.6,47.4],[5,80,38,17,3,18,44.7,7.9,47.4],[6,75,38,17,2,19,44.7,5.3,50],[7,76,38,17,0,21,44.7,0,55.3],[8,73,38,14,3,21,36.8,7.9,55.3],[9,79,38,14,1,23,36.8,2.6,60.5],[10,1463,38,14,1,23,36.8,2.6,60.5],[11,1485,38,13,3,22,34.2,7.9,57.9],[12,72,38,13,2,23,34.2,5.3,60.5]];
var HomeBs = [[1,71,19,11,1,7,57.9,5.3,36.8],[2,80,19,9,3,7,47.4,15.8,36.8],[3,1366,19,9,1,9,47.4,5.3,47.4],[4,75,19,9,1,9,47.4,5.3,47.4],[5,70,19,9,0,10,47.4,0,52.6],[6,77,19,8,1,10,42.1,5.3,52.6],[7,1485,19,8,1,10,42.1,5.3,52.6],[8,76,19,8,0,11,42.1,0,57.9],[9,72,19,8,0,11,42.1,0,57.9],[10,73,19,7,1,11,36.8,5.3,57.9],[11,79,19,6,1,12,31.6,5.3,63.2],[12,1463,19,6,0,13,31.6,0,68.4]];
var GuestBs = [[1,70,19,11,1,7,57.9,5.3,36.8],[2,77,19,11,0,8,57.9,0,42.1],[3,1366,19,10,0,9,52.6,0,47.4],[4,76,19,9,0,10,47.4,0,52.6],[5,75,19,8,1,10,42.1,5.3,52.6],[6,71,19,8,1,10,42.1,5.3,52.6],[7,1463,19,8,1,10,42.1,5.3,52.6],[8,80,19,8,0,11,42.1,0,57.9],[9,79,19,8,0,11,42.1,0,57.9],[10,73,19,7,2,10,36.8,10.5,52.6],[11,72,19,5,2,12,26.3,10.5,63.2],[12,1485,19,5,2,12,26.3,10.5,63.2]];
var TotalBsHalf = [[1,75,38,25,6,7,65.8,15.8,18.4],[2,71,38,20,5,13,52.6,13.2,34.2],[3,1485,38,20,2,16,52.6,5.3,42.1],[4,70,38,19,6,13,50,15.8,34.2],[5,73,38,19,4,15,50,10.5,39.5],[6,72,38,19,3,16,50,7.9,42.1],[7,1366,38,19,3,16,50,7.9,42.1],[8,80,38,18,5,15,47.4,13.2,39.5],[9,76,38,16,12,10,42.1,31.6,26.3],[10,77,38,16,6,16,42.1,15.8,42.1],[11,79,38,15,5,18,39.5,13.2,47.4],[12,1463,38,14,3,21,36.8,7.9,55.3]];
var HomeBsHalf = [[1,75,19,14,3,2,73.7,15.8,10.5],[2,1485,19,11,1,7,57.9,5.3,36.8],[3,71,19,11,1,7,57.9,5.3,36.8],[4,70,19,11,1,7,57.9,5.3,36.8],[5,73,19,10,3,6,52.6,15.8,31.6],[6,72,19,10,2,7,52.6,10.5,36.8],[7,80,19,9,4,6,47.4,21.1,31.6],[8,1366,19,9,0,10,47.4,0,52.6],[9,76,19,8,6,5,42.1,31.6,26.3],[10,77,19,6,3,10,31.6,15.8,52.6],[11,1463,19,6,2,11,31.6,10.5,57.9],[12,79,19,5,4,10,26.3,21.1,52.6]];
var GuestBsHalf = [[1,75,19,11,3,5,57.9,15.8,26.3],[2,77,19,10,3,6,52.6,15.8,31.6],[3,1366,19,10,3,6,52.6,15.8,31.6],[4,79,19,10,1,8,52.6,5.3,42.1],[5,71,19,9,4,6,47.4,21.1,31.6],[6,1485,19,9,1,9,47.4,5.3,47.4],[7,80,19,9,1,9,47.4,5.3,47.4],[8,73,19,9,1,9,47.4,5.3,47.4],[9,72,19,9,1,9,47.4,5.3,47.4],[10,76,19,8,6,5,42.1,31.6,26.3],[11,70,19,8,5,6,42.1,26.3,31.6],[12,1463,19,8,1,10,42.1,5.3,52.6]];
var addUp = [196,43,20,4.4,240,52.6,[52.6,70],[60.5,79,1463,72],[57.9,71],[68.4,1463],[57.9,70,77],[63.2,72,1485]];
var addUpHalf = [220,48.2,60,13.2,176,38.6,[65.8,75],[55.3,1463],[73.7,75],[57.9,1463],[57.9,75],[52.6,1463]];
var lastUpdateTime = '2025-01-18 15:35:58';
