var arrLeague = [4,'巴西甲组联赛','巴西甲組聯賽','Brazil Serie A','2014','#996600','league_match/images/1ka8jt39av1h.png','巴西甲','巴西甲','BRA D1'];
var arrTeam = [[337,'桑托斯','山度士','Santos','','images/337/1kenbw23by2e.png',0],[343,'米内罗竞技','明尼路','Atletico Mineiro','','images/343/1kenc1xn9718.png',0],[347,'巴拉纳竞技','巴拉納體育會','Atletico Paranaense','','images/347/1gxhxt30w91z.png',0],[349,'科林蒂安','哥連泰斯','Corinthians Paulista (SP)','','images/349/1kenbw23b02k.png',0],[350,'科里蒂巴','哥列迪巴','Coritiba PR','','images/350/1gy3wybtj81j.png',0],[352,'克里丘马','基斯奧馬','Criciuma','','images/352/1gy3vnww3y2.png',0],[354,'克鲁塞罗','高士路','Cruzeiro','','images/354/1kenc1xn9nx.png',0],[355,'费古埃伦斯','費古倫斯','Figueirense','','images/355/1km207s9j81s.png',0],[356,'弗拉门戈','法林明高','Flamengo','','images/356/1kenbw8gyq1r.png',0],[360,'戈伊亚斯','戈亞斯','Goias','','images/360/1kenc0wndb2d.png',0],[364,'格雷米奥','甘美奧','Gremio (RS)','','images/364/1kenc158vg5.png',0],[369,'巴西国际','國際體育會','Internacional RS','','images/369/1kenc158v02m.png',0],[453,'圣保罗','聖保羅','Sao Paulo','','images/453/1kenbw23bpc.png',0],[462,'维多利亚','維多利亞','Vitoria BA','','images/462/1kenc22hj62j.png',0],[465,'帕尔梅拉斯','彭美拉斯','Palmeiras','','images/465/1kenbw23vq1p.png',0],[467,'博塔弗戈','保地花高','Botafogo RJ','','images/467/1kkanen7g5z.png',0],[469,'弗鲁米嫩塞','富明尼斯','Fluminense RJ','','images/469/1hxqrprbsp13.png',0],[1979,'巴伊亚','巴希亞','Bahia','','images/1979/1kenc22hj5r.png',0],[4176,'累西腓体育','利斯菲體育會','Sport Club do Recife','','images/4176/1kenc0zfrg21.png',0],[7344,'沙佩科恩斯','查比高恩斯','Chapecoense SC','','images/7344/1ke8cs2c882p.png',0]];
var TotalBs = [[1,354,38,22,0,16,57.9,0,42.1],[2,343,38,18,1,19,47.4,2.6,50],[3,356,38,18,0,20,47.4,0,52.6],[4,369,38,18,0,20,47.4,0,52.6],[5,453,38,18,0,20,47.4,0,52.6],[6,462,38,18,0,20,47.4,0,52.6],[7,469,38,17,0,21,44.7,0,55.3],[8,4176,38,15,2,21,39.5,5.3,55.3],[9,350,38,15,1,22,39.5,2.6,57.9],[10,352,38,14,1,23,36.8,2.6,60.5],[11,347,38,14,0,24,36.8,0,63.2],[12,465,38,14,0,24,36.8,0,63.2],[13,7344,38,13,0,25,34.2,0,65.8],[14,360,38,13,0,25,34.2,0,65.8],[15,355,38,13,0,25,34.2,0,65.8],[16,337,38,13,0,25,34.2,0,65.8],[17,1979,38,12,1,25,31.6,2.6,65.8],[18,349,38,12,0,26,31.6,0,68.4],[19,364,38,10,0,28,26.3,0,73.7],[20,467,38,9,2,27,23.7,5.3,71.1]];
var HomeBs = [[1,354,19,13,0,6,68.4,0,31.6],[2,369,19,11,0,8,57.9,0,42.1],[3,462,19,10,0,9,52.6,0,47.4],[4,469,19,10,0,9,52.6,0,47.4],[5,453,19,9,0,10,47.4,0,52.6],[6,4176,19,8,1,10,42.1,5.3,52.6],[7,360,19,8,0,11,42.1,0,57.9],[8,352,19,8,0,11,42.1,0,57.9],[9,356,19,7,0,12,36.8,0,63.2],[10,355,19,7,0,12,36.8,0,63.2],[11,343,19,7,0,12,36.8,0,63.2],[12,349,19,7,0,12,36.8,0,63.2],[13,364,19,6,0,13,31.6,0,68.4],[14,465,19,6,0,13,31.6,0,68.4],[15,337,19,6,0,13,31.6,0,68.4],[16,467,19,5,1,13,26.3,5.3,68.4],[17,1979,19,5,1,13,26.3,5.3,68.4],[18,350,19,5,1,13,26.3,5.3,68.4],[19,347,19,5,0,14,26.3,0,73.7],[20,7344,19,5,0,14,26.3,0,73.7]];
var GuestBs = [[1,343,19,11,1,7,57.9,5.3,36.8],[2,356,19,11,0,8,57.9,0,42.1],[3,350,19,10,0,9,52.6,0,47.4],[4,347,19,9,0,10,47.4,0,52.6],[5,354,19,9,0,10,47.4,0,52.6],[6,453,19,9,0,10,47.4,0,52.6],[7,465,19,8,0,11,42.1,0,57.9],[8,462,19,8,0,11,42.1,0,57.9],[9,7344,19,8,0,11,42.1,0,57.9],[10,4176,19,7,1,11,36.8,5.3,57.9],[11,469,19,7,0,12,36.8,0,63.2],[12,337,19,7,0,12,36.8,0,63.2],[13,369,19,7,0,12,36.8,0,63.2],[14,1979,19,7,0,12,36.8,0,63.2],[15,352,19,6,1,12,31.6,5.3,63.2],[16,355,19,6,0,13,31.6,0,68.4],[17,349,19,5,0,14,26.3,0,73.7],[18,360,19,5,0,14,26.3,0,73.7],[19,467,19,4,1,14,21.1,5.3,73.7],[20,364,19,4,0,15,21.1,0,78.9]];
var TotalBsHalf = [[1,356,37,22,6,9,59.5,16.2,24.3],[2,350,38,21,5,12,55.3,13.2,31.6],[3,349,38,21,0,17,55.3,0,44.7],[4,360,38,20,1,17,52.6,2.6,44.7],[5,369,37,19,6,12,51.4,16.2,32.4],[6,465,38,18,8,12,47.4,21.1,31.6],[7,355,38,18,8,12,47.4,21.1,31.6],[8,453,37,18,6,13,48.6,16.2,35.1],[9,4176,38,18,2,18,47.4,5.3,47.4],[10,7344,37,17,5,15,45.9,13.5,40.5],[11,469,37,16,8,13,43.2,21.6,35.1],[12,343,37,16,8,13,43.2,21.6,35.1],[13,337,37,16,6,15,43.2,16.2,40.5],[14,467,38,16,7,15,42.1,18.4,39.5],[15,364,38,15,3,20,39.5,7.9,52.6],[16,462,38,14,9,15,36.8,23.7,39.5],[17,1979,37,14,7,16,37.8,18.9,43.2],[18,354,38,13,10,15,34.2,26.3,39.5],[19,347,37,11,10,16,29.7,27,43.2],[20,352,37,11,9,17,29.7,24.3,45.9]];
var HomeBsHalf = [[1,349,19,13,0,6,68.4,0,31.6],[2,355,19,11,4,4,57.9,21.1,21.1],[3,360,19,11,0,8,57.9,0,42.1],[4,369,19,10,4,5,52.6,21.1,26.3],[5,350,19,10,3,6,52.6,15.8,31.6],[6,465,19,10,3,6,52.6,15.8,31.6],[7,469,19,9,3,7,47.4,15.8,36.8],[8,364,19,9,2,8,47.4,10.5,42.1],[9,4176,19,9,1,9,47.4,5.3,47.4],[10,453,19,8,5,6,42.1,26.3,31.6],[11,356,19,8,5,6,42.1,26.3,31.6],[12,467,19,8,4,7,42.1,21.1,36.8],[13,462,19,8,2,9,42.1,10.5,47.4],[14,1979,19,8,2,9,42.1,10.5,47.4],[15,7344,19,8,2,9,42.1,10.5,47.4],[16,337,19,7,3,9,36.8,15.8,47.4],[17,354,19,7,3,9,36.8,15.8,47.4],[18,347,19,5,6,8,26.3,31.6,42.1],[19,352,19,5,6,8,26.3,31.6,42.1],[20,343,19,5,5,9,26.3,26.3,47.4]];
var GuestBsHalf = [[1,356,18,14,1,3,77.8,5.6,16.7],[2,343,18,11,3,4,61.1,16.7,22.2],[3,350,19,11,2,6,57.9,10.5,31.6],[4,453,18,10,1,7,55.6,5.6,38.9],[5,337,18,9,3,6,50,16.7,33.3],[6,7344,18,9,3,6,50,16.7,33.3],[7,369,18,9,2,7,50,11.1,38.9],[8,4176,19,9,1,9,47.4,5.3,47.4],[9,360,19,9,1,9,47.4,5.3,47.4],[10,465,19,8,5,6,42.1,26.3,31.6],[11,467,19,8,3,8,42.1,15.8,42.1],[12,349,19,8,0,11,42.1,0,57.9],[13,469,18,7,5,6,38.9,27.8,33.3],[14,355,19,7,4,8,36.8,21.1,42.1],[15,354,19,6,7,6,31.6,36.8,31.6],[16,462,19,6,7,6,31.6,36.8,31.6],[17,1979,18,6,5,7,33.3,27.8,38.9],[18,347,18,6,4,8,33.3,22.2,44.4],[19,352,18,6,3,9,33.3,16.7,50],[20,364,19,6,1,12,31.6,5.3,63.2]];
var addUp = [296,38.9,8,1.1,456,60,[57.9,354],[73.7,364],[68.4,354],[73.7,347,7344],[57.9,343,356],[78.9,364]];
var addUpHalf = [334,44.5,124,16.5,292,38.9,[59.5,356],[52.6,364],[68.4,349],[47.4,4176,462,1979,7344,337,354,343],[77.8,356],[63.2,364]];
var lastUpdateTime = '2026-04-07 16:54:32';
