var arrLeague = [60,'中国超级联赛','中國超級聯賽','Chinese Super League','2024','#0066FF','league_match/images/166674992094.png','中超','中超','CHA CSL'];
var arrTeam = [[39,'上海申花','上海申花','Shanghai Shenhua','','images/39/1gy3vjsrhn1p.png',0],[40,'山东泰山','山東泰山','Shandong Taishan','','images/40/1gy3vjsrhjq.png',0],[43,'北京国安','北京國安','Beijing Guoan','','images/1jr565tbs5z.png',0],[44,'青岛海牛','青島海牛','Qingdao Manatee','','images/44/1gy3vkgfwg2p.png',0],[89,'天津津门虎','天津津門虎','Tianjin Tigers','','images/89/1gy3vkgfwn2t.png',0],[528,'长春亚泰','長春亞泰','Changchun Yatai','','images/1jr56ftb35z.png',0],[541,'河南队','河南隊','Henan Football Club','','images/541/1j39p5ccv415.png',0],[542,'浙江俱乐部绿城','浙江俱樂部綠城','Zhejiang Professional FC','','images/542/1h8qpaemwc10.png',0],[7642,'上海海港','上海海港','Shanghai Port','','images/7642/1h8n2nv7tw23.png',0],[16967,'沧州雄狮','滄州雄獅','Cangzhou Mighty Lions','','images/16967/1gy3vkgfwb2g.png',0],[21227,'梅州客家','梅州客家','Meizhou Hakka','','images/21227/1j0w7x44xa19.png',0],[26536,'南通支云','南通支雲','Nantong Zhiyun','','images/26536/1j0q19bhzc14.png',0],[37340,'深圳新鹏城','深圳新鵬城','Shenzhen Xinpengcheng','','images/37340/1j0ytnk9yw25.png',0],[40347,'成都蓉城','成都蓉城','Chengdu Rongcheng FC','','images/40347/1gy3vkgfwve.PNG',0],[42492,'武汉三镇','武漢三鎮','Wuhan Three Towns','','images/42492/1hd5at5b6g1y.png',0],[45272,'青岛西海岸','青島西海岸','Qingdao Youth Island','','images/45272/1h1n1m7x0f8.png',0]];
var TotalPanLu = [[1,43,30,23,1,6,19,0,11,8,63.3,0,36.7],[2,7642,30,29,1,0,18,2,10,8,60,6.7,33.3],[3,39,30,27,0,3,16,2,12,4,53.3,6.7,40],[4,45272,30,4,4,22,15,4,11,4,50,13.3,36.7],[5,40347,30,24,1,5,15,1,14,1,50,3.3,46.7],[6,89,30,16,3,11,15,1,14,1,50,3.3,46.7],[7,528,30,8,4,18,14,3,13,1,46.7,10,43.3],[8,541,30,11,4,15,14,2,14,0,46.7,6.7,46.7],[9,16967,30,4,3,23,14,2,14,0,46.7,6.7,46.7],[10,37340,30,7,4,19,13,2,15,-2,43.3,6.7,50],[11,21227,30,6,3,21,13,1,16,-3,43.3,3.3,53.3],[12,44,30,4,5,21,12,5,13,-1,40,16.7,43.3],[13,26536,30,3,5,22,12,2,16,-4,40,6.7,53.3],[14,42492,30,12,2,16,12,1,17,-5,40,3.3,56.7],[15,40,30,22,2,6,12,1,17,-5,40,3.3,56.7],[16,542,30,17,4,9,10,3,17,-7,33.3,10,56.7]];
var HomePanLu = [[1,7642,15,15,0,0,12,0,3,9,80,0,20],[2,43,15,12,1,2,10,0,5,5,66.7,0,33.3],[3,44,15,4,3,8,8,3,4,4,53.3,20,26.7],[4,528,15,8,2,5,8,2,5,3,53.3,13.3,33.3],[5,89,15,10,1,4,8,1,6,2,53.3,6.7,40],[6,16967,15,4,2,9,8,1,6,2,53.3,6.7,40],[7,40347,15,13,0,2,8,1,6,2,53.3,6.7,40],[8,39,15,14,0,1,8,1,6,2,53.3,6.7,40],[9,45272,15,4,3,8,7,3,5,2,46.7,20,33.3],[10,541,15,8,2,5,7,0,8,-1,46.7,0,53.3],[11,40,15,13,0,2,7,0,8,-1,46.7,0,53.3],[12,542,15,11,1,3,6,2,7,-1,40,13.3,46.7],[13,21227,15,6,1,8,6,0,9,-3,40,0,60],[14,26536,15,3,3,9,6,0,9,-3,40,0,60],[15,42492,15,9,1,5,5,0,10,-5,33.3,0,66.7],[16,37340,15,6,3,6,4,2,9,-5,26.7,13.3,60]];
var GuestPanLu = [[1,43,15,11,0,4,9,0,6,3,60,0,40],[2,37340,15,1,1,13,9,0,6,3,60,0,40],[3,39,15,13,0,2,8,1,6,2,53.3,6.7,40],[4,45272,15,0,1,14,8,1,6,2,53.3,6.7,40],[5,541,15,3,2,10,7,2,6,1,46.7,13.3,40],[6,42492,15,3,1,11,7,1,7,0,46.7,6.7,46.7],[7,21227,15,0,2,13,7,1,7,0,46.7,6.7,46.7],[8,40347,15,11,1,3,7,0,8,-1,46.7,0,53.3],[9,89,15,6,2,7,7,0,8,-1,46.7,0,53.3],[10,26536,15,0,2,13,6,2,7,-1,40,13.3,46.7],[11,7642,15,14,1,0,6,2,7,-1,40,13.3,46.7],[12,528,15,0,2,13,6,1,8,-2,40,6.7,53.3],[13,16967,15,0,1,14,6,1,8,-2,40,6.7,53.3],[14,40,15,9,2,4,5,1,9,-4,33.3,6.7,60],[15,44,15,0,2,13,4,2,9,-5,26.7,13.3,60],[16,542,15,6,3,6,4,1,10,-6,26.7,6.7,66.7]];
var TotalHalfPanLu = [[1,44,30,3,7,20,17,2,11,6,56.7,6.7,36.7],[2,40347,30,22,4,4,17,1,12,5,56.7,3.3,40],[3,43,30,21,4,5,16,1,13,3,53.3,3.3,43.3],[4,89,30,12,9,9,15,3,12,3,50,10,40],[5,39,30,27,0,3,15,0,15,0,50,0,50],[6,7642,30,28,2,0,14,3,13,1,46.7,10,43.3],[7,16967,30,2,7,21,14,3,13,1,46.7,10,43.3],[8,45272,30,2,7,21,14,2,14,0,46.7,6.7,46.7],[9,542,30,13,11,6,13,5,12,1,43.3,16.7,40],[10,40,30,20,6,4,13,2,15,-2,43.3,6.7,50],[11,528,30,7,9,14,13,2,15,-2,43.3,6.7,50],[12,26536,30,1,9,20,12,5,13,-1,40,16.7,43.3],[13,21227,30,4,8,18,12,4,14,-2,40,13.3,46.7],[14,42492,30,10,6,14,12,3,15,-3,40,10,50],[15,541,30,10,8,12,11,3,16,-5,36.7,10,53.3],[16,37340,30,5,9,16,10,5,15,-5,33.3,16.7,50]];
var HomeHalfPanLu = [[1,40347,15,12,1,2,11,0,4,7,73.3,0,26.7],[2,44,15,3,5,7,10,2,3,7,66.7,13.3,20],[3,89,15,9,2,4,9,0,6,3,60,0,40],[4,542,15,9,5,1,8,3,4,4,53.3,20,26.7],[5,43,15,11,3,1,8,1,6,2,53.3,6.7,40],[6,40,15,12,1,2,7,1,7,0,46.7,6.7,46.7],[7,528,15,7,3,5,7,0,8,-1,46.7,0,53.3],[8,39,15,14,0,1,7,0,8,-1,46.7,0,53.3],[9,21227,15,4,5,6,6,2,7,-1,40,13.3,46.7],[10,26536,15,1,5,9,5,3,7,-2,33.3,20,46.7],[11,16967,15,2,5,8,5,3,7,-2,33.3,20,46.7],[12,45272,15,2,6,7,5,2,8,-3,33.3,13.3,53.3],[13,7642,15,15,0,0,5,0,10,-5,33.3,0,66.7],[14,42492,15,7,3,5,4,2,9,-5,26.7,13.3,60],[15,541,15,8,3,4,4,0,11,-7,26.7,0,73.3],[16,37340,15,4,6,5,3,3,9,-6,20,20,60]];
var GuestHalfPanLu = [[1,7642,15,13,2,0,9,3,3,6,60,20,20],[2,16967,15,0,2,13,9,0,6,3,60,0,40],[3,45272,15,0,1,14,9,0,6,3,60,0,40],[4,42492,15,3,3,9,8,1,6,2,53.3,6.7,40],[5,43,15,10,1,4,8,0,7,1,53.3,0,46.7],[6,39,15,13,0,2,8,0,7,1,53.3,0,46.7],[7,541,15,2,5,8,7,3,5,2,46.7,20,33.3],[8,26536,15,0,4,11,7,2,6,1,46.7,13.3,40],[9,37340,15,1,3,11,7,2,6,1,46.7,13.3,40],[10,44,15,0,2,13,7,0,8,-1,46.7,0,53.3],[11,89,15,3,7,5,6,3,6,0,40,20,40],[12,528,15,0,6,9,6,2,7,-1,40,13.3,46.7],[13,21227,15,0,3,12,6,2,7,-1,40,13.3,46.7],[14,40,15,8,5,2,6,1,8,-2,40,6.7,53.3],[15,40347,15,10,3,2,6,1,8,-2,40,6.7,53.3],[16,542,15,4,6,5,5,2,8,-3,33.3,13.3,53.3]];
var addUp = [118,49.2,16,6.7,106,44.2,[63.3,43],[56.7,42492,40,542],[80,7642],[66.7,42492],[60,43,37340],[66.7,542],[16.7,44],[0,43]];
var addUpHalf = [104,43.3,22,9.2,114,47.5,[56.7,44,40347],[53.3,541],[73.3,40347],[73.3,541],[60,7642,16967,45272],[53.3,44,40,40347,542],[16.7,542,26536,37340],[0,39]];
var lastUpdateTime = '2025-06-24 12:28:05';
