var arrLeague = [60,'中国超级联赛','中國超級聯賽','Chinese Super League','2024','#0066FF','league_match/images/166674992094.png','中超','中超','CHA CSL'];
var arrTeam = [[39,'上海申花','上海申花','Shanghai Shenhua','','images/39/1gy3vjsrhn1p.png',0],[40,'山东泰山','山東泰山','Shandong Taishan','','images/40/1gy3vjsrhjq.png',0],[43,'北京国安','北京國安','Beijing Guoan','','images/1jr565tbs5z.png',0],[44,'青岛海牛','青島海牛','Qingdao Manatee','','images/44/1gy3vkgfwg2p.png',0],[89,'天津津门虎','天津津門虎','Tianjin Tigers','','images/89/1gy3vkgfwn2t.png',0],[528,'长春亚泰','長春亞泰','Changchun Yatai','','images/1jr56ftb35z.png',0],[541,'河南队','河南隊','Henan Football Club','','images/541/1j39p5ccv415.png',0],[542,'浙江俱乐部绿城','浙江俱樂部綠城','Zhejiang Professional FC','','images/542/1h8qpaemwc10.png',0],[7642,'上海海港','上海海港','Shanghai Port','','images/7642/1h8n2nv7tw23.png',0],[16967,'沧州雄狮','滄州雄獅','Cangzhou Mighty Lions','','images/16967/1gy3vkgfwb2g.png',0],[21227,'梅州客家','梅州客家','Meizhou Hakka','','images/21227/1j0w7x44xa19.png',0],[26536,'南通支云','南通支雲','Nantong Zhiyun','','images/26536/1j0q19bhzc14.png',0],[37340,'深圳新鹏城','深圳新鵬城','Shenzhen Xinpengcheng','','images/37340/1j0ytnk9yw25.png',0],[40347,'成都蓉城','成都蓉城','Chengdu Rongcheng FC','','images/40347/1gy3vkgfwve.PNG',0],[42492,'武汉三镇','武漢三鎮','Wuhan Three Towns','','images/42492/1hd5at5b6g1y.png',0],[45272,'青岛西海岸','青島西海岸','Qingdao Youth Island','','images/45272/1h1n1m7x0f8.png',0]];
var TotalBs = [[1,542,30,22,1,7,73.3,3.3,23.3],[2,7642,30,19,1,10,63.3,3.3,33.3],[3,528,30,19,1,10,63.3,3.3,33.3],[4,43,30,18,1,11,60,3.3,36.7],[5,40347,30,17,2,11,56.7,6.7,36.7],[6,37340,30,17,0,13,56.7,0,43.3],[7,26536,30,16,1,13,53.3,3.3,43.3],[8,89,30,15,3,12,50,10,40],[9,45272,30,15,2,13,50,6.7,43.3],[10,16967,30,15,0,15,50,0,50],[11,39,30,14,3,13,46.7,10,43.3],[12,40,30,14,2,14,46.7,6.7,46.7],[13,21227,30,13,3,14,43.3,10,46.7],[14,42492,30,12,1,17,40,3.3,56.7],[15,44,30,12,0,18,40,0,60],[16,541,30,10,3,17,33.3,10,56.7]];
var HomeBs = [[1,542,15,13,0,2,86.7,0,13.3],[2,7642,15,11,0,4,73.3,0,26.7],[3,43,15,10,1,4,66.7,6.7,26.7],[4,40347,15,10,1,4,66.7,6.7,26.7],[5,37340,15,10,0,5,66.7,0,33.3],[6,528,15,9,0,6,60,0,40],[7,39,15,8,2,5,53.3,13.3,33.3],[8,40,15,7,2,6,46.7,13.3,40],[9,45272,15,7,0,8,46.7,0,53.3],[10,26536,15,6,1,8,40,6.7,53.3],[11,21227,15,6,1,8,40,6.7,53.3],[12,16967,15,6,0,9,40,0,60],[13,44,15,6,0,9,40,0,60],[14,42492,15,6,0,9,40,0,60],[15,89,15,5,2,8,33.3,13.3,53.3],[16,541,15,4,2,9,26.7,13.3,60]];
var GuestBs = [[1,528,15,10,1,4,66.7,6.7,26.7],[2,89,15,10,1,4,66.7,6.7,26.7],[3,26536,15,10,0,5,66.7,0,33.3],[4,542,15,9,1,5,60,6.7,33.3],[5,16967,15,9,0,6,60,0,40],[6,45272,15,8,2,5,53.3,13.3,33.3],[7,7642,15,8,1,6,53.3,6.7,40],[8,43,15,8,0,7,53.3,0,46.7],[9,21227,15,7,2,6,46.7,13.3,40],[10,40347,15,7,1,7,46.7,6.7,46.7],[11,37340,15,7,0,8,46.7,0,53.3],[12,40,15,7,0,8,46.7,0,53.3],[13,39,15,6,1,8,40,6.7,53.3],[14,42492,15,6,1,8,40,6.7,53.3],[15,541,15,6,1,8,40,6.7,53.3],[16,44,15,6,0,9,40,0,60]];
var TotalBsHalf = [[1,7642,30,18,0,12,60,0,40],[2,542,30,17,4,9,56.7,13.3,30],[3,528,30,16,3,11,53.3,10,36.7],[4,40347,30,15,3,12,50,10,40],[5,43,30,14,3,13,46.7,10,43.3],[6,40,30,14,2,14,46.7,6.7,46.7],[7,39,30,14,1,15,46.7,3.3,50],[8,45272,30,12,6,12,40,20,40],[9,26536,30,12,6,12,40,20,40],[10,16967,30,12,4,14,40,13.3,46.7],[11,37340,30,11,4,15,36.7,13.3,50],[12,42492,30,11,4,15,36.7,13.3,50],[13,89,30,10,8,12,33.3,26.7,40],[14,44,30,10,6,14,33.3,20,46.7],[15,21227,30,9,4,17,30,13.3,56.7],[16,541,30,7,6,17,23.3,20,56.7]];
var HomeBsHalf = [[1,542,15,10,2,3,66.7,13.3,20],[2,40347,15,10,1,4,66.7,6.7,26.7],[3,43,15,9,2,4,60,13.3,26.7],[4,40,15,9,0,6,60,0,40],[5,7642,15,9,0,6,60,0,40],[6,39,15,8,0,7,53.3,0,46.7],[7,528,15,7,2,6,46.7,13.3,40],[8,45272,15,6,3,6,40,20,40],[9,37340,15,6,1,8,40,6.7,53.3],[10,16967,15,5,3,7,33.3,20,46.7],[11,44,15,5,3,7,33.3,20,46.7],[12,26536,15,4,5,6,26.7,33.3,40],[13,89,15,4,3,8,26.7,20,53.3],[14,541,15,4,2,9,26.7,13.3,60],[15,42492,15,4,1,10,26.7,6.7,66.7],[16,21227,15,1,4,10,6.7,26.7,66.7]];
var GuestBsHalf = [[1,528,15,9,1,5,60,6.7,33.3],[2,7642,15,9,0,6,60,0,40],[3,26536,15,8,1,6,53.3,6.7,40],[4,21227,15,8,0,7,53.3,0,46.7],[5,42492,15,7,3,5,46.7,20,33.3],[6,542,15,7,2,6,46.7,13.3,40],[7,16967,15,7,1,7,46.7,6.7,46.7],[8,89,15,6,5,4,40,33.3,26.7],[9,45272,15,6,3,6,40,20,40],[10,39,15,6,1,8,40,6.7,53.3],[11,37340,15,5,3,7,33.3,20,46.7],[12,44,15,5,3,7,33.3,20,46.7],[13,40,15,5,2,8,33.3,13.3,53.3],[14,40347,15,5,2,8,33.3,13.3,53.3],[15,43,15,5,1,9,33.3,6.7,60],[16,541,15,3,4,8,20,26.7,53.3]];
var addUp = [248,51.7,24,5,208,43.3,[73.3,542],[60,44],[86.7,542],[60,16967,44,42492,541],[66.7,528,89,26536],[60,44]];
var addUpHalf = [202,42.1,64,13.3,214,44.6,[60,7642],[56.7,21227,541],[66.7,542,40347],[66.7,42492,21227],[60,528,7642],[60,43]];
var lastUpdateTime = '2025-06-24 12:28:05';
