var arrLeague = [15,'南韩K联赛','南韓K聯賽','K League 1','2022','#0542b1','league_match/images/20190423203352.jpg','韩K联','韓K聯','KOR D1'];
var arrTeam = [[477,'城南足球俱乐部','城南FC','Seongnam FC','','images/477/1gxsf6qkxc2j.png',0],[480,'蔚山HD','蔚山HD','Ulsan HD FC','','images/1j1c2yt4wj7.png',0],[481,'浦项制铁','浦項制鐵','Pohang Steelers','','images/481/1h1jgrf3gp0.png',0],[484,'全北现代','全北汽車','Jeonbuk Hyundai Motors','','images/484/1h1jgrf3gr2k.png',0],[488,'大田市民','大田市民','Daejeon Citizen','','images/488/1gxsf6qkda2b.png',0],[491,'大邱FC','大邱FC','Daegu FC','','images/491/1gxsf6qkd41p.png',0],[494,'金泉尚武','金泉尚武','Gimcheon Sangmu FC','','images/494/1grzke26w41a.png',0],[497,'仁川联队','仁川聯','Incheon United','','images/497/1h6swyavg60.png',0],[499,'水原三星','水原三星','Suwon Samsung Bluewings','','images/499/1gxsf6qjy02n.png',0],[741,'FC首尔','FC首爾','FC Seoul','','images/741/1gxsf6qjyq26.png',0],[4075,'济州联队','濟州聯','Jeju United','','images/4075/1gxsf6qjyw29.png',0],[5586,'水原FC','水原FC','Suwon FC','','images/5586/1gxsf6qjy222.png',0],[9945,'江原FC','FC江原','Gangwon FC','','images/9945/1gxsf6qkdd19.png',0],[21249,'FC安养','FC安養','FC Anyang','','images/21249/1ht6evpqx922.png',0]];
var TotalPanLu = [[1,488,2,1,0,1,2,0,0,2,100,0,0],[2,497,38,5,9,24,23,5,10,13,60.5,13.2,26.3],[3,480,38,35,2,1,20,3,15,5,52.6,7.9,39.5],[4,484,38,33,4,1,19,3,16,3,50,7.9,42.1],[5,9945,38,6,10,22,19,2,17,2,50,5.3,44.7],[6,481,38,24,5,9,18,2,18,0,47.4,5.3,47.4],[7,5586,38,8,8,22,17,2,19,-2,44.7,5.3,50],[8,494,40,9,9,22,18,1,21,-3,45,2.5,52.5],[9,491,38,14,12,12,16,6,16,0,42.1,15.8,42.1],[10,4075,38,19,8,11,16,2,20,-4,42.1,5.3,52.6],[11,741,38,19,7,12,16,1,21,-5,42.1,2.6,55.3],[12,499,40,13,11,16,14,7,19,-5,35,17.5,47.5],[13,21249,2,0,1,1,1,1,0,1,50,50,0],[14,477,38,0,6,32,13,5,20,-7,34.2,13.2,52.6]];
var HomePanLu = [[1,497,19,4,6,9,11,3,5,6,57.9,15.8,26.3],[2,481,18,15,1,2,10,0,8,2,55.6,0,44.4],[3,480,19,18,1,0,10,2,7,3,52.6,10.5,36.8],[4,491,19,13,3,3,10,1,8,2,52.6,5.3,42.1],[5,488,1,1,0,0,1,0,0,1,100,0,0],[6,9945,18,5,6,7,9,1,8,1,50,5.6,44.4],[7,5586,20,7,5,8,10,0,10,0,50,0,50],[8,477,19,0,6,13,6,3,10,-4,31.6,15.8,52.6],[9,484,19,18,1,0,6,3,10,-4,31.6,15.8,52.6],[10,4075,19,13,3,3,6,1,12,-6,31.6,5.3,63.2],[11,741,19,15,2,2,6,0,13,-7,31.6,0,68.4],[12,494,20,8,5,7,6,1,13,-7,30,5,65],[13,499,21,11,6,4,6,4,11,-5,28.6,19,52.4],[14,21249,1,0,1,0,0,1,0,0,0,100,0]];
var GuestPanLu = [[1,484,19,15,3,1,13,0,6,7,68.4,0,31.6],[2,497,19,1,3,15,12,2,5,7,63.2,10.5,26.3],[3,494,20,1,4,15,12,0,8,4,60,0,40],[4,480,19,17,1,1,10,1,8,2,52.6,5.3,42.1],[5,741,19,4,5,10,10,1,8,2,52.6,5.3,42.1],[6,4075,19,6,5,8,10,1,8,2,52.6,5.3,42.1],[7,488,1,0,0,1,1,0,0,1,100,0,0],[8,21249,1,0,0,1,1,0,0,1,100,0,0],[9,9945,20,1,4,15,10,1,9,1,50,5,45],[10,499,19,2,5,12,8,3,8,0,42.1,15.8,42.1],[11,481,20,9,4,7,8,2,10,-2,40,10,50],[12,5586,18,1,3,14,7,2,9,-2,38.9,11.1,50],[13,477,19,0,0,19,7,2,10,-3,36.8,10.5,52.6],[14,491,19,1,9,9,6,5,8,-2,31.6,26.3,42.1]];
var TotalHalfPanLu = [[1,477,38,0,15,23,19,7,12,7,50,18.4,31.6],[2,9945,38,1,21,16,18,11,9,9,47.4,28.9,23.7],[3,497,38,2,20,16,17,12,9,8,44.7,31.6,23.7],[4,5586,38,1,22,15,16,11,11,5,42.1,28.9,28.9],[5,494,40,5,25,10,16,8,16,0,40,20,40],[6,481,38,19,16,3,15,6,17,-2,39.5,15.8,44.7],[7,4075,38,11,20,7,14,6,18,-4,36.8,15.8,47.4],[8,488,2,0,1,1,1,1,0,1,50,50,0],[9,491,38,10,20,8,13,12,13,0,34.2,31.6,34.2],[10,484,38,22,15,1,13,6,19,-6,34.2,15.8,50],[11,499,40,6,26,8,13,14,13,0,32.5,35,32.5],[12,741,38,10,19,9,12,10,16,-4,31.6,26.3,42.1],[13,480,38,32,5,1,12,1,25,-13,31.6,2.6,65.8],[14,21249,2,0,1,1,0,1,1,-1,0,50,50]];
var HomeHalfPanLu = [[1,497,19,1,13,5,10,6,3,7,52.6,31.6,15.8],[2,481,18,14,4,0,9,0,9,0,50,0,50],[3,5586,20,1,13,6,9,6,5,4,45,30,25],[4,494,20,5,12,3,8,5,7,1,40,25,35],[5,9945,18,1,14,3,7,7,4,3,38.9,38.9,22.2],[6,4075,19,10,8,1,7,2,10,-3,36.8,10.5,52.6],[7,499,21,6,14,1,7,7,7,0,33.3,33.3,33.3],[8,477,19,0,13,6,6,6,7,-1,31.6,31.6,36.8],[9,491,19,10,8,1,6,4,9,-3,31.6,21.1,47.4],[10,741,19,10,8,1,5,6,8,-3,26.3,31.6,42.1],[11,484,19,16,3,0,5,2,12,-7,26.3,10.5,63.2],[12,480,19,18,1,0,5,0,14,-9,26.3,0,73.7],[13,488,1,0,1,0,0,1,0,0,0,100,0],[14,21249,1,0,1,0,0,1,0,0,0,100,0]];
var GuestHalfPanLu = [[1,477,19,0,2,17,13,1,5,8,68.4,5.3,26.3],[2,9945,20,0,7,13,11,4,5,6,55,20,25],[3,488,1,0,0,1,1,0,0,1,100,0,0],[4,484,19,6,12,1,8,4,7,1,42.1,21.1,36.8],[5,494,20,0,13,7,8,3,9,-1,40,15,45],[6,5586,18,0,9,9,7,5,6,1,38.9,27.8,33.3],[7,491,19,0,12,7,7,8,4,3,36.8,42.1,21.1],[8,497,19,1,7,11,7,6,6,1,36.8,31.6,31.6],[9,741,19,0,11,8,7,4,8,-1,36.8,21.1,42.1],[10,4075,19,1,12,6,7,4,8,-1,36.8,21.1,42.1],[11,480,19,14,4,1,7,1,11,-4,36.8,5.3,57.9],[12,499,19,0,12,7,6,7,6,0,31.6,36.8,31.6],[13,481,20,5,12,3,6,6,8,-2,30,30,40],[14,21249,1,0,0,1,0,0,1,-1,0,0,100]];
var addUp = [97,41.8,20,8.6,115,49.6,[100,488],[55.3,741],[100,488],[68.4,741],[100,488,21249],[52.6,477],[50,21249],[0,488]];
var addUpHalf = [84,36.2,53,22.8,95,40.9,[50,477,488],[65.8,480],[52.6,497],[73.7,480],[100,488],[100,21249],[50,488,21249],[2.6,480]];
var lastUpdateTime = '2025-01-18 11:49:40';
