var arrLeague = [15,'南韩K联赛','南韓K聯賽','K League 1','2022','#0542b1','league_match/images/20190423203352.jpg','韩K联','韓K聯','KOR D1'];
var arrTeam = [[477,'城南足球俱乐部','城南FC','Seongnam FC','','images/477/1gxsf6qkxc2j.png',0],[480,'蔚山HD','蔚山HD','Ulsan HD FC','','images/1j1c2yt4wj7.png',0],[481,'浦项制铁','浦項制鐵','Pohang Steelers','','images/481/1h1jgrf3gp0.png',0],[484,'全北现代','全北汽車','Jeonbuk Hyundai Motors','','images/484/1h1jgrf3gr2k.png',0],[488,'大田市民','大田市民','Daejeon Citizen','','images/488/1gxsf6qkda2b.png',0],[491,'大邱FC','大邱FC','Daegu FC','','images/491/1gxsf6qkd41p.png',0],[494,'金泉尚武','金泉尚武','Gimcheon Sangmu FC','','images/494/1grzke26w41a.png',0],[497,'仁川联队','仁川聯','Incheon United','','images/497/1h6swyavg60.png',0],[499,'水原三星','水原三星','Suwon Samsung Bluewings','','images/499/1gxsf6qjy02n.png',0],[741,'FC首尔','FC首爾','FC Seoul','','images/741/1gxsf6qjyq26.png',0],[4075,'济州联队','濟州聯','Jeju United','','images/4075/1gxsf6qjyw29.png',0],[5586,'水原FC','水原FC','Suwon FC','','images/5586/1gxsf6qjy222.png',0],[9945,'江原FC','FC江原','Gangwon FC','','images/9945/1gxsf6qkdd19.png',0],[21249,'FC安养','FC安養','FC Anyang','','images/21249/1ht6evpqx922.png',0]];
var TotalBs = [[1,4075,38,24,0,14,63.2,0,36.8],[2,5586,38,24,0,14,63.2,0,36.8],[3,491,38,21,0,17,55.3,0,44.7],[4,9945,38,20,0,18,52.6,0,47.4],[5,480,38,19,1,18,50,2.6,47.4],[6,494,40,19,2,19,47.5,5,47.5],[7,477,38,18,0,20,47.4,0,52.6],[8,499,40,18,1,21,45,2.5,52.5],[9,484,38,17,1,20,44.7,2.6,52.6],[10,497,38,15,2,21,39.5,5.3,55.3],[11,741,38,15,0,23,39.5,0,60.5],[12,481,38,14,1,23,36.8,2.6,60.5],[13,488,2,2,0,0,100,0,0],[14,21249,2,0,0,2,0,0,100]];
var HomeBs = [[1,5586,20,16,0,4,80,0,20],[2,4075,19,12,0,7,63.2,0,36.8],[3,480,19,12,0,7,63.2,0,36.8],[4,477,19,11,0,8,57.9,0,42.1],[5,491,19,10,0,9,52.6,0,47.4],[6,494,20,9,1,10,45,5,50],[7,741,19,9,0,10,47.4,0,52.6],[8,9945,18,8,0,10,44.4,0,55.6],[9,499,21,8,0,13,38.1,0,61.9],[10,497,19,6,1,12,31.6,5.3,63.2],[11,484,19,6,1,12,31.6,5.3,63.2],[12,481,18,5,1,12,27.8,5.6,66.7],[13,488,1,1,0,0,100,0,0],[14,21249,1,0,0,1,0,0,100]];
var GuestBs = [[1,4075,19,12,0,7,63.2,0,36.8],[2,9945,20,12,0,8,60,0,40],[3,484,19,11,0,8,57.9,0,42.1],[4,491,19,11,0,8,57.9,0,42.1],[5,499,19,10,1,8,52.6,5.3,42.1],[6,494,20,10,1,9,50,5,45],[7,497,19,9,1,9,47.4,5.3,47.4],[8,481,20,9,0,11,45,0,55],[9,5586,18,8,0,10,44.4,0,55.6],[10,480,19,7,1,11,36.8,5.3,57.9],[11,477,19,7,0,12,36.8,0,63.2],[12,741,19,6,0,13,31.6,0,68.4],[13,488,1,1,0,0,100,0,0],[14,21249,1,0,0,1,0,0,100]];
var TotalBsHalf = [[1,494,40,21,10,9,52.5,25,22.5],[2,5586,38,19,8,11,50,21.1,28.9],[3,491,38,17,8,13,44.7,21.1,34.2],[4,499,40,15,9,16,37.5,22.5,40],[5,4075,38,13,13,12,34.2,34.2,31.6],[6,9945,38,13,9,16,34.2,23.7,42.1],[7,481,38,12,13,13,31.6,34.2,34.2],[8,477,38,12,11,15,31.6,28.9,39.5],[9,497,38,12,9,17,31.6,23.7,44.7],[10,480,38,9,14,15,23.7,36.8,39.5],[11,484,38,9,13,16,23.7,34.2,42.1],[12,741,38,9,13,16,23.7,34.2,42.1],[13,488,2,1,1,0,50,50,0],[14,21249,2,0,1,1,0,50,50]];
var HomeBsHalf = [[1,5586,20,12,5,3,60,25,15],[2,491,19,11,2,6,57.9,10.5,31.6],[3,494,20,8,7,5,40,35,25],[4,481,18,7,7,4,38.9,38.9,22.2],[5,9945,18,7,3,8,38.9,16.7,44.4],[6,477,19,6,5,8,31.6,26.3,42.1],[7,741,19,6,4,9,31.6,21.1,47.4],[8,4075,19,5,9,5,26.3,47.4,26.3],[9,480,19,5,6,8,26.3,31.6,42.1],[10,497,19,5,5,9,26.3,26.3,47.4],[11,499,21,5,7,9,23.8,33.3,42.9],[12,484,19,3,6,10,15.8,31.6,52.6],[13,488,1,1,0,0,100,0,0],[14,21249,1,0,0,1,0,0,100]];
var GuestBsHalf = [[1,494,20,13,3,4,65,15,20],[2,499,19,10,2,7,52.6,10.5,36.8],[3,4075,19,8,4,7,42.1,21.1,36.8],[4,5586,18,7,3,8,38.9,16.7,44.4],[5,497,19,7,4,8,36.8,21.1,42.1],[6,484,19,6,7,6,31.6,36.8,31.6],[7,491,19,6,6,7,31.6,31.6,36.8],[8,477,19,6,6,7,31.6,31.6,36.8],[9,9945,20,6,6,8,30,30,40],[10,481,20,5,6,9,25,30,45],[11,480,19,4,8,7,21.1,42.1,36.8],[12,741,19,3,9,7,15.8,47.4,36.8],[13,488,1,0,1,0,0,100,0],[14,21249,1,0,1,0,0,100,0]];
var addUp = [226,48.7,8,1.7,230,49.6,[100,488],[100,21249],[100,488],[100,21249],[100,488],[100,21249]];
var addUpHalf = [162,34.9,132,28.4,170,36.6,[52.5,494],[50,21249],[100,488],[100,21249],[65,494],[45,481]];
var lastUpdateTime = '2025-01-18 11:49:49';
