var arrLeague = [10,'俄罗斯超级联赛','俄羅斯超級聯賽','Russia Premier League','2025-2026','#006699','league_match/images/20200411092415.jpg','俄超','俄超','RUS PR'];
var arrTeam = [[300,'苏维埃之翼','蘇維杜夫','Krylya Sovetov','','images/300/1kjvac98he6.png',0],[395,'圣彼得堡泽尼特','聖彼德斯堡','Zenit St. Petersburg','','images/395/1hnyhx549p2m.png',0],[402,'伏尔加格勒','洛特伏爾加格勒','Rotor Volgograd','','images/402/1gqk9g9b5m17.png',0],[407,'莫斯科中央陆军','莫斯科中央陸軍','CSKA Moscow','','images/407/1gtqm0cjh91x.png',0],[411,'莫斯科斯巴达','莫斯科斯巴達','Spartak Moscow','','images/165095544593.png',0],[416,'莫斯科迪纳摩','莫斯科戴拿模','Dynamo Moscow','','images/416/1gtqm0cjhm20.png',0],[420,'莫斯科火车头','莫斯科火車頭','Lokomotiv Moscow','','images/165095543060.png',0],[429,'罗斯托夫','羅斯杜夫','Rostov FK','','images/165095539431.png',0],[441,'喀山红宝石','卡山魯賓','Rubin Kazan','','images/441/1gq15ejwg51f.png',0],[605,'格罗兹尼特里克','塔利克','Terek Grozny','','images/605/1khfjmkkn81q.png',0],[2450,'乌拉尔','烏拉爾','Ural Sverdlovsk Oblast','','images/165095556739.png',0],[2451,'索契','索契','FK Sochi','','images/2451/1gtqm0cjh82.png',0],[4091,'巴蒂卡','巴提卡','Baltika Kaliningrad','','images/4091/1h6mra2akh1j.png',0],[5755,'奥伦堡加索维克','奧倫堡','Gazovik Orenburg','','images/5755/1k0n8370bw1h.png',0],[10112,'克拉斯诺达尔','克拉斯諾達爾','FC Krasnodar','','images/10112/1gtqm0cjha2q.png',0],[25289,'下诺夫哥罗德','下諾夫哥羅德','FK Nizhny Novgorod','','images/25289/1gvvp55xq5j.png',0],[44196,'马哈奇卡拉','馬哈奇卡拉','FK Makhachkala','','images/44196/1gqhh4j1a77.png',0],[44198,'阿克伦陶里亚蒂','阿克倫托格里蒂','Akron Togliatti','','images/44198/1kgrc2ebfxe.png',0]];
var TotalBs = [[1,2451,30,17,2,11,56.7,6.7,36.7],[2,10112,30,16,2,12,53.3,6.7,40],[3,411,30,16,2,12,53.3,6.7,40],[4,416,30,16,1,13,53.3,3.3,43.3],[5,420,30,16,0,14,53.3,0,46.7],[6,25289,30,15,3,12,50,10,40],[7,300,30,14,2,14,46.7,6.7,46.7],[8,407,30,14,0,16,46.7,0,53.3],[9,5755,30,13,0,17,43.3,0,56.7],[10,44198,32,13,1,18,40.6,3.1,56.2],[11,605,30,12,3,15,40,10,50],[12,441,30,11,1,18,36.7,3.3,60],[13,395,30,11,1,18,36.7,3.3,60],[14,4091,30,8,5,17,26.7,16.7,56.7],[15,44196,32,7,7,18,21.9,21.9,56.2],[16,429,30,7,3,20,23.3,10,66.7],[17,2450,2,0,1,1,0,50,50],[18,402,2,0,0,2,0,0,100]];
var HomeBs = [[1,10112,15,10,1,4,66.7,6.7,26.7],[2,416,15,9,1,5,60,6.7,33.3],[3,2451,15,9,0,6,60,0,40],[4,411,15,8,2,5,53.3,13.3,33.3],[5,25289,15,8,1,6,53.3,6.7,40],[6,407,15,8,0,7,53.3,0,46.7],[7,420,15,8,0,7,53.3,0,46.7],[8,44198,16,7,0,9,43.8,0,56.2],[9,5755,15,6,0,9,40,0,60],[10,441,15,6,0,9,40,0,60],[11,605,15,5,2,8,33.3,13.3,53.3],[12,300,15,5,1,9,33.3,6.7,60],[13,395,15,5,1,9,33.3,6.7,60],[14,4091,15,4,3,8,26.7,20,53.3],[15,44196,16,3,2,11,18.8,12.5,68.8],[16,429,15,2,3,10,13.3,20,66.7],[17,402,1,0,0,1,0,0,100],[18,2450,1,0,0,1,0,0,100]];
var GuestBs = [[1,300,15,9,1,5,60,6.7,33.3],[2,2451,15,8,2,5,53.3,13.3,33.3],[3,411,15,8,0,7,53.3,0,46.7],[4,420,15,8,0,7,53.3,0,46.7],[5,25289,15,7,2,6,46.7,13.3,40],[6,605,15,7,1,7,46.7,6.7,46.7],[7,416,15,7,0,8,46.7,0,53.3],[8,5755,15,7,0,8,46.7,0,53.3],[9,10112,15,6,1,8,40,6.7,53.3],[10,44198,16,6,1,9,37.5,6.2,56.2],[11,395,15,6,0,9,40,0,60],[12,407,15,6,0,9,40,0,60],[13,441,15,5,1,9,33.3,6.7,60],[14,429,15,5,0,10,33.3,0,66.7],[15,44196,16,4,5,7,25,31.2,43.8],[16,4091,15,4,2,9,26.7,13.3,60],[17,2450,1,0,1,0,0,100,0],[18,402,1,0,0,1,0,0,100]];
var TotalBsHalf = [[1,44196,32,20,3,9,62.5,9.4,28.1],[2,44198,32,15,7,10,46.9,21.9,31.2],[3,411,30,12,11,7,40,36.7,23.3],[4,605,30,12,11,7,40,36.7,23.3],[5,300,30,12,10,8,40,33.3,26.7],[6,10112,30,12,8,10,40,26.7,33.3],[7,416,30,12,6,12,40,20,40],[8,407,30,11,9,10,36.7,30,33.3],[9,4091,30,11,7,12,36.7,23.3,40],[10,25289,30,10,8,12,33.3,26.7,40],[11,395,30,10,7,13,33.3,23.3,43.3],[12,420,30,10,6,14,33.3,20,46.7],[13,2451,30,9,10,11,30,33.3,36.7],[14,429,30,9,9,12,30,30,40],[15,5755,30,9,7,14,30,23.3,46.7],[16,441,30,7,11,12,23.3,36.7,40],[17,2450,2,2,0,0,100,0,0],[18,402,2,1,0,1,50,0,50]];
var HomeBsHalf = [[1,44196,16,9,1,6,56.2,6.2,37.5],[2,407,15,8,2,5,53.3,13.3,33.3],[3,10112,15,7,3,5,46.7,20,33.3],[4,416,15,7,2,6,46.7,13.3,40],[5,420,15,7,1,7,46.7,6.7,46.7],[6,411,15,6,6,3,40,40,20],[7,300,15,6,4,5,40,26.7,33.3],[8,25289,15,6,4,5,40,26.7,33.3],[9,4091,15,6,4,5,40,26.7,33.3],[10,44198,16,6,5,5,37.5,31.2,31.2],[11,395,15,5,3,7,33.3,20,46.7],[12,2451,15,4,8,3,26.7,53.3,20],[13,429,15,4,5,6,26.7,33.3,40],[14,5755,15,4,4,7,26.7,26.7,46.7],[15,441,15,3,5,7,20,33.3,46.7],[16,605,15,2,8,5,13.3,53.3,33.3],[17,402,1,1,0,0,100,0,0],[18,2450,1,1,0,0,100,0,0]];
var GuestBsHalf = [[1,44196,16,11,2,3,68.8,12.5,18.8],[2,605,15,10,3,2,66.7,20,13.3],[3,44198,16,9,2,5,56.2,12.5,31.2],[4,300,15,6,6,3,40,40,20],[5,411,15,6,5,4,40,33.3,26.7],[6,10112,15,5,5,5,33.3,33.3,33.3],[7,416,15,5,4,6,33.3,26.7,40],[8,395,15,5,4,6,33.3,26.7,40],[9,429,15,5,4,6,33.3,26.7,40],[10,4091,15,5,3,7,33.3,20,46.7],[11,5755,15,5,3,7,33.3,20,46.7],[12,2451,15,5,2,8,33.3,13.3,53.3],[13,441,15,4,6,5,26.7,40,33.3],[14,25289,15,4,4,7,26.7,26.7,46.7],[15,407,15,3,7,5,20,46.7,33.3],[16,420,15,3,5,7,20,33.3,46.7],[17,2450,1,1,0,0,100,0,0],[18,402,1,0,0,1,0,0,100]];
var addUp = [206,42.2,34,7,248,50.8,[56.7,2451],[100,402],[66.7,10112],[100,402,2450],[60,300],[100,402]];
var addUpHalf = [184,37.7,130,26.6,174,35.7,[100,2450],[50,402],[100,402,2450],[46.7,420,395,5755,441],[100,2450],[100,402]];
var lastUpdateTime = '2026-05-25 05:30:14';
