var arrLeague = [273,'澳洲甲组联赛','澳洲甲組聯賽','Australia A-League','2016-2017','#FF7000','league_match/images/167305577951.png','澳洲甲','澳洲甲','AUS D1'];
var arrTeam = [[2900,'阿德莱德联','阿德萊德聯','Adelaide United','','images/2900/1hd5avvjts1y.png',0],[2901,'墨尔本胜利','墨爾本勝利','Melbourne Victory','','images/2901/1jaekt97145.png',0],[2909,'悉尼FC','悉尼FC','Sydney FC','','images/2909/1gq92j83knp.png',0],[2910,'中央海岸水手','中岸水手','Central Coast Mariners','','images/2910/1hd5avvjt32h.png',0],[2913,'珀斯光荣','珀斯光輝','Perth Glory','','images/2913/1h5bja71yq6.png',0],[2914,'布里斯班狮吼','布里斯本獅吼','Brisbane Roar','','images/2914/1j63q4e1gy18.png',0],[2915,'纽卡斯尔喷气机','紐卡素噴射機','Newcastle Jets','','images/2915/1hdajpw3vks.png',0],[5953,'惠灵顿凤凰','威靈頓鳳凰','Wellington Phoenix','','images/5953/1h6z210pqs2n.png',0],[14549,'墨尔本城','墨爾本城','Melbourne City','','images/14549/1gq92j83kv7.png',0],[20394,'西悉尼流浪者','西悉尼流浪者','Western Sydney','','images/20130923112441.png',0]];
var TotalPanLu = [[1,2909,29,25,3,1,19,1,9,10,65.5,3.4,31],[2,2901,29,18,2,9,17,0,12,5,58.6,0,41.4],[3,2914,29,17,2,10,16,2,11,5,55.2,6.9,37.9],[4,2910,27,1,2,24,15,1,11,4,55.6,3.7,40.7],[5,2913,29,12,3,14,15,3,11,4,51.7,10.3,37.9],[6,20394,28,15,1,12,13,0,15,-2,46.4,0,53.6],[7,5953,27,5,3,19,11,3,13,-2,40.7,11.1,48.1],[8,2900,27,11,2,14,10,2,15,-5,37,7.4,55.6],[9,2915,27,4,1,22,9,0,18,-9,33.3,0,66.7],[10,14549,28,21,3,4,8,2,18,-10,28.6,7.1,64.3]];
var HomePanLu = [[1,2909,15,15,0,0,10,0,5,5,66.7,0,33.3],[2,2901,15,13,2,0,9,0,6,3,60,0,40],[3,2913,14,10,1,3,8,1,5,3,57.1,7.1,35.7],[4,2914,14,11,1,2,8,1,5,3,57.1,7.1,35.7],[5,2910,13,1,2,10,6,0,7,-1,46.2,0,53.8],[6,5953,14,5,2,7,6,2,6,0,42.9,14.3,42.9],[7,2915,13,4,0,9,5,0,8,-3,38.5,0,61.5],[8,2900,14,8,1,5,5,1,8,-3,35.7,7.1,57.1],[9,20394,14,11,1,2,5,0,9,-4,35.7,0,64.3],[10,14549,14,13,1,0,3,2,9,-6,21.4,14.3,64.3]];
var GuestPanLu = [[1,2909,14,10,3,1,9,1,4,5,64.3,7.1,28.6],[2,2910,14,0,0,14,9,1,4,5,64.3,7.1,28.6],[3,2901,14,5,0,9,8,0,6,2,57.1,0,42.9],[4,20394,14,4,0,10,8,0,6,2,57.1,0,42.9],[5,2914,15,6,1,8,8,1,6,2,53.3,6.7,40],[6,2913,15,2,2,11,7,2,6,1,46.7,13.3,40],[7,2900,13,3,1,9,5,1,7,-2,38.5,7.7,53.8],[8,5953,13,0,1,12,5,1,7,-2,38.5,7.7,53.8],[9,14549,14,8,2,4,5,0,9,-4,35.7,0,64.3],[10,2915,14,0,1,13,4,0,10,-6,28.6,0,71.4]];
var TotalHalfPanLu = [[1,5953,27,3,12,12,14,4,9,5,51.9,14.8,33.3],[2,14549,28,15,11,2,14,6,8,6,50,21.4,28.6],[3,2915,27,2,9,16,13,1,13,0,48.1,3.7,48.1],[4,20394,28,8,12,8,13,5,10,3,46.4,17.9,35.7],[5,2901,29,16,9,4,13,6,10,3,44.8,20.7,34.5],[6,2913,29,7,10,12,12,4,13,-1,41.4,13.8,44.8],[7,2900,27,8,7,12,11,4,12,-1,40.7,14.8,44.4],[8,2914,29,10,15,4,10,7,12,-2,34.5,24.1,41.4],[9,2909,29,24,5,0,10,5,14,-4,34.5,17.2,48.3],[10,2910,27,0,4,23,8,2,17,-9,29.6,7.4,63]];
var HomeHalfPanLu = [[1,2915,13,2,6,5,9,0,4,5,69.2,0,30.8],[2,5953,14,3,9,2,8,2,4,4,57.1,14.3,28.6],[3,14549,14,11,3,0,7,2,5,2,50,14.3,35.7],[4,2900,14,6,4,4,6,3,5,1,42.9,21.4,35.7],[5,2913,14,6,5,3,6,2,6,0,42.9,14.3,42.9],[6,2901,15,12,3,0,6,2,7,-1,40,13.3,46.7],[7,2909,15,15,0,0,6,0,9,-3,40,0,60],[8,20394,14,7,6,1,5,4,5,0,35.7,28.6,35.7],[9,2910,13,0,4,9,4,2,7,-3,30.8,15.4,53.8],[10,2914,14,7,7,0,3,5,6,-3,21.4,35.7,42.9]];
var GuestHalfPanLu = [[1,20394,14,1,6,7,8,1,5,3,57.1,7.1,35.7],[2,2901,14,4,6,4,7,4,3,4,50,28.6,21.4],[3,14549,14,4,8,2,7,4,3,4,50,28.6,21.4],[4,2914,15,3,8,4,7,2,6,1,46.7,13.3,40],[5,5953,13,0,3,10,6,2,5,1,46.2,15.4,38.5],[6,2913,15,1,5,9,6,2,7,-1,40,13.3,46.7],[7,2900,13,2,3,8,5,1,7,-2,38.5,7.7,53.8],[8,2909,14,9,5,0,4,5,5,-1,28.6,35.7,35.7],[9,2915,14,0,3,11,4,1,9,-5,28.6,7.1,64.3],[10,2910,14,0,0,14,4,0,10,-6,28.6,0,71.4]];
var addUp = [65,46.4,7,5,68,48.6,[65.5,2909],[66.7,2915],[66.7,2909],[64.3,20394,14549],[64.3,2909,2910],[71.4,2915],[11.1,5953],[0,2901,20394,2915]];
var addUpHalf = [60,42.9,22,15.7,58,41.4,[51.9,5953],[63,2910],[69.2,2915],[60,2909],[57.1,20394],[71.4,2910],[24.1,2914],[3.7,2915]];
var lastUpdateTime = '2025-01-19 14:53:04';
