var arrLeague = [273,'澳洲甲组联赛','澳洲甲組聯賽','Australia A-League','2016-2017','#FF7000','league_match/images/167305577951.png','澳洲甲','澳洲甲','AUS D1'];
var arrTeam = [[2900,'阿德莱德联','阿德萊德聯','Adelaide United','','images/2900/1hd5avvjts1y.png',0],[2901,'墨尔本胜利','墨爾本勝利','Melbourne Victory','','images/2901/1jaekt97145.png',0],[2909,'悉尼FC','悉尼FC','Sydney FC','','images/2909/1gq92j83knp.png',0],[2910,'中央海岸水手','中岸水手','Central Coast Mariners','','images/2910/1hd5avvjt32h.png',0],[2913,'珀斯光荣','珀斯光輝','Perth Glory','','images/2913/1h5bja71yq6.png',0],[2914,'布里斯班狮吼','布里斯本獅吼','Brisbane Roar','','images/2914/1j63q4e1gy18.png',0],[2915,'纽卡斯尔喷气机','紐卡素噴射機','Newcastle Jets','','images/2915/1hdajpw3vks.png',0],[5953,'惠灵顿凤凰','威靈頓鳳凰','Wellington Phoenix','','images/5953/1h6z210pqs2n.png',0],[14549,'墨尔本城','墨爾本城','Melbourne City','','images/14549/1gq92j83kv7.png',0],[20394,'西悉尼流浪者','西悉尼流浪者','Western Sydney','','images/20130923112441.png',0]];
var TotalBs = [[1,2913,29,15,5,9,51.7,17.2,31],[2,14549,28,14,5,9,50,17.9,32.1],[3,5953,27,12,5,10,44.4,18.5,37],[4,20394,28,12,2,14,42.9,7.1,50],[5,2914,29,12,3,14,41.4,10.3,48.3],[6,2915,27,11,4,12,40.7,14.8,44.4],[7,2900,27,11,4,12,40.7,14.8,44.4],[8,2910,27,11,1,15,40.7,3.7,55.6],[9,2901,29,10,7,12,34.5,24.1,41.4],[10,2909,29,10,2,17,34.5,6.9,58.6]];
var HomeBs = [[1,2913,14,8,4,2,57.1,28.6,14.3],[2,2901,15,7,4,4,46.7,26.7,26.7],[3,2900,14,7,1,6,50,7.1,42.9],[4,14549,14,6,3,5,42.9,21.4,35.7],[5,2910,13,6,1,6,46.2,7.7,46.2],[6,5953,14,6,1,7,42.9,7.1,50],[7,2915,13,5,2,6,38.5,15.4,46.2],[8,2914,14,5,2,7,35.7,14.3,50],[9,20394,14,5,0,9,35.7,0,64.3],[10,2909,15,4,1,10,26.7,6.7,66.7]];
var GuestBs = [[1,14549,14,8,2,4,57.1,14.3,28.6],[2,20394,14,7,2,5,50,14.3,35.7],[3,2914,15,7,1,7,46.7,6.7,46.7],[4,2913,15,7,1,7,46.7,6.7,46.7],[5,5953,13,6,4,3,46.2,30.8,23.1],[6,2915,14,6,2,6,42.9,14.3,42.9],[7,2909,14,6,1,7,42.9,7.1,50],[8,2910,14,5,0,9,35.7,0,64.3],[9,2900,13,4,3,6,30.8,23.1,46.2],[10,2901,14,3,3,8,21.4,21.4,57.1]];
var TotalBsHalf = [[1,2913,27,19,0,8,70.4,0,29.6],[2,14549,28,14,1,13,50,3.6,46.4],[3,2915,25,11,1,13,44,4,52],[4,5953,26,11,1,14,42.3,3.8,53.8],[5,2900,27,9,3,15,33.3,11.1,55.6],[6,2909,29,9,4,16,31,13.8,55.2],[7,2901,28,9,0,19,32.1,0,67.9],[8,2914,28,8,2,18,28.6,7.1,64.3],[9,20394,26,7,3,16,26.9,11.5,61.5],[10,2910,26,5,0,21,19.2,0,80.8]];
var HomeBsHalf = [[1,2913,14,10,0,4,71.4,0,28.6],[2,14549,14,8,0,6,57.1,0,42.9],[3,2901,15,8,0,7,53.3,0,46.7],[4,2900,14,6,2,6,42.9,14.3,42.9],[5,2914,14,5,1,8,35.7,7.1,57.1],[6,5953,14,4,1,9,28.6,7.1,64.3],[7,2909,15,4,2,9,26.7,13.3,60],[8,2915,13,3,1,9,23.1,7.7,69.2],[9,20394,14,3,1,10,21.4,7.1,71.4],[10,2910,13,2,0,11,15.4,0,84.6]];
var GuestBsHalf = [[1,2913,13,9,0,4,69.2,0,30.8],[2,2915,12,8,0,4,66.7,0,33.3],[3,5953,12,7,0,5,58.3,0,41.7],[4,14549,14,6,1,7,42.9,7.1,50],[5,2909,14,5,2,7,35.7,14.3,50],[6,20394,12,4,2,6,33.3,16.7,50],[7,2900,13,3,1,9,23.1,7.7,69.2],[8,2910,13,3,0,10,23.1,0,76.9],[9,2914,14,3,1,10,21.4,7.1,71.4],[10,2901,13,1,0,12,7.7,0,92.3]];
var addUp = [118,42.1,38,13.6,124,44.3,[51.7,2913],[58.6,2909],[57.1,2913],[66.7,2909],[57.1,14549],[64.3,2910]];
var addUpHalf = [102,37.8,15,5.6,153,56.7,[70.4,2913],[80.8,2910],[71.4,2913],[84.6,2910],[69.2,2913],[92.3,2901]];
var lastUpdateTime = '2025-01-19 14:53:17';
