var arrLeague = [22,'挪威超级联赛','挪威超級聯賽','Norway Eliteserien','2016','#666666','league_match/images/20200420075346.jpg','挪超','挪超','NOR D1'];
var arrTeam = [[472,'博德闪耀','波杜基林特','Bodo Glimt','','images/472/1kjxw3jrj728.png',0],[475,'斯塔贝克','史達比克','Stabaek','','images/475/1gq6j9e9y51x.png',0],[479,'奥德','奧特足球會','Odds Ballklubb','','images/479/1jjx4n5qy3b.png',0],[485,'瓦勒伦加','華拿倫加','Valerenga','','images/485/1gxmbkap742v.png',0],[495,'维京','維京','Viking','','images/495/1km206hznr1r.png',0],[498,'布兰','白蘭恩','Brann','','images/498/1kenbmf765v.png',0],[505,'莫尔德','莫迪','Molde','','images/505/1gxmbm1nc618.png',0],[507,'罗森博格','洛辛堡','Rosenborg BK','','images/507/1gxmbm1ncb32.png',0],[509,'利勒斯特罗姆','利尼史特朗','Lillestrom','','images/509/1gxmbm1nc124.png',0],[512,'松达尔','桑恩達','Sogndal','','images/512/1grmmxhterh.png',0],[514,'特罗姆瑟','特羅素','Tromso IL','','images/514/1gxmbm1ncd32.png',0],[1280,'奥勒松','阿利辛特','Aalesund FK','','images/1280/1km206j04qg.png',0],[1284,'斯达','史達','Start Kristiansand','','images/1284/1gxmbp25v21r.png',0],[1285,'斯托姆加斯特','史卓加斯特','Stromsgodset','','images/1285/1gxmbm1ncn10.png',0],[2255,'萨普斯堡','薩普斯堡','Sarpsborg 08','','images/2255/1kk5pbdfmw1q.png',0],[2822,'海于格松','侯格辛特','Haugesund','','images/2822/1knjwpjf8b2q.png',0]];
var TotalPanLu = [[1,498,30,14,3,13,19,2,9,10,63.3,6.7,30],[2,507,30,29,1,0,17,0,13,4,56.7,0,43.3],[3,1280,30,8,3,19,16,2,12,4,53.3,6.7,40],[4,2255,30,12,2,16,16,2,12,4,53.3,6.7,40],[5,2822,30,12,2,16,16,1,13,3,53.3,3.3,43.3],[6,495,30,14,4,12,15,0,15,0,50,0,50],[7,479,30,24,2,4,15,0,15,0,50,0,50],[8,472,30,8,5,17,14,2,14,0,46.7,6.7,46.7],[9,509,30,12,1,17,14,1,15,-1,46.7,3.3,50],[10,475,30,10,3,17,14,0,16,-2,46.7,0,53.3],[11,514,30,10,3,17,14,0,16,-2,46.7,0,53.3],[12,1284,30,1,4,25,13,3,14,-1,43.3,10,46.7],[13,512,30,11,1,18,13,2,15,-2,43.3,6.7,50],[14,485,30,13,3,14,12,2,16,-4,40,6.7,53.3],[15,1285,30,19,2,9,11,2,17,-6,36.7,6.7,56.7],[16,505,30,23,1,6,11,1,18,-7,36.7,3.3,60]];
var HomePanLu = [[1,498,15,13,0,2,12,1,2,10,80,6.7,13.3],[2,507,15,15,0,0,10,0,5,5,66.7,0,33.3],[3,2822,15,11,1,3,9,0,6,3,60,0,40],[4,2255,15,12,0,3,8,1,6,2,53.3,6.7,40],[5,1280,15,8,2,5,7,2,6,1,46.7,13.3,40],[6,1285,15,14,0,1,7,1,7,0,46.7,6.7,46.7],[7,479,15,14,1,0,7,0,8,-1,46.7,0,53.3],[8,472,15,8,4,3,6,1,8,-2,40,6.7,53.3],[9,505,15,14,0,1,6,1,8,-2,40,6.7,53.3],[10,514,15,9,3,3,6,0,9,-3,40,0,60],[11,512,15,10,1,4,5,1,9,-4,33.3,6.7,60],[12,1284,15,1,4,10,5,1,9,-4,33.3,6.7,60],[13,485,15,11,2,2,5,1,9,-4,33.3,6.7,60],[14,495,15,12,1,2,5,0,10,-5,33.3,0,66.7],[15,509,15,12,0,3,5,0,10,-5,33.3,0,66.7],[16,475,15,10,1,4,5,0,10,-5,33.3,0,66.7]];
var GuestPanLu = [[1,495,15,2,3,10,10,0,5,5,66.7,0,33.3],[2,509,15,0,1,14,9,1,5,4,60,6.7,33.3],[3,1280,15,0,1,14,9,0,6,3,60,0,40],[4,475,15,0,2,13,9,0,6,3,60,0,40],[5,1284,15,0,0,15,8,2,5,3,53.3,13.3,33.3],[6,472,15,0,1,14,8,1,6,2,53.3,6.7,40],[7,512,15,1,0,14,8,1,6,2,53.3,6.7,40],[8,2255,15,0,2,13,8,1,6,2,53.3,6.7,40],[9,479,15,10,1,4,8,0,7,1,53.3,0,46.7],[10,514,15,1,0,14,8,0,7,1,53.3,0,46.7],[11,498,15,1,3,11,7,1,7,0,46.7,6.7,46.7],[12,485,15,2,1,12,7,1,7,0,46.7,6.7,46.7],[13,2822,15,1,1,13,7,1,7,0,46.7,6.7,46.7],[14,507,15,14,1,0,7,0,8,-1,46.7,0,53.3],[15,505,15,9,1,5,5,0,10,-5,33.3,0,66.7],[16,1285,15,5,2,8,4,1,10,-6,26.7,6.7,66.7]];
var TotalHalfPanLu = [[1,512,30,7,8,15,16,3,11,5,53.3,10,36.7],[2,2255,30,9,8,13,16,2,12,4,53.3,6.7,40],[3,1284,30,0,8,22,16,1,13,3,53.3,3.3,43.3],[4,514,30,7,10,13,15,3,12,3,50,10,40],[5,475,30,7,10,13,15,3,12,3,50,10,40],[6,2822,30,7,12,11,13,7,10,3,43.3,23.3,33.3],[7,1280,30,3,10,17,13,5,12,1,43.3,16.7,40],[8,485,30,9,12,9,13,3,14,-1,43.3,10,46.7],[9,472,30,5,9,16,13,3,14,-1,43.3,10,46.7],[10,507,30,29,1,0,13,0,17,-4,43.3,0,56.7],[11,1285,30,14,12,4,12,7,11,1,40,23.3,36.7],[12,495,30,12,9,9,12,4,14,-2,40,13.3,46.7],[13,505,30,21,6,3,12,3,15,-3,40,10,50],[14,498,30,11,10,9,11,7,12,-1,36.7,23.3,40],[15,509,30,9,8,13,11,5,14,-3,36.7,16.7,46.7],[16,479,30,20,7,3,9,4,17,-8,30,13.3,56.7]];
var HomeHalfPanLu = [[1,507,15,15,0,0,11,0,4,7,73.3,0,26.7],[2,1285,15,12,2,1,8,1,6,2,53.3,6.7,40],[3,505,15,14,0,1,8,0,7,1,53.3,0,46.7],[4,514,15,7,7,1,7,3,5,2,46.7,20,33.3],[5,498,15,10,4,1,7,3,5,2,46.7,20,33.3],[6,512,15,7,5,3,7,2,6,1,46.7,13.3,40],[7,2255,15,9,3,3,7,2,6,1,46.7,13.3,40],[8,1284,15,0,8,7,7,1,7,0,46.7,6.7,46.7],[9,485,15,9,5,1,7,1,7,0,46.7,6.7,46.7],[10,2822,15,6,6,3,6,4,5,1,40,26.7,33.3],[11,475,15,7,5,3,6,2,7,-1,40,13.3,46.7],[12,472,15,5,7,3,5,2,8,-3,33.3,13.3,53.3],[13,479,15,13,2,0,5,1,9,-4,33.3,6.7,60],[14,1280,15,3,9,3,4,5,6,-2,26.7,33.3,40],[15,509,15,9,4,2,4,2,9,-5,26.7,13.3,60],[16,495,15,11,3,1,4,1,10,-6,26.7,6.7,66.7]];
var GuestHalfPanLu = [[1,475,15,0,5,10,9,1,5,4,60,6.7,33.3],[2,512,15,0,3,12,9,1,5,4,60,6.7,33.3],[3,2255,15,0,5,10,9,0,6,3,60,0,40],[4,1280,15,0,1,14,9,0,6,3,60,0,40],[5,1284,15,0,0,15,9,0,6,3,60,0,40],[6,495,15,1,6,8,8,3,4,4,53.3,20,26.7],[7,472,15,0,2,13,8,1,6,2,53.3,6.7,40],[8,514,15,0,3,12,8,0,7,1,53.3,0,46.7],[9,2822,15,1,6,8,7,3,5,2,46.7,20,33.3],[10,509,15,0,4,11,7,3,5,2,46.7,20,33.3],[11,485,15,0,7,8,6,2,7,-1,40,13.3,46.7],[12,1285,15,2,10,3,4,6,5,-1,26.7,40,33.3],[13,498,15,1,6,8,4,4,7,-3,26.7,26.7,46.7],[14,505,15,7,6,2,4,3,8,-4,26.7,20,53.3],[15,479,15,7,5,3,4,3,8,-4,26.7,20,53.3],[16,507,15,14,1,0,2,0,13,-11,13.3,0,86.7]];
var addUp = [108,45,10,4.2,122,50.8,[63.3,498],[60,505],[80,498],[66.7,495,509,475],[66.7,495],[66.7,505,1285],[10,1284],[0,507,495,479,475,514]];
var addUpHalf = [103,42.9,30,12.5,107,44.6,[53.3,512,2255,1284],[56.7,507,479],[73.3,507],[66.7,495],[60,475,512,2255,1280,1284],[86.7,507],[23.3,2822,1285,498],[0,507]];
var lastUpdateTime = '2026-04-07 16:27:31';
