var arrLeague = [22,'挪威超级联赛','挪威超級聯賽','Norway Eliteserien','2016','#666666','league_match/images/20200420075346.jpg','挪超','挪超','NOR D1'];
var arrTeam = [[472,'博德闪耀','波杜基林特','Bodo Glimt','','images/472/1kjxw3jrj728.png',0],[475,'斯塔贝克','史達比克','Stabaek','','images/475/1gq6j9e9y51x.png',0],[479,'奥德','奧特足球會','Odds Ballklubb','','images/479/1jjx4n5qy3b.png',0],[485,'瓦勒伦加','華拿倫加','Valerenga','','images/485/1gxmbkap742v.png',0],[495,'维京','維京','Viking','','images/495/1km206hznr1r.png',0],[498,'布兰','白蘭恩','Brann','','images/498/1kenbmf765v.png',0],[505,'莫尔德','莫迪','Molde','','images/505/1gxmbm1nc618.png',0],[507,'罗森博格','洛辛堡','Rosenborg BK','','images/507/1gxmbm1ncb32.png',0],[509,'利勒斯特罗姆','利尼史特朗','Lillestrom','','images/509/1gxmbm1nc124.png',0],[512,'松达尔','桑恩達','Sogndal','','images/512/1grmmxhterh.png',0],[514,'特罗姆瑟','特羅素','Tromso IL','','images/514/1gxmbm1ncd32.png',0],[1280,'奥勒松','阿利辛特','Aalesund FK','','images/1280/1km206j04qg.png',0],[1284,'斯达','史達','Start Kristiansand','','images/1284/1gxmbp25v21r.png',0],[1285,'斯托姆加斯特','史卓加斯特','Stromsgodset','','images/1285/1gxmbm1ncn10.png',0],[2255,'萨普斯堡','薩普斯堡','Sarpsborg 08','','images/2255/1kk5pbdfmw1q.png',0],[2822,'海于格松','侯格辛特','Haugesund','','images/2822/1knjwpjf8b2q.png',0]];
var TotalBs = [[1,514,30,19,0,11,63.3,0,36.7],[2,509,30,17,1,12,56.7,3.3,40],[3,1280,30,17,0,13,56.7,0,43.3],[4,2822,30,16,0,14,53.3,0,46.7],[5,475,30,15,2,13,50,6.7,43.3],[6,505,30,15,1,14,50,3.3,46.7],[7,2255,30,14,1,15,46.7,3.3,50],[8,479,30,13,5,12,43.3,16.7,40],[9,507,30,12,2,16,40,6.7,53.3],[10,472,30,12,2,16,40,6.7,53.3],[11,485,30,12,1,17,40,3.3,56.7],[12,498,30,12,0,18,40,0,60],[13,1285,30,12,0,18,40,0,60],[14,512,30,12,0,18,40,0,60],[15,1284,30,11,3,16,36.7,10,53.3],[16,495,30,11,0,19,36.7,0,63.3]];
var HomeBs = [[1,514,15,10,0,5,66.7,0,33.3],[2,2822,15,10,0,5,66.7,0,33.3],[3,507,15,8,2,5,53.3,13.3,33.3],[4,1284,15,8,1,6,53.3,6.7,40],[5,1280,15,8,0,7,53.3,0,46.7],[6,479,15,7,3,5,46.7,20,33.3],[7,475,15,7,1,7,46.7,6.7,46.7],[8,505,15,7,1,7,46.7,6.7,46.7],[9,1285,15,7,0,8,46.7,0,53.3],[10,472,15,7,0,8,46.7,0,53.3],[11,512,15,7,0,8,46.7,0,53.3],[12,509,15,7,0,8,46.7,0,53.3],[13,498,15,5,0,10,33.3,0,66.7],[14,2255,15,4,1,10,26.7,6.7,66.7],[15,485,15,4,0,11,26.7,0,73.3],[16,495,15,4,0,11,26.7,0,73.3]];
var GuestBs = [[1,509,15,10,1,4,66.7,6.7,26.7],[2,2255,15,10,0,5,66.7,0,33.3],[3,1280,15,9,0,6,60,0,40],[4,514,15,9,0,6,60,0,40],[5,475,15,8,1,6,53.3,6.7,40],[6,485,15,8,1,6,53.3,6.7,40],[7,505,15,8,0,7,53.3,0,46.7],[8,495,15,7,0,8,46.7,0,53.3],[9,498,15,7,0,8,46.7,0,53.3],[10,479,15,6,2,7,40,13.3,46.7],[11,2822,15,6,0,9,40,0,60],[12,472,15,5,2,8,33.3,13.3,53.3],[13,512,15,5,0,10,33.3,0,66.7],[14,1285,15,5,0,10,33.3,0,66.7],[15,507,15,4,0,11,26.7,0,73.3],[16,1284,15,3,2,10,20,13.3,66.7]];
var TotalBsHalf = [[1,1280,29,14,4,11,48.3,13.8,37.9],[2,2822,30,13,5,12,43.3,16.7,40],[3,505,29,11,4,14,37.9,13.8,48.3],[4,509,30,11,4,15,36.7,13.3,50],[5,479,29,11,1,17,37.9,3.4,58.6],[6,514,30,10,8,12,33.3,26.7,40],[7,507,30,9,2,19,30,6.7,63.3],[8,2255,29,8,8,13,27.6,27.6,44.8],[9,498,30,8,8,14,26.7,26.7,46.7],[10,1285,29,8,5,16,27.6,17.2,55.2],[11,485,29,7,10,12,24.1,34.5,41.4],[12,472,29,7,10,12,24.1,34.5,41.4],[13,475,30,7,10,13,23.3,33.3,43.3],[14,495,30,7,9,14,23.3,30,46.7],[15,512,30,6,11,13,20,36.7,43.3],[16,1284,29,6,5,18,20.7,17.2,62.1]];
var HomeBsHalf = [[1,2822,15,8,2,5,53.3,13.3,33.3],[2,509,15,6,4,5,40,26.7,33.3],[3,514,15,6,4,5,40,26.7,33.3],[4,1280,15,6,3,6,40,20,40],[5,505,15,6,0,9,40,0,60],[6,1285,15,5,2,8,33.3,13.3,53.3],[7,495,15,5,2,8,33.3,13.3,53.3],[8,507,15,5,0,10,33.3,0,66.7],[9,498,15,4,5,6,26.7,33.3,40],[10,475,15,4,4,7,26.7,26.7,46.7],[11,1284,15,4,4,7,26.7,26.7,46.7],[12,479,15,4,0,11,26.7,0,73.3],[13,512,15,3,7,5,20,46.7,33.3],[14,472,15,3,5,7,20,33.3,46.7],[15,2255,15,3,4,8,20,26.7,53.3],[16,485,15,2,6,7,13.3,40,46.7]];
var GuestBsHalf = [[1,1280,14,8,1,5,57.1,7.1,35.7],[2,479,14,7,1,6,50,7.1,42.9],[3,505,14,5,4,5,35.7,28.6,35.7],[4,2255,14,5,4,5,35.7,28.6,35.7],[5,485,14,5,4,5,35.7,28.6,35.7],[6,2822,15,5,3,7,33.3,20,46.7],[7,509,15,5,0,10,33.3,0,66.7],[8,472,14,4,5,5,28.6,35.7,35.7],[9,514,15,4,4,7,26.7,26.7,46.7],[10,498,15,4,3,8,26.7,20,53.3],[11,507,15,4,2,9,26.7,13.3,60],[12,475,15,3,6,6,20,40,40],[13,512,15,3,4,8,20,26.7,53.3],[14,1285,14,3,3,8,21.4,21.4,57.1],[15,495,15,2,7,6,13.3,46.7,40],[16,1284,14,2,1,11,14.3,7.1,78.6]];
var addUp = [220,45.8,18,3.8,242,50.4,[63.3,514],[63.3,495],[66.7,514,2822],[73.3,485,495],[66.7,509,2255],[73.3,507]];
var addUpHalf = [143,30.3,104,22,225,47.7,[48.3,1280],[63.3,507],[53.3,2822],[73.3,479],[57.1,1280],[78.6,1284]];
var lastUpdateTime = '2026-04-07 16:27:49';
