var arrLeague = [9,'德国乙组联赛','德國乙組聯賽','German Bundesliga 2','2022-2023','#CA00CA','league_match/images/20181221085736.png','德乙','德乙','GER D2'];
var arrTeam = [[90,'比勒菲尔德','比勒費爾德','Arminia Bielefeld','','images/164870990786.png',0],[136,'纽伦堡','紐倫堡','Nurnberg','','images/2013119145001.jpg',0],[155,'斯图加特','史特加','VfB Stuttgart','','images/164871149852.png',0],[160,'汉堡','漢堡','Hamburger SV','','images/2013119151640.jpg',0],[169,'汉诺威96','漢諾威','Hannover 96','','images/201312092606.jpg',0],[173,'罗斯托克','羅斯托克','Hansa Rostock','','images/20181012140602.png',0],[175,'凯泽斯劳滕','凱沙羅頓','Kaiserslautern','','images/201312095551.jpg',0],[458,'菲尔特','格雷特霍夫','Greuther Furth','','images/16487115697.png',0],[487,'卡尔斯鲁厄','卡斯魯厄','Karlsruher SC','','images/2013120111953.jpg',0],[1079,'雷根斯堡','雷根斯堡','Jahn Regensburg','','images/2013119132308.jpg',0],[1080,'达姆施塔特','達斯泰特','Darmstadt','','images/2013120114115.jpg',0],[1082,'韦恩','韋恩','SV Wehen Wiesbaden','','images/2013120114239.jpg',0],[1085,'圣保利','聖保利','St. Pauli','','images/20180921185751.jpg',0],[1116,'布伦瑞克','布倫斯維克','Eintracht Braunschweig','','images/2013120103227.jpg',0],[1117,'荷尔斯泰因','基爾','Holstein Kiel','','images/2013120132327.jpg',0],[1344,'杜塞尔多夫','杜斯多夫','Fortuna Dusseldorf','','images/201312093635.jpg',0],[1720,'帕德博恩','柏德博恩','SC Paderborn 07','','images/20180921192806.jpg',0],[2760,'马格德堡','馬德堡','Magdeburg','','images/20180921190626.jpg',0],[4449,'桑德豪森','辛特侯遜','SV Sandhausen','','images/2013120104323.jpg',0],[8371,'海登海姆','海登海默','Heidenheimer','','images/2013120120906.jpg',0]];
var TotalBs = [[1,90,36,25,0,11,69.4,0,30.6],[2,1117,34,23,1,10,67.6,2.9,29.4],[3,2760,34,21,2,11,61.8,5.9,32.4],[4,1344,34,20,1,13,58.8,2.9,38.2],[5,1116,34,20,0,14,58.8,0,41.2],[6,160,36,20,2,14,55.6,5.6,38.9],[7,1720,34,19,5,10,55.9,14.7,29.4],[8,4449,34,19,2,13,55.9,5.9,38.2],[9,458,34,19,2,13,55.9,5.9,38.2],[10,8371,34,19,0,15,55.9,0,44.1],[11,169,34,18,2,14,52.9,5.9,41.2],[12,175,34,18,0,16,52.9,0,47.1],[13,487,34,17,1,16,50,2.9,47.1],[14,1079,34,17,1,16,50,2.9,47.1],[15,1085,34,16,2,16,47.1,5.9,47.1],[16,136,34,15,0,19,44.1,0,55.9],[17,173,34,13,0,21,38.2,0,61.8],[18,1080,34,12,4,18,35.3,11.8,52.9],[19,1082,2,2,0,0,100,0,0],[20,155,2,1,1,0,50,50,0]];
var HomeBs = [[1,90,18,13,0,5,72.2,0,27.8],[2,1117,17,12,0,5,70.6,0,29.4],[3,1344,17,11,1,5,64.7,5.9,29.4],[4,8371,17,11,0,6,64.7,0,35.3],[5,160,18,11,1,6,61.1,5.6,33.3],[6,4449,17,11,0,6,64.7,0,35.3],[7,175,17,11,0,6,64.7,0,35.3],[8,169,17,10,1,6,58.8,5.9,35.3],[9,1720,17,9,4,4,52.9,23.5,23.5],[10,487,17,9,1,7,52.9,5.9,41.2],[11,2760,17,9,1,7,52.9,5.9,41.2],[12,458,17,9,1,7,52.9,5.9,41.2],[13,1116,17,9,0,8,52.9,0,47.1],[14,1079,17,8,0,9,47.1,0,52.9],[15,1080,17,6,1,10,35.3,5.9,58.8],[16,1085,17,6,1,10,35.3,5.9,58.8],[17,173,17,6,0,11,35.3,0,64.7],[18,136,17,5,0,12,29.4,0,70.6],[19,1082,1,1,0,0,100,0,0],[20,155,1,0,1,0,0,100,0]];
var GuestBs = [[1,2760,17,12,1,4,70.6,5.9,23.5],[2,90,18,12,0,6,66.7,0,33.3],[3,1117,17,11,1,5,64.7,5.9,29.4],[4,1116,17,11,0,6,64.7,0,35.3],[5,1720,17,10,1,6,58.8,5.9,35.3],[6,458,17,10,1,6,58.8,5.9,35.3],[7,1085,17,10,1,6,58.8,5.9,35.3],[8,136,17,10,0,7,58.8,0,41.2],[9,1079,17,9,1,7,52.9,5.9,41.2],[10,1344,17,9,0,8,52.9,0,47.1],[11,160,18,9,1,8,50,5.6,44.4],[12,4449,17,8,2,7,47.1,11.8,41.2],[13,169,17,8,1,8,47.1,5.9,47.1],[14,487,17,8,0,9,47.1,0,52.9],[15,8371,17,8,0,9,47.1,0,52.9],[16,173,17,7,0,10,41.2,0,58.8],[17,175,17,7,0,10,41.2,0,58.8],[18,1080,17,6,3,8,35.3,17.6,47.1],[19,155,1,1,0,0,100,0,0],[20,1082,1,1,0,0,100,0,0]];
var TotalBsHalf = [[1,1117,34,17,4,13,50,11.8,38.2],[2,169,34,16,7,11,47.1,20.6,32.4],[3,90,36,15,8,13,41.7,22.2,36.1],[4,487,34,14,7,13,41.2,20.6,38.2],[5,1720,34,14,3,17,41.2,8.8,50],[6,1344,34,13,9,12,38.2,26.5,35.3],[7,1085,34,13,9,12,38.2,26.5,35.3],[8,1079,34,13,7,14,38.2,20.6,41.2],[9,1080,34,13,2,19,38.2,5.9,55.9],[10,160,36,13,4,19,36.1,11.1,52.8],[11,4449,34,12,8,14,35.3,23.5,41.2],[12,8371,34,12,8,14,35.3,23.5,41.2],[13,2760,34,11,8,15,32.4,23.5,44.1],[14,1116,34,11,3,20,32.4,8.8,58.8],[15,173,34,10,11,13,29.4,32.4,38.2],[16,458,34,9,11,14,26.5,32.4,41.2],[17,136,34,7,11,16,20.6,32.4,47.1],[18,175,34,6,12,16,17.6,35.3,47.1],[19,1082,2,1,0,1,50,0,50],[20,155,2,0,0,2,0,0,100]];
var HomeBsHalf = [[1,1344,17,10,2,5,58.8,11.8,29.4],[2,487,17,9,2,6,52.9,11.8,35.3],[3,169,17,8,3,6,47.1,17.6,35.3],[4,1079,17,8,2,7,47.1,11.8,41.2],[5,1117,17,8,2,7,47.1,11.8,41.2],[6,90,18,8,3,7,44.4,16.7,38.9],[7,1720,17,8,2,7,47.1,11.8,41.2],[8,1080,17,8,1,8,47.1,5.9,47.1],[9,8371,17,7,5,5,41.2,29.4,29.4],[10,4449,17,6,5,6,35.3,29.4,35.3],[11,160,18,6,1,11,33.3,5.6,61.1],[12,2760,17,5,7,5,29.4,41.2,29.4],[13,173,17,5,6,6,29.4,35.3,35.3],[14,1085,17,5,4,8,29.4,23.5,47.1],[15,1116,17,4,1,12,23.5,5.9,70.6],[16,175,17,3,8,6,17.6,47.1,35.3],[17,136,17,1,6,10,5.9,35.3,58.8],[18,458,17,1,6,10,5.9,35.3,58.8],[19,155,1,0,0,1,0,0,100],[20,1082,1,0,0,1,0,0,100]];
var GuestBsHalf = [[1,1117,17,9,2,6,52.9,11.8,35.3],[2,458,17,8,5,4,47.1,29.4,23.5],[3,1085,17,8,5,4,47.1,29.4,23.5],[4,169,17,8,4,5,47.1,23.5,29.4],[5,90,18,7,5,6,38.9,27.8,33.3],[6,1116,17,7,2,8,41.2,11.8,47.1],[7,160,18,7,3,8,38.9,16.7,44.4],[8,136,17,6,5,6,35.3,29.4,35.3],[9,4449,17,6,3,8,35.3,17.6,47.1],[10,1720,17,6,1,10,35.3,5.9,58.8],[11,2760,17,6,1,10,35.3,5.9,58.8],[12,487,17,5,5,7,29.4,29.4,41.2],[13,173,17,5,5,7,29.4,29.4,41.2],[14,1079,17,5,5,7,29.4,29.4,41.2],[15,8371,17,5,3,9,29.4,17.6,52.9],[16,1080,17,5,1,11,29.4,5.9,64.7],[17,1344,17,3,7,7,17.6,41.2,41.2],[18,175,17,3,4,10,17.6,23.5,58.8],[19,1082,1,1,0,0,100,0,0],[20,155,1,0,0,1,0,0,100]];
var addUp = [334,53.9,26,4.2,260,41.9,[100,1082],[61.8,173],[100,1082],[70.6,136],[100,155,1082],[58.8,173,175]];
var addUpHalf = [220,35.5,132,21.3,268,43.2,[50,1117,1082],[100,155],[58.8,1344],[100,155,1082],[100,1082],[100,155]];
var lastUpdateTime = '2025-01-18 11:08:23';
