var arrLeague = [25,'日本职业联赛J1','日本職業聯賽J1','J1 League','2025','#009900','league_match/images/20130413112735.jpg','日职联','日職聯','JPN D1'];
var arrTeam = [[178,'新泻天鹅','新潟天鵝','Albirex Niigata','','images/178/1gtzd3qtet5.png',0],[181,'名古屋鲸八','名古屋八鯨','Nagoya Grampus','','images/181/1jbn72rjkc0.png',0],[188,'浦和红钻','浦和紅鑽','Urawa Red Diamonds','','images/188/1gtzcts2pj1a.png',0],[190,'鹿岛鹿角','鹿島鹿角','Kashima Antlers','','images/190/1gtzcts261m.png',0],[193,'大阪樱花','大阪櫻花','Cerezo Osaka','','images/193/1gtzcts26h14.png',0],[196,'横滨水手','橫濱水手','Yokohama Marinos','','images/196/1gtzcts26eq.png',0],[200,'东京绿茵','東京綠茵','Tokyo Verdy','','images/200/1h53w5e0f9p.png',0],[201,'FC东京','FC東京','FC Tokyo','','images/1jqk6vdj212v.png',0],[203,'神户胜利船','神戶勝利船','Vissel Kobe','','images/203/1gtzcts1qh1b.png',0],[204,'清水鼓动','清水心跳','Shimizu S-Pulse','','images/204/1gtzcts2p01p.png',0],[206,'广岛三箭','廣島三箭','Hiroshima Sanfrecce','','images/206/1gtzcts1qj1h.png',0],[207,'大阪钢巴','大阪飛腳','Gamba Osaka','','images/207/1gtzd3qtya20.png',0],[209,'柏太阳神','柏雷素爾','Kashiwa Reysol','','images/209/1gtzcts3612j.png',0],[1547,'福冈黄蜂','福岡黃蜂','Avispa Fukuoka','','images/1547/1gtzcts36911.png',0],[1612,'湘南海洋','湘南比馬','Shonan Bellmare','','images/1612/1gtzcts2pg27.png',0],[1989,'川崎前锋','川崎前鋒','Kawasaki Frontale','','images/1989/1gtzcts26x2r.png',0],[3163,'京都不死鸟','京都不死鳥','Kyoto Sanga','','images/3163/1hwerqcfbv2k.png',0],[3415,'横滨FC','FC橫濱','Yokohama FC','','images/3415/1gtzd3qtyj1b.png',0],[9024,'冈山绿雉','岡山綠雉','Fagiano Okayama','','images/9024/1h53w49p622b.png',0],[10035,'町田泽维亚','町田澤維亞','Machida Zelvia','','images/10035/1h53w49pp22e.png',0]];
var TotalBs = [[1,181,38,24,2,12,63.2,5.3,31.6],[2,1989,38,24,0,14,63.2,0,36.8],[3,193,38,23,2,13,60.5,5.3,34.2],[4,178,38,19,1,18,50,2.6,47.4],[5,10035,38,19,1,18,50,2.6,47.4],[6,196,38,19,0,19,50,0,50],[7,3163,38,19,0,19,50,0,50],[8,207,38,18,3,17,47.4,7.9,44.7],[9,190,38,18,0,20,47.4,0,52.6],[10,1612,38,17,3,18,44.7,7.9,47.4],[11,188,38,16,3,19,42.1,7.9,50],[12,201,38,16,0,22,42.1,0,57.9],[13,204,38,15,2,21,39.5,5.3,55.3],[14,206,38,15,1,22,39.5,2.6,57.9],[15,203,38,15,0,23,39.5,0,60.5],[16,209,38,14,4,20,36.8,10.5,52.6],[17,9024,38,13,5,20,34.2,13.2,52.6],[18,3415,38,13,4,21,34.2,10.5,55.3],[19,1547,38,13,1,24,34.2,2.6,63.2],[20,200,38,12,2,24,31.6,5.3,63.2]];
var HomeBs = [[1,1989,19,13,0,6,68.4,0,31.6],[2,181,19,12,0,7,63.2,0,36.8],[3,207,19,11,1,7,57.9,5.3,36.8],[4,10035,19,10,1,8,52.6,5.3,42.1],[5,178,19,10,0,9,52.6,0,47.4],[6,190,19,10,0,9,52.6,0,47.4],[7,196,19,10,0,9,52.6,0,47.4],[8,201,19,10,0,9,52.6,0,47.4],[9,1612,19,9,1,9,47.4,5.3,47.4],[10,204,19,9,0,10,47.4,0,52.6],[11,188,19,8,2,9,42.1,10.5,47.4],[12,193,19,8,1,10,42.1,5.3,52.6],[13,1547,19,8,1,10,42.1,5.3,52.6],[14,206,19,7,1,11,36.8,5.3,57.9],[15,3163,19,7,0,12,36.8,0,63.2],[16,203,19,7,0,12,36.8,0,63.2],[17,209,19,6,2,11,31.6,10.5,57.9],[18,9024,19,6,2,11,31.6,10.5,57.9],[19,200,19,6,1,12,31.6,5.3,63.2],[20,3415,19,4,4,11,21.1,21.1,57.9]];
var GuestBs = [[1,193,19,15,1,3,78.9,5.3,15.8],[2,181,19,12,2,5,63.2,10.5,26.3],[3,3163,19,12,0,7,63.2,0,36.8],[4,1989,19,11,0,8,57.9,0,42.1],[5,178,19,9,1,9,47.4,5.3,47.4],[6,3415,19,9,0,10,47.4,0,52.6],[7,196,19,9,0,10,47.4,0,52.6],[8,10035,19,9,0,10,47.4,0,52.6],[9,1612,19,8,2,9,42.1,10.5,47.4],[10,209,19,8,2,9,42.1,10.5,47.4],[11,188,19,8,1,10,42.1,5.3,52.6],[12,190,19,8,0,11,42.1,0,57.9],[13,203,19,8,0,11,42.1,0,57.9],[14,206,19,8,0,11,42.1,0,57.9],[15,9024,19,7,3,9,36.8,15.8,47.4],[16,207,19,7,2,10,36.8,10.5,52.6],[17,204,19,6,2,11,31.6,10.5,57.9],[18,200,19,6,1,12,31.6,5.3,63.2],[19,201,19,6,0,13,31.6,0,68.4],[20,1547,19,5,0,14,26.3,0,73.7]];
var TotalBsHalf = [[1,193,38,27,5,6,71.1,13.2,15.8],[2,178,38,24,6,8,63.2,15.8,21.1],[3,190,38,22,4,12,57.9,10.5,31.6],[4,10035,38,22,2,14,57.9,5.3,36.8],[5,1989,38,21,4,13,55.3,10.5,34.2],[6,209,38,21,2,15,55.3,5.3,39.5],[7,207,38,20,4,14,52.6,10.5,36.8],[8,204,38,19,7,12,50,18.4,31.6],[9,181,38,19,0,19,50,0,50],[10,200,38,18,0,20,47.4,0,52.6],[11,3163,38,17,10,11,44.7,26.3,28.9],[12,1612,38,16,10,12,42.1,26.3,31.6],[13,203,38,16,5,17,42.1,13.2,44.7],[14,3415,38,16,1,21,42.1,2.6,55.3],[15,9024,38,16,1,21,42.1,2.6,55.3],[16,201,38,15,3,20,39.5,7.9,52.6],[17,1547,38,15,0,23,39.5,0,60.5],[18,188,38,14,7,17,36.8,18.4,44.7],[19,196,38,11,14,13,28.9,36.8,34.2],[20,206,38,11,7,20,28.9,18.4,52.6]];
var HomeBsHalf = [[1,207,19,15,0,4,78.9,0,21.1],[2,10035,19,12,2,5,63.2,10.5,26.3],[3,190,19,12,1,6,63.2,5.3,31.6],[4,1989,19,11,2,6,57.9,10.5,31.6],[5,193,19,10,5,4,52.6,26.3,21.1],[6,178,19,10,4,5,52.6,21.1,26.3],[7,204,19,10,4,5,52.6,21.1,26.3],[8,200,19,10,0,9,52.6,0,47.4],[9,1612,19,9,6,4,47.4,31.6,21.1],[10,3163,19,9,4,6,47.4,21.1,31.6],[11,201,19,9,0,10,47.4,0,52.6],[12,188,19,8,3,8,42.1,15.8,42.1],[13,1547,19,8,0,11,42.1,0,57.9],[14,9024,19,8,0,11,42.1,0,57.9],[15,181,19,8,0,11,42.1,0,57.9],[16,196,19,7,7,5,36.8,36.8,26.3],[17,203,19,7,3,9,36.8,15.8,47.4],[18,209,19,7,2,10,36.8,10.5,52.6],[19,3415,19,7,1,11,36.8,5.3,57.9],[20,206,19,3,2,14,15.8,10.5,73.7]];
var GuestBsHalf = [[1,193,19,17,0,2,89.5,0,10.5],[2,178,19,14,2,3,73.7,10.5,15.8],[3,209,19,14,0,5,73.7,0,26.3],[4,181,19,11,0,8,57.9,0,42.1],[5,190,19,10,3,6,52.6,15.8,31.6],[6,1989,19,10,2,7,52.6,10.5,36.8],[7,10035,19,10,0,9,52.6,0,47.4],[8,204,19,9,3,7,47.4,15.8,36.8],[9,203,19,9,2,8,47.4,10.5,42.1],[10,3415,19,9,0,10,47.4,0,52.6],[11,3163,19,8,6,5,42.1,31.6,26.3],[12,206,19,8,5,6,42.1,26.3,31.6],[13,9024,19,8,1,10,42.1,5.3,52.6],[14,200,19,8,0,11,42.1,0,57.9],[15,1612,19,7,4,8,36.8,21.1,42.1],[16,1547,19,7,0,12,36.8,0,63.2],[17,188,19,6,4,9,31.6,21.1,47.4],[18,201,19,6,3,10,31.6,15.8,52.6],[19,207,19,5,4,10,26.3,21.1,52.6],[20,196,19,4,7,8,21.1,36.8,42.1]];
var addUp = [342,45,34,4.5,384,50.5,[63.2,181,1989],[63.2,1547,200],[68.4,1989],[63.2,3163,203,200],[78.9,193],[73.7,1547]];
var addUpHalf = [360,47.4,92,12.1,308,40.5,[71.1,193],[60.5,1547],[78.9,207],[73.7,206],[89.5,193],[63.2,1547]];
var lastUpdateTime = '2025-12-07 14:59:35';
