var arrLeague = [29,'苏格兰超级联赛','蘇格蘭超級聯賽','Scottish Premier League','2020-2021','#57A87B','league_match/images/1j5w1p9pmse.png','苏超','蘇超','SCO PR'];
var arrTeam = [[70,'凯尔特人','些路迪','Celtic FC','','images/165363471972.png',0],[71,'邓迪FC','登地','Dundee','','images/165363469577.png',0],[72,'邓迪联队','登地聯','Dundee United','','images/16536347072.png',0],[73,'阿伯丁','鴨巴甸','Aberdeen','','images/165363467632.png',0],[75,'马瑟韦尔','馬瑟韋爾','Motherwell','','images/165363477927.png',0],[77,'格拉斯哥流浪者','格拉斯哥流浪','Glasgow Rangers','','images/165363474719.png',0],[79,'希伯尼安','喜百年','Hibernian','','images/165363481924.png',0],[80,'利云斯顿','利雲斯頓','Livingston','','images/80/1h5bjef76m11.png',0],[81,'基马诺克','基馬諾克','Kilmarnock','','images/81/1h5bjef76b13.png',0],[1366,'罗斯郡','羅斯郡','Ross County','','images/165363476324.png',0],[1460,'哈密尔顿','咸美頓','Hamilton Academical','','images/1460/1grmn0vykj1t.png',0],[1463,'圣米伦','聖美倫','Saint Mirren','','images/165363479259.png',0],[1485,'圣约翰斯通','聖莊士東','Saint Johnstone','','images/165363480511.png',0]];
var TotalPanLu = [[1,71,2,0,0,2,2,0,0,2,100,0,0],[2,79,38,21,7,10,24,0,14,10,63.2,0,36.8],[3,72,38,8,7,23,20,3,15,5,52.6,7.9,39.5],[4,80,38,16,6,16,19,4,15,4,50,10.5,39.5],[5,73,37,23,6,9,18,4,15,3,48.6,10.8,40.5],[6,77,38,36,1,1,18,4,16,2,47.4,10.5,42.1],[7,75,38,16,5,17,18,3,17,1,47.4,7.9,44.7],[8,1460,38,0,2,36,18,2,18,0,47.4,5.3,47.4],[9,1366,38,4,5,29,17,2,19,-2,44.7,5.3,50],[10,1463,38,10,9,19,16,4,18,-2,42.1,10.5,47.4],[11,1485,38,13,9,16,15,5,18,-3,39.5,13.2,47.4],[12,70,37,35,1,2,13,4,20,-7,35.1,10.8,54.1],[13,81,40,15,8,17,13,1,26,-13,32.5,2.5,65]];
var HomePanLu = [[1,77,19,19,0,0,12,2,5,7,63.2,10.5,26.3],[2,73,19,15,0,4,12,1,6,6,63.2,5.3,31.6],[3,72,19,4,6,9,11,3,5,6,57.9,15.8,26.3],[4,79,19,13,2,4,10,0,9,1,52.6,0,47.4],[5,71,1,0,0,1,1,0,0,1,100,0,0],[6,80,19,12,2,5,9,2,8,1,47.4,10.5,42.1],[7,1366,19,3,3,13,9,0,10,-1,47.4,0,52.6],[8,1460,19,0,2,17,8,1,10,-2,42.1,5.3,52.6],[9,75,19,11,2,6,8,0,11,-3,42.1,0,57.9],[10,81,20,11,5,4,8,1,11,-3,40,5,55],[11,70,18,18,1,0,7,3,8,-1,38.9,16.7,44.4],[12,1463,19,7,5,7,7,2,10,-3,36.8,10.5,52.6],[13,1485,19,9,5,5,6,3,10,-4,31.6,15.8,52.6]];
var GuestPanLu = [[1,79,19,8,5,6,14,0,5,9,73.7,0,26.3],[2,75,19,5,3,11,10,3,6,4,52.6,15.8,31.6],[3,80,19,4,4,11,10,2,7,3,52.6,10.5,36.8],[4,1460,19,0,0,19,10,1,8,2,52.6,5.3,42.1],[5,71,1,0,0,1,1,0,0,1,100,0,0],[6,1463,19,3,4,12,9,2,8,1,47.4,10.5,42.1],[7,1485,19,4,4,11,9,2,8,1,47.4,10.5,42.1],[8,72,19,4,1,14,9,0,10,-1,47.4,0,52.6],[9,1366,19,1,2,16,8,2,9,-1,42.1,10.5,47.4],[10,73,18,8,6,5,6,3,9,-3,33.3,16.7,50],[11,77,19,17,1,1,6,2,11,-5,31.6,10.5,57.9],[12,70,19,17,0,2,6,1,12,-6,31.6,5.3,63.2],[13,81,20,4,3,13,5,0,15,-10,25,0,75]];
var TotalHalfPanLu = [[1,71,2,0,0,2,2,0,0,2,100,0,0],[2,77,38,35,2,1,25,2,11,14,65.8,5.3,28.9],[3,79,38,18,11,9,18,4,16,2,47.4,10.5,42.1],[4,1460,38,0,6,32,17,4,17,0,44.7,10.5,44.7],[5,1366,38,2,16,20,16,8,14,2,42.1,21.1,36.8],[6,72,38,3,20,15,16,8,14,2,42.1,21.1,36.8],[7,75,38,8,20,10,16,8,14,2,42.1,21.1,36.8],[8,70,38,35,2,1,16,4,18,-2,42.1,10.5,47.4],[9,81,40,10,18,12,16,8,16,0,40,20,40],[10,1485,38,8,18,12,14,10,14,0,36.8,26.3,36.8],[11,1463,38,5,18,15,13,7,18,-5,34.2,18.4,47.4],[12,73,38,18,12,8,11,8,19,-8,28.9,21.1,50],[13,80,38,7,19,12,10,9,19,-9,26.3,23.7,50]];
var HomeHalfPanLu = [[1,77,19,18,1,0,14,1,4,10,73.7,5.3,21.1],[2,79,19,12,3,4,11,0,8,3,57.9,0,42.1],[3,72,19,2,11,6,10,2,7,3,52.6,10.5,36.8],[4,71,1,0,0,1,1,0,0,1,100,0,0],[5,1366,19,2,10,7,9,5,5,4,47.4,26.3,26.3],[6,70,19,18,1,0,9,4,6,3,47.4,21.1,31.6],[7,73,19,13,2,4,8,0,11,-3,42.1,0,57.9],[8,81,20,7,10,3,8,5,7,1,40,25,35],[9,75,19,7,9,3,7,5,7,0,36.8,26.3,36.8],[10,1460,19,0,6,13,7,2,10,-3,36.8,10.5,52.6],[11,80,19,5,10,4,5,5,9,-4,26.3,26.3,47.4],[12,1463,19,4,9,6,5,3,11,-6,26.3,15.8,57.9],[13,1485,19,6,9,4,4,8,7,-3,21.1,42.1,36.8]];
var GuestHalfPanLu = [[1,77,19,17,1,1,11,1,7,4,57.9,5.3,36.8],[2,1460,19,0,0,19,10,2,7,3,52.6,10.5,36.8],[3,1485,19,2,9,8,10,2,7,3,52.6,10.5,36.8],[4,71,1,0,0,1,1,0,0,1,100,0,0],[5,75,19,1,11,7,9,3,7,2,47.4,15.8,36.8],[6,1463,19,1,9,9,8,4,7,1,42.1,21.1,36.8],[7,81,20,3,8,9,8,3,9,-1,40,15,45],[8,79,19,6,8,5,7,4,8,-1,36.8,21.1,42.1],[9,1366,19,0,6,13,7,3,9,-2,36.8,15.8,47.4],[10,70,19,17,1,1,7,0,12,-5,36.8,0,63.2],[11,72,19,1,9,9,6,6,7,-1,31.6,31.6,36.8],[12,80,19,2,9,8,5,4,10,-5,26.3,21.1,52.6],[13,73,19,5,10,4,3,8,8,-5,15.8,42.1,42.1]];
var addUp = [108,47.2,18,7.9,103,45,[100,71],[65,81],[100,71],[57.9,75],[100,71],[75,81],[13.2,1485],[0,71,79]];
var addUpHalf = [98,42.6,40,17.4,92,40,[100,71],[50,73,80],[100,71],[57.9,73,1463],[100,71],[63.2,70],[26.3,1485],[0,71]];
var lastUpdateTime = '2025-01-18 16:49:54';
