var arrLeague = [29,'苏格兰超级联赛','蘇格蘭超級聯賽','Scottish Premier League','2020-2021','#57A87B','league_match/images/1j5w1p9pmse.png','苏超','蘇超','SCO PR'];
var arrTeam = [[70,'凯尔特人','些路迪','Celtic FC','','images/165363471972.png',0],[71,'邓迪FC','登地','Dundee','','images/165363469577.png',0],[72,'邓迪联队','登地聯','Dundee United','','images/16536347072.png',0],[73,'阿伯丁','鴨巴甸','Aberdeen','','images/165363467632.png',0],[75,'马瑟韦尔','馬瑟韋爾','Motherwell','','images/165363477927.png',0],[77,'格拉斯哥流浪者','格拉斯哥流浪','Glasgow Rangers','','images/165363474719.png',0],[79,'希伯尼安','喜百年','Hibernian','','images/165363481924.png',0],[80,'利云斯顿','利雲斯頓','Livingston','','images/80/1h5bjef76m11.png',0],[81,'基马诺克','基馬諾克','Kilmarnock','','images/81/1h5bjef76b13.png',0],[1366,'罗斯郡','羅斯郡','Ross County','','images/165363476324.png',0],[1460,'哈密尔顿','咸美頓','Hamilton Academical','','images/1460/1grmn0vykj1t.png',0],[1463,'圣米伦','聖美倫','Saint Mirren','','images/165363479259.png',0],[1485,'圣约翰斯通','聖莊士東','Saint Johnstone','','images/165363480511.png',0]];
var TotalBs = [[1,80,38,20,0,18,52.6,0,47.4],[2,1366,38,19,0,19,50,0,50],[3,81,40,17,0,23,42.5,0,57.5],[4,75,38,16,2,20,42.1,5.3,52.6],[5,1460,38,15,0,23,39.5,0,60.5],[6,77,38,14,5,19,36.8,13.2,50],[7,72,38,14,2,22,36.8,5.3,57.9],[8,70,38,13,5,20,34.2,13.2,52.6],[9,79,38,13,2,23,34.2,5.3,60.5],[10,1485,38,13,1,24,34.2,2.6,63.2],[11,73,38,12,0,26,31.6,0,68.4],[12,1463,38,10,3,25,26.3,7.9,65.8],[13,71,2,2,0,0,100,0,0]];
var HomeBs = [[1,81,20,12,0,8,60,0,40],[2,1366,19,11,0,8,57.9,0,42.1],[3,75,19,10,0,9,52.6,0,47.4],[4,77,19,9,3,7,47.4,15.8,36.8],[5,80,19,9,0,10,47.4,0,52.6],[6,72,19,8,1,10,42.1,5.3,52.6],[7,73,19,7,0,12,36.8,0,63.2],[8,79,19,7,0,12,36.8,0,63.2],[9,1463,19,5,0,14,26.3,0,73.7],[10,70,19,4,5,10,21.1,26.3,52.6],[11,1460,19,4,0,15,21.1,0,78.9],[12,1485,19,2,1,16,10.5,5.3,84.2],[13,71,1,1,0,0,100,0,0]];
var GuestBs = [[1,80,19,11,0,8,57.9,0,42.1],[2,1460,19,11,0,8,57.9,0,42.1],[3,1485,19,11,0,8,57.9,0,42.1],[4,70,19,9,0,10,47.4,0,52.6],[5,1366,19,8,0,11,42.1,0,57.9],[6,79,19,6,2,11,31.6,10.5,57.9],[7,75,19,6,2,11,31.6,10.5,57.9],[8,72,19,6,1,12,31.6,5.3,63.2],[9,1463,19,5,3,11,26.3,15.8,57.9],[10,77,19,5,2,12,26.3,10.5,63.2],[11,73,19,5,0,14,26.3,0,73.7],[12,81,20,5,0,15,25,0,75],[13,71,1,1,0,0,100,0,0]];
var TotalBsHalf = [[1,80,38,22,2,14,57.9,5.3,36.8],[2,81,40,20,6,14,50,15,35],[3,72,38,18,6,14,47.4,15.8,36.8],[4,1485,38,18,2,18,47.4,5.3,47.4],[5,1460,38,17,9,12,44.7,23.7,31.6],[6,1463,38,17,6,15,44.7,15.8,39.5],[7,77,38,17,3,18,44.7,7.9,47.4],[8,75,38,16,9,13,42.1,23.7,34.2],[9,1366,38,15,11,12,39.5,28.9,31.6],[10,79,38,14,10,14,36.8,26.3,36.8],[11,70,38,14,5,19,36.8,13.2,50],[12,73,38,11,12,15,28.9,31.6,39.5],[13,71,2,1,1,0,50,50,0]];
var HomeBsHalf = [[1,81,20,11,3,6,55,15,30],[2,1463,19,11,1,7,57.9,5.3,36.8],[3,80,19,10,1,8,52.6,5.3,42.1],[4,77,19,10,0,9,52.6,0,47.4],[5,72,19,9,4,6,47.4,21.1,31.6],[6,75,19,9,3,7,47.4,15.8,36.8],[7,1366,19,8,5,6,42.1,26.3,31.6],[8,70,19,8,3,8,42.1,15.8,42.1],[9,79,19,7,7,5,36.8,36.8,26.3],[10,1460,19,7,6,6,36.8,31.6,31.6],[11,73,19,7,6,6,36.8,31.6,31.6],[12,1485,19,3,1,15,15.8,5.3,78.9],[13,71,1,0,1,0,0,100,0]];
var GuestBsHalf = [[1,1485,19,15,1,3,78.9,5.3,15.8],[2,80,19,12,1,6,63.2,5.3,31.6],[3,1460,19,10,3,6,52.6,15.8,31.6],[4,81,20,9,3,8,45,15,40],[5,72,19,9,2,8,47.4,10.5,42.1],[6,75,19,7,6,6,36.8,31.6,31.6],[7,1366,19,7,6,6,36.8,31.6,31.6],[8,77,19,7,3,9,36.8,15.8,47.4],[9,79,19,7,3,9,36.8,15.8,47.4],[10,1463,19,6,5,8,31.6,26.3,42.1],[11,70,19,6,2,11,31.6,10.5,57.9],[12,73,19,4,6,9,21.1,31.6,47.4],[13,71,1,1,0,0,100,0,0]];
var addUp = [178,38.7,20,4.3,262,57,[100,71],[68.4,73],[100,71],[84.2,1485],[100,71],[75,81]];
var addUpHalf = [200,43.5,82,17.8,178,38.7,[57.9,80],[50,70],[57.9,1463],[78.9,1485],[100,71],[57.9,70]];
var lastUpdateTime = '2025-01-18 16:50:08';
