var arrLeague = [34,'意大利甲组联赛','意大利甲組聯賽','Italian Serie A','2012-2013','#0088FF','league_match/images/166674813339.png','意甲','意甲','ITA D1'];
var arrTeam = [[150,'AC米兰','AC米蘭','AC Milan','','images/164868995643.png',0],[152,'国际米兰','國際米蘭','Inter Milan','','images/152/1jgj8z3paw1g.png',0],[154,'亚特兰大','阿特蘭大','Atalanta','','images/164868998143.png',0],[166,'尤文图斯','祖雲達斯','Juventus','','images/166/1grmmxq1wa2k.png',0],[168,'巴勒莫','巴勒莫','Palermo','','images/1j90cfpf8r27.png',0],[171,'若布斯恩纳','若布斯恩納','Robur Siena S.S.D.','','images/171/1gqbpxy9dh18.png',0],[174,'罗马','羅馬','AS Roma','','images/164869002671.png',0],[176,'佛罗伦萨','費倫天拿','Fiorentina','','images/176/1hxqrpz41w1v.png',0],[179,'桑普多利亚','森多利亞','Sampdoria','','images/164869048578.png',0],[182,'拉齐奥','拉素','Lazio','','images/164869050583.png',0],[183,'卡利亚里','卡利亞里','Cagliari','','images/164869052873.png',0],[185,'博洛尼亚','博洛尼亞','Bologna','','images/16486905420.png',0],[187,'乌迪内斯','烏甸尼斯','Udinese','','images/164869056546.png',0],[189,'帕尔马','帕爾馬','Parma','','images/189/1j5f7yeztc1g.png',0],[195,'切沃','切禾','Chievo','','images/195/1j77p47z2ac.png',0],[508,'卡塔尼亚','卡坦尼亞','Catania','','images/508/1gqc32ktt78.png',0],[552,'热那亚','熱拿亞','Genoa','','images/164869068648.png',0],[558,'都灵','拖連奴','Torino','','images/164869071877.png',0],[560,'佩斯卡拉','比斯卡拉','Pescara','','images/560/1j50e7cj7r31.png',0],[1419,'那不勒斯','拿玻里','Napoli','','images/1419/1j9ah1053g16.png',0]];
var TotalBs = [[1,176,38,22,0,16,57.9,0,42.1],[2,187,38,22,0,16,57.9,0,42.1],[3,174,38,21,0,17,55.3,0,44.7],[4,152,38,20,0,18,52.6,0,47.4],[5,508,38,20,0,18,52.6,0,47.4],[6,150,38,18,1,19,47.4,2.6,50],[7,182,38,18,0,20,47.4,0,52.6],[8,171,38,17,3,18,44.7,7.9,47.4],[9,1419,38,17,2,19,44.7,5.3,50],[10,154,38,17,1,20,44.7,2.6,52.6],[11,189,38,17,1,20,44.7,2.6,52.6],[12,185,38,17,1,20,44.7,2.6,52.6],[13,560,38,17,0,21,44.7,0,55.3],[14,558,38,16,1,21,42.1,2.6,55.3],[15,179,38,16,1,21,42.1,2.6,55.3],[16,168,38,16,0,22,42.1,0,57.9],[17,183,38,16,0,22,42.1,0,57.9],[18,166,38,14,2,22,36.8,5.3,57.9],[19,195,38,13,1,24,34.2,2.6,63.2],[20,552,38,12,0,26,31.6,0,68.4]];
var HomeBs = [[1,1419,19,12,1,6,63.2,5.3,31.6],[2,185,19,11,1,7,57.9,5.3,36.8],[3,152,19,11,0,8,57.9,0,42.1],[4,187,19,10,0,9,52.6,0,47.4],[5,508,19,10,0,9,52.6,0,47.4],[6,168,19,10,0,9,52.6,0,47.4],[7,176,19,10,0,9,52.6,0,47.4],[8,189,19,9,1,9,47.4,5.3,47.4],[9,174,19,9,0,10,47.4,0,52.6],[10,560,19,9,0,10,47.4,0,52.6],[11,558,19,9,0,10,47.4,0,52.6],[12,182,19,9,0,10,47.4,0,52.6],[13,150,19,8,1,10,42.1,5.3,52.6],[14,179,19,8,0,11,42.1,0,57.9],[15,183,19,8,0,11,42.1,0,57.9],[16,552,19,7,0,12,36.8,0,63.2],[17,154,19,7,0,12,36.8,0,63.2],[18,166,19,6,2,11,31.6,10.5,57.9],[19,171,19,6,0,13,31.6,0,68.4],[20,195,19,4,1,14,21.1,5.3,73.7]];
var GuestBs = [[1,187,19,12,0,7,63.2,0,36.8],[2,174,19,12,0,7,63.2,0,36.8],[3,176,19,12,0,7,63.2,0,36.8],[4,171,19,11,3,5,57.9,15.8,26.3],[5,154,19,10,1,8,52.6,5.3,42.1],[6,508,19,10,0,9,52.6,0,47.4],[7,150,19,10,0,9,52.6,0,47.4],[8,182,19,9,0,10,47.4,0,52.6],[9,195,19,9,0,10,47.4,0,52.6],[10,152,19,9,0,10,47.4,0,52.6],[11,179,19,8,1,10,42.1,5.3,52.6],[12,183,19,8,0,11,42.1,0,57.9],[13,189,19,8,0,11,42.1,0,57.9],[14,166,19,8,0,11,42.1,0,57.9],[15,560,19,8,0,11,42.1,0,57.9],[16,558,19,7,1,11,36.8,5.3,57.9],[17,185,19,6,0,13,31.6,0,68.4],[18,168,19,6,0,13,31.6,0,68.4],[19,1419,19,5,1,13,26.3,5.3,68.4],[20,552,19,5,0,14,26.3,0,73.7]];
var TotalBsHalf = [[1,195,37,21,2,14,56.8,5.4,37.8],[2,182,37,18,8,11,48.6,21.6,29.7],[3,174,38,18,2,18,47.4,5.3,47.4],[4,187,37,17,11,9,45.9,29.7,24.3],[5,154,38,17,8,13,44.7,21.1,34.2],[6,176,37,16,14,7,43.2,37.8,18.9],[7,1419,37,16,8,13,43.2,21.6,35.1],[8,171,38,16,5,17,42.1,13.2,44.7],[9,179,38,15,7,16,39.5,18.4,42.1],[10,185,38,15,6,17,39.5,15.8,44.7],[11,558,38,15,6,17,39.5,15.8,44.7],[12,560,38,15,5,18,39.5,13.2,47.4],[13,152,38,14,13,11,36.8,34.2,28.9],[14,189,37,12,8,17,32.4,21.6,45.9],[15,150,37,11,14,12,29.7,37.8,32.4],[16,552,37,11,11,15,29.7,29.7,40.5],[17,168,38,10,11,17,26.3,28.9,44.7],[18,183,38,10,7,21,26.3,18.4,55.3],[19,166,37,9,7,21,24.3,18.9,56.8],[20,508,37,8,13,16,21.6,35.1,43.2]];
var HomeBsHalf = [[1,1419,19,11,3,5,57.9,15.8,26.3],[2,185,19,11,2,6,57.9,10.5,31.6],[3,195,19,10,2,7,52.6,10.5,36.8],[4,179,19,9,3,7,47.4,15.8,36.8],[5,560,19,9,2,8,47.4,10.5,42.1],[6,174,19,9,1,9,47.4,5.3,47.4],[7,552,19,8,8,3,42.1,42.1,15.8],[8,187,19,8,6,5,42.1,31.6,26.3],[9,152,19,8,5,6,42.1,26.3,31.6],[10,182,19,8,4,7,42.1,21.1,36.8],[11,189,19,8,3,8,42.1,15.8,42.1],[12,176,19,7,8,4,36.8,42.1,21.1],[13,171,19,7,2,10,36.8,10.5,52.6],[14,154,19,6,7,6,31.6,36.8,31.6],[15,558,19,6,4,9,31.6,21.1,47.4],[16,168,19,5,7,7,26.3,36.8,36.8],[17,150,19,5,5,9,26.3,26.3,47.4],[18,183,19,4,3,12,21.1,15.8,63.2],[19,166,19,3,2,14,15.8,10.5,73.7],[20,508,19,2,7,10,10.5,36.8,52.6]];
var GuestBsHalf = [[1,154,19,11,1,7,57.9,5.3,36.8],[2,195,18,11,0,7,61.1,0,38.9],[3,182,18,10,4,4,55.6,22.2,22.2],[4,176,18,9,6,3,50,33.3,16.7],[5,187,18,9,5,4,50,27.8,22.2],[6,171,19,9,3,7,47.4,15.8,36.8],[7,558,19,9,2,8,47.4,10.5,42.1],[8,174,19,9,1,9,47.4,5.3,47.4],[9,150,18,6,9,3,33.3,50,16.7],[10,152,19,6,8,5,31.6,42.1,26.3],[11,508,18,6,6,6,33.3,33.3,33.3],[12,166,18,6,5,7,33.3,27.8,38.9],[13,179,19,6,4,9,31.6,21.1,47.4],[14,183,19,6,4,9,31.6,21.1,47.4],[15,560,19,6,3,10,31.6,15.8,52.6],[16,1419,18,5,5,8,27.8,27.8,44.4],[17,168,19,5,4,10,26.3,21.1,52.6],[18,189,18,4,5,9,22.2,27.8,50],[19,185,19,4,4,11,21.1,21.1,57.9],[20,552,18,3,3,12,16.7,16.7,66.7]];
var addUp = [346,45.5,14,1.8,400,52.6,[57.9,176,187],[68.4,552],[63.2,1419],[73.7,195],[63.2,187,174,176],[73.7,552]];
var addUpHalf = [284,37.9,166,22.1,300,40,[56.8,195],[56.8,166],[57.9,1419,185],[73.7,166],[61.1,195],[66.7,552]];
var lastUpdateTime = '2025-01-20 14:33:57';
