var arrLeague = [23,'葡萄牙超级联赛','葡萄牙超級聯賽','Liga Portugal 1','2023-2024','#006665','league_match/images/1j5w1nhx8v10.png','葡超','葡超','POR D1'];
var arrTeam = [[457,'博阿维斯塔','博維斯塔','Boavista FC','','images/165095598511.png',0],[459,'布拉加','布拉加','Sporting Braga','','images/165095600132.png',0],[463,'本菲卡','賓菲加','Benfica','','images/165095593478.png',0],[466,'里斯本竞技','士砵亭','Sporting CP','','images/165095607959.png',0],[468,'波尔图','波圖','FC Porto','','images/165095597156.png',0],[476,'里奥阿维','里奧阿維','Rio Ave','','images/476/1hdajkkb221n.png',0],[486,'埃斯托里尔','伊斯托里爾','Estoril','','images/165095590467.png',0],[919,'吉维森特','基維辛迪','Gil Vicente','','images/919/1gpyrknv73a.png',0],[924,'摩里伦斯','摩里倫斯','Moreirense','','images/165095611817.png',0],[927,'吉马良斯','甘馬雷斯','Vitoria Guimaraes','','images/165095604742.png',0],[999,'查维斯','沙維斯','GD Chaves','','images/999/1j50e1skc91a.png',0],[1005,'阿马多拉','阿馬多拉','Estrela da Amadora','','images/1005/1hfze4rm9j2s.png',0],[1554,'朴迪莫伦斯','樸迪莫倫斯','Portimonense','','images/165095613598.png',0],[2798,'维泽拉','維薛拿','Vizela','','images/2798/1j50e1skc129.png',0],[4970,'法马利康','法馬利卡奧','FC Famalicao','','images/165095601658.png',0],[4971,'卡萨比亚','卡薩比亞','Casa Pia AC','','images/4971/1gpyrknv762x.png',0],[9046,'阿罗卡','阿洛卡','FC Arouca','','images/16509559199.png',0],[11499,'法伦斯','法倫斯','SC Farense','','images/11499/1h6swyav1k1h.png',0]];
var TotalBs = [[1,486,34,21,0,13,61.8,0,38.2],[2,9046,34,19,3,12,55.9,8.8,35.3],[3,1554,34,19,1,14,55.9,2.9,41.2],[4,459,34,18,6,10,52.9,17.6,29.4],[5,463,34,18,2,14,52.9,5.9,41.2],[6,927,34,18,1,15,52.9,2.9,44.1],[7,999,34,18,1,15,52.9,2.9,44.1],[8,2798,34,18,1,15,52.9,2.9,44.1],[9,11499,34,17,2,15,50,5.9,44.1],[10,457,34,17,0,17,50,0,50],[11,466,34,16,7,11,47.1,20.6,32.4],[12,4971,34,16,1,17,47.1,2.9,50],[13,468,34,15,2,17,44.1,5.9,50],[14,4970,34,14,3,17,41.2,8.8,50],[15,1005,34,14,2,18,41.2,5.9,52.9],[16,919,34,14,1,19,41.2,2.9,55.9],[17,476,34,11,2,21,32.4,5.9,61.8],[18,924,34,11,1,22,32.4,2.9,64.7]];
var HomeBs = [[1,999,17,11,1,5,64.7,5.9,29.4],[2,9046,17,10,1,6,58.8,5.9,35.3],[3,927,17,10,0,7,58.8,0,41.2],[4,2798,17,10,0,7,58.8,0,41.2],[5,1005,17,9,1,7,52.9,5.9,41.2],[6,463,17,9,1,7,52.9,5.9,41.2],[7,457,17,9,0,8,52.9,0,47.1],[8,486,17,9,0,8,52.9,0,47.1],[9,4970,17,9,0,8,52.9,0,47.1],[10,11499,17,9,0,8,52.9,0,47.1],[11,466,17,8,4,5,47.1,23.5,29.4],[12,1554,17,8,1,8,47.1,5.9,47.1],[13,468,17,7,1,9,41.2,5.9,52.9],[14,919,17,7,0,10,41.2,0,58.8],[15,476,17,6,1,10,35.3,5.9,58.8],[16,924,17,6,0,11,35.3,0,64.7],[17,459,17,5,6,6,29.4,35.3,35.3],[18,4971,17,5,1,11,29.4,5.9,64.7]];
var GuestBs = [[1,459,17,13,0,4,76.5,0,23.5],[2,486,17,12,0,5,70.6,0,29.4],[3,1554,17,11,0,6,64.7,0,35.3],[4,4971,17,11,0,6,64.7,0,35.3],[5,9046,17,9,2,6,52.9,11.8,35.3],[6,463,17,9,1,7,52.9,5.9,41.2],[7,466,17,8,3,6,47.1,17.6,35.3],[8,11499,17,8,2,7,47.1,11.8,41.2],[9,2798,17,8,1,8,47.1,5.9,47.1],[10,468,17,8,1,8,47.1,5.9,47.1],[11,927,17,8,1,8,47.1,5.9,47.1],[12,457,17,8,0,9,47.1,0,52.9],[13,919,17,7,1,9,41.2,5.9,52.9],[14,999,17,7,0,10,41.2,0,58.8],[15,4970,17,5,3,9,29.4,17.6,52.9],[16,1005,17,5,1,11,29.4,5.9,64.7],[17,924,17,5,1,11,29.4,5.9,64.7],[18,476,17,5,1,11,29.4,5.9,64.7]];
var TotalBsHalf = [[1,466,34,19,4,11,55.9,11.8,32.4],[2,457,34,18,6,10,52.9,17.6,29.4],[3,11499,34,16,11,7,47.1,32.4,20.6],[4,999,34,16,8,10,47.1,23.5,29.4],[5,486,34,16,5,13,47.1,14.7,38.2],[6,927,34,15,10,9,44.1,29.4,26.5],[7,4971,34,15,3,16,44.1,8.8,47.1],[8,9046,34,14,10,10,41.2,29.4,29.4],[9,4970,34,14,9,11,41.2,26.5,32.4],[10,2798,34,14,7,13,41.2,20.6,38.2],[11,463,34,14,2,18,41.2,5.9,52.9],[12,468,34,14,2,18,41.2,5.9,52.9],[13,1554,34,12,9,13,35.3,26.5,38.2],[14,919,34,12,7,15,35.3,20.6,44.1],[15,924,34,11,8,15,32.4,23.5,44.1],[16,476,34,11,6,17,32.4,17.6,50],[17,459,34,11,3,20,32.4,8.8,58.8],[18,1005,34,8,8,18,23.5,23.5,52.9]];
var HomeBsHalf = [[1,466,17,11,1,5,64.7,5.9,29.4],[2,11499,17,10,4,3,58.8,23.5,17.6],[3,999,17,9,5,3,52.9,29.4,17.6],[4,2798,17,9,3,5,52.9,17.6,29.4],[5,457,17,9,3,5,52.9,17.6,29.4],[6,927,17,8,5,4,47.1,29.4,23.5],[7,4970,17,8,3,6,47.1,17.6,35.3],[8,463,17,7,1,9,41.2,5.9,52.9],[9,9046,17,6,6,5,35.3,35.3,29.4],[10,1554,17,6,5,6,35.3,29.4,35.3],[11,924,17,6,5,6,35.3,29.4,35.3],[12,1005,17,6,4,7,35.3,23.5,41.2],[13,486,17,6,2,9,35.3,11.8,52.9],[14,468,17,6,1,10,35.3,5.9,58.8],[15,476,17,5,3,9,29.4,17.6,52.9],[16,919,17,5,3,9,29.4,17.6,52.9],[17,4971,17,4,3,10,23.5,17.6,58.8],[18,459,17,4,2,11,23.5,11.8,64.7]];
var GuestBsHalf = [[1,4971,17,11,0,6,64.7,0,35.3],[2,486,17,10,3,4,58.8,17.6,23.5],[3,457,17,9,3,5,52.9,17.6,29.4],[4,9046,17,8,4,5,47.1,23.5,29.4],[5,466,17,8,3,6,47.1,17.6,35.3],[6,468,17,8,1,8,47.1,5.9,47.1],[7,927,17,7,5,5,41.2,29.4,29.4],[8,919,17,7,4,6,41.2,23.5,35.3],[9,999,17,7,3,7,41.2,17.6,41.2],[10,459,17,7,1,9,41.2,5.9,52.9],[11,463,17,7,1,9,41.2,5.9,52.9],[12,11499,17,6,7,4,35.3,41.2,23.5],[13,4970,17,6,6,5,35.3,35.3,29.4],[14,1554,17,6,4,7,35.3,23.5,41.2],[15,476,17,6,3,8,35.3,17.6,47.1],[16,2798,17,5,4,8,29.4,23.5,47.1],[17,924,17,5,3,9,29.4,17.6,52.9],[18,1005,17,2,4,11,11.8,23.5,64.7]];
var addUp = [294,48,36,5.9,282,46.1,[61.8,486],[64.7,924],[64.7,999],[64.7,924,4971],[76.5,459],[64.7,1005,924,476]];
var addUpHalf = [250,40.8,118,19.3,244,39.9,[55.9,466],[58.8,459],[64.7,466],[64.7,459],[64.7,4971],[64.7,1005]];
var lastUpdateTime = '2025-01-18 10:07:11';
