var arrLeague = [5,'比利时甲组联赛','比利時甲組聯賽','Belgian Pro League','2022-2023','#FC9B0A','league_match/images/1j5w1nybsp9.png','比甲','比甲','BEL D1'];
var arrTeam = [[118,'韦斯特鲁','韋斯達路','Westerlo','','images/118/1jeascxjbx31.png',0],[122,'沙勒罗瓦','查內爾','Charleroi','','images/122/1j3veftrymp.png',0],[130,'标准列日','標準列治','Standard Liege','','images/130/1j3veftre2e.png',0],[140,'根特','真特','KAA Gent','','images/140/1gv1yqjs390.png',0],[147,'亨克','亨克','Racing Genk','','images/147/1h54k7bfph11.png',0],[148,'布鲁日','布魯日','Club Brugge','','images/148/1hxqrpwvs12q.png',0],[153,'安德莱赫特','安德列治','Anderlecht','','images/153/1gv1yqjs302r.png',0],[156,'圣图尔登','聖圖爾登','Sint-Truidense','','images/156/1hcgsmb1gpc.png',0],[164,'色格拉布鲁日','色格拉布魯日','Cercle Brugge','','images/164/1gq1zqkdtp6.png',0],[170,'奥斯坦德','奧斯坦德','Oostende','','images/170/1gq201wpefs.png',0],[1242,'科特赖克','哥積克','Kortrijk','','images/1242/1j22rz4and1t.png',0],[1244,'梅赫伦','梅赫倫','Mechelen','','images/1244/1gtqkzv9ys23.png',0],[1316,'欧本','歐本','KAS Eupen','','images/1316/1j5hhgvw2cv.png',0],[1317,'圣吉罗斯','聖吉羅斯','Saint Gilloise','','images/1317/1hxqrpwvsyx.png',0],[1319,'威尔郡','威爾郡','Zulte-Waregem','','images/1319/1j5hhgvw2dj.png',0],[1686,'安特卫普','安特衛普','Royal Antwerp','','images/1686/1gtqkzv9yt13.png',0],[2606,'奥德赫维里','奧特希費利','Oud Heverlee','','images/2606/1gq15c96p07.png',0],[8575,'瑟兰联','瑟蘭聯','Seraing United','','images/8575/1h5bja70zw1x.png',0]];
var TotalBs = [[1,147,39,25,3,11,64.1,7.7,28.2],[2,118,40,23,0,17,57.5,0,42.5],[3,1317,40,22,3,15,55,7.5,37.5],[4,140,40,22,2,16,55,5,40],[5,130,39,22,0,17,56.4,0,43.6],[6,170,34,21,3,10,61.8,8.8,29.4],[7,148,40,21,3,16,52.5,7.5,40],[8,164,40,21,0,19,52.5,0,47.5],[9,1319,34,20,1,13,58.8,2.9,38.2],[10,122,33,19,1,13,57.6,3,39.4],[11,1244,33,18,4,11,54.5,12.1,33.3],[12,2606,34,18,1,15,52.9,2.9,44.1],[13,1316,34,17,3,14,50,8.8,41.2],[14,1242,34,17,2,15,50,5.9,44.1],[15,1686,40,17,1,22,42.5,2.5,55],[16,8575,33,16,1,16,48.5,3,48.5],[17,153,33,16,0,17,48.5,0,51.5],[18,156,34,15,0,19,44.1,0,55.9]];
var HomeBs = [[1,118,20,15,0,5,75,0,25],[2,147,20,13,2,5,65,10,25],[3,170,17,12,1,4,70.6,5.9,23.5],[4,1319,17,11,1,5,64.7,5.9,29.4],[5,130,19,11,0,8,57.9,0,42.1],[6,122,16,10,0,6,62.5,0,37.5],[7,1244,17,10,1,6,58.8,5.9,35.3],[8,1317,20,10,2,8,50,10,40],[9,148,20,10,1,9,50,5,45],[10,1686,20,10,1,9,50,5,45],[11,153,17,9,0,8,52.9,0,47.1],[12,140,20,9,2,9,45,10,45],[13,164,20,9,0,11,45,0,55],[14,1316,17,8,2,7,47.1,11.8,41.2],[15,2606,17,8,1,8,47.1,5.9,47.1],[16,156,17,8,0,9,47.1,0,52.9],[17,1242,17,8,0,9,47.1,0,52.9],[18,8575,16,4,0,12,25,0,75]];
var GuestBs = [[1,140,20,13,0,7,65,0,35],[2,8575,17,12,1,4,70.6,5.9,23.5],[3,147,19,12,1,6,63.2,5.3,31.6],[4,1317,20,12,1,7,60,5,35],[5,164,20,12,0,8,60,0,40],[6,148,20,11,2,7,55,10,35],[7,130,20,11,0,9,55,0,45],[8,2606,17,10,0,7,58.8,0,41.2],[9,1242,17,9,2,6,52.9,11.8,35.3],[10,170,17,9,2,6,52.9,11.8,35.3],[11,122,17,9,1,7,52.9,5.9,41.2],[12,1316,17,9,1,7,52.9,5.9,41.2],[13,1319,17,9,0,8,52.9,0,47.1],[14,1244,16,8,3,5,50,18.8,31.2],[15,118,20,8,0,12,40,0,60],[16,153,16,7,0,9,43.8,0,56.2],[17,156,17,7,0,10,41.2,0,58.8],[18,1686,20,7,0,13,35,0,65]];
var TotalBsHalf = [[1,147,39,24,4,11,61.5,10.3,28.2],[2,1244,33,17,4,12,51.5,12.1,36.4],[3,1316,34,17,3,14,50,8.8,41.2],[4,170,34,16,8,10,47.1,23.5,29.4],[5,8575,33,16,7,10,48.5,21.2,30.3],[6,1686,40,16,10,14,40,25,35],[7,148,40,16,7,17,40,17.5,42.5],[8,1317,40,15,13,12,37.5,32.5,30],[9,118,40,15,11,14,37.5,27.5,35],[10,140,40,15,10,15,37.5,25,37.5],[11,130,39,15,8,16,38.5,20.5,41],[12,1319,34,14,5,15,41.2,14.7,44.1],[13,2606,34,13,6,15,38.2,17.6,44.1],[14,1242,34,13,6,15,38.2,17.6,44.1],[15,122,33,12,8,13,36.4,24.2,39.4],[16,164,40,12,15,13,30,37.5,32.5],[17,153,33,9,7,17,27.3,21.2,51.5],[18,156,34,7,14,13,20.6,41.2,38.2]];
var HomeBsHalf = [[1,147,20,12,0,8,60,0,40],[2,1244,17,10,1,6,58.8,5.9,35.3],[3,118,20,10,3,7,50,15,35],[4,170,17,9,6,2,52.9,35.3,11.8],[5,1686,20,9,7,4,45,35,20],[6,1316,17,9,3,5,52.9,17.6,29.4],[7,1319,17,8,2,7,47.1,11.8,41.2],[8,2606,17,7,5,5,41.2,29.4,29.4],[9,164,20,7,6,7,35,30,35],[10,122,16,6,4,6,37.5,25,37.5],[11,130,19,6,7,6,31.6,36.8,31.6],[12,1242,17,6,3,8,35.3,17.6,47.1],[13,1317,20,6,5,9,30,25,45],[14,148,20,6,3,11,30,15,55],[15,140,20,6,3,11,30,15,55],[16,156,17,5,7,5,29.4,41.2,29.4],[17,153,17,5,3,9,29.4,17.6,52.9],[18,8575,16,4,5,7,25,31.2,43.8]];
var GuestBsHalf = [[1,8575,17,12,2,3,70.6,11.8,17.6],[2,147,19,12,4,3,63.2,21.1,15.8],[3,148,20,10,4,6,50,20,30],[4,1317,20,9,8,3,45,40,15],[5,140,20,9,7,4,45,35,20],[6,130,20,9,1,10,45,5,50],[7,1316,17,8,0,9,47.1,0,52.9],[8,1244,16,7,3,6,43.8,18.8,37.5],[9,1242,17,7,3,7,41.2,17.6,41.2],[10,170,17,7,2,8,41.2,11.8,47.1],[11,1686,20,7,3,10,35,15,50],[12,122,17,6,4,7,35.3,23.5,41.2],[13,1319,17,6,3,8,35.3,17.6,47.1],[14,2606,17,6,1,10,35.3,5.9,58.8],[15,164,20,5,9,6,25,45,30],[16,118,20,5,8,7,25,40,35],[17,153,16,4,4,8,25,25,50],[18,156,17,2,7,8,11.8,41.2,47.1]];
var addUp = [350,53.5,28,4.3,276,42.2,[64.1,147],[55.9,156],[75,118],[75,8575],[70.6,8575],[65,1686]];
var addUpHalf = [262,40.1,146,22.3,246,37.6,[61.5,147],[51.5,153],[60,147],[55,148,140],[70.6,8575],[58.8,2606]];
var lastUpdateTime = '2025-01-18 11:08:22';
