var arrLeague = [26,'瑞典超级联赛','瑞典超級聯賽','Swedish Allsvenskan','2025','#004488','league_match/images/20200420031221.jpg','瑞典超','瑞典超','SWE D1'];
var arrTeam = [[400,'索尔纳','AIK蘇納','AIK Solna','','images/400/1h8asp945qp.png',0],[408,'马尔默','馬模','Malmo FF','','images/408/1hptap45j3v.png',0],[410,'哈马比','哈馬比','Hammarby','','images/410/1h6wfe05rw26.png',0],[413,'哥德堡','哥登堡','IFK Goteborg','','images/413/1hg209brnt23.png',0],[417,'埃尔夫斯堡','艾夫斯堡','Elfsborg','','images/417/1h8wtxnzmc2g.png',0],[421,'尤尔加登','佐加頓斯','Djurgardens','','images/421/1gv1yreqw82.png',0],[424,'哈尔姆斯塔德','咸史泰斯','Halmstads','','images/424/1grmna9rvh24.png',0],[1516,'奥斯达','奧斯達','Osters IF','','images/1516/1h8fzp9sw81e.png',0],[1518,'赫根','赫根','Hacken','','images/1518/1h53w2zt69f.png',0],[1522,'哥德堡盖斯','加爾斯','GAIS','','images/1522/1h8wtya6esp.png',0],[1526,'布洛马波卡纳','龐馬普卡納','Brommapojkarna','','images/1526/1h8jkhmh491m.png',0],[2088,'代格福什','迪加科斯','Degerfors IF','','images/2088/1h8fzpmyv32k.png',0],[2091,'米亚尔比','米贊比','Mjallby AIF','','images/2091/1h8fzp9swxp.png',0],[2165,'北雪平','諾高平','IFK Norrkoping FK','','images/2165/1ht6ehmpr52t.png',0],[2178,'韦纳穆','華納莫','IFK Varnamo','','images/2178/1h8t9wgp5f16.png',0],[2782,'天狼星','天狼星','IK Sirius FK','','images/2782/1h8wtxnzmj9.png',0]];
var TotalPanLu = [[1,2091,30,20,3,7,21,3,6,15,70,10,20],[2,1522,30,19,3,8,17,2,11,6,56.7,6.7,36.7],[3,400,30,19,4,7,16,3,11,5,53.3,10,36.7],[4,413,30,15,6,9,16,2,12,4,53.3,6.7,40],[5,410,30,24,5,1,15,4,11,4,50,13.3,36.7],[6,2782,30,9,3,18,15,1,14,1,50,3.3,46.7],[7,424,30,1,3,26,14,3,13,1,46.7,10,43.3],[8,1516,30,4,1,25,14,1,15,-1,46.7,3.3,50],[9,1518,30,11,7,12,13,2,15,-2,43.3,6.7,50],[10,417,30,19,2,9,13,0,17,-4,43.3,0,56.7],[11,421,30,20,3,7,12,4,14,-2,40,13.3,46.7],[12,408,30,27,3,0,12,2,16,-4,40,6.7,53.3],[13,2165,30,5,4,21,12,2,16,-4,40,6.7,53.3],[14,2088,30,6,3,21,11,2,17,-6,36.7,6.7,56.7],[15,1526,30,6,8,16,10,5,15,-5,33.3,16.7,50],[16,2178,30,5,2,23,10,2,18,-8,33.3,6.7,60]];
var HomePanLu = [[1,2091,15,13,2,0,8,3,4,4,53.3,20,26.7],[2,400,15,12,2,1,8,2,5,3,53.3,13.3,33.3],[3,410,15,14,1,0,8,2,5,3,53.3,13.3,33.3],[4,417,15,13,1,1,8,0,7,1,53.3,0,46.7],[5,1522,15,12,2,1,7,2,6,1,46.7,13.3,40],[6,2782,15,7,2,6,7,0,8,-1,46.7,0,53.3],[7,424,15,1,3,11,6,2,7,-1,40,13.3,46.7],[8,1518,15,8,3,4,6,1,8,-2,40,6.7,53.3],[9,2165,15,5,3,7,6,0,9,-3,40,0,60],[10,1516,15,4,0,11,6,0,9,-3,40,0,60],[11,408,15,15,0,0,6,0,9,-3,40,0,60],[12,413,15,12,1,2,5,2,8,-3,33.3,13.3,53.3],[13,2178,15,4,2,9,5,1,9,-4,33.3,6.7,60],[14,421,15,13,1,1,4,3,8,-4,26.7,20,53.3],[15,1526,15,5,4,6,4,0,11,-7,26.7,0,73.3],[16,2088,15,5,3,7,3,1,11,-8,20,6.7,73.3]];
var GuestPanLu = [[1,2091,15,7,1,7,13,0,2,11,86.7,0,13.3],[2,413,15,3,5,7,11,0,4,7,73.3,0,26.7],[3,1522,15,7,1,7,10,0,5,5,66.7,0,33.3],[4,2088,15,1,0,14,8,1,6,2,53.3,6.7,40],[5,2782,15,2,1,12,8,1,6,2,53.3,6.7,40],[6,400,15,7,2,6,8,1,6,2,53.3,6.7,40],[7,421,15,7,2,6,8,1,6,2,53.3,6.7,40],[8,424,15,0,0,15,8,1,6,2,53.3,6.7,40],[9,1516,15,0,1,14,8,1,6,2,53.3,6.7,40],[10,410,15,10,4,1,7,2,6,1,46.7,13.3,40],[11,1518,15,3,4,8,7,1,7,0,46.7,6.7,46.7],[12,1526,15,1,4,10,6,5,4,2,40,33.3,26.7],[13,2165,15,0,1,14,6,2,7,-1,40,13.3,46.7],[14,408,15,12,3,0,6,2,7,-1,40,13.3,46.7],[15,2178,15,1,0,14,5,1,9,-4,33.3,6.7,60],[16,417,15,6,1,8,5,0,10,-5,33.3,0,66.7]];
var TotalHalfPanLu = [[1,1522,30,16,8,6,18,2,10,8,60,6.7,33.3],[2,2782,30,7,11,12,17,6,7,10,56.7,20,23.3],[3,424,30,1,6,23,17,3,10,7,56.7,10,33.3],[4,1516,30,1,8,21,16,4,10,6,53.3,13.3,33.3],[5,2091,30,18,7,5,16,2,12,4,53.3,6.7,40],[6,2165,30,4,9,17,16,2,12,4,53.3,6.7,40],[7,408,30,23,7,0,13,3,14,-1,43.3,10,46.7],[8,413,30,9,13,8,12,5,13,-1,40,16.7,43.3],[9,400,30,13,13,4,12,5,13,-1,40,16.7,43.3],[10,1526,30,5,11,14,12,5,13,-1,40,16.7,43.3],[11,421,30,16,9,5,12,3,15,-3,40,10,50],[12,2088,30,4,7,19,11,4,15,-4,36.7,13.3,50],[13,2178,30,2,8,20,11,3,16,-5,36.7,10,53.3],[14,410,30,21,9,0,10,4,16,-6,33.3,13.3,53.3],[15,417,30,18,5,7,9,3,18,-9,30,10,60],[16,1518,30,10,13,7,8,6,16,-8,26.7,20,53.3]];
var HomeHalfPanLu = [[1,2782,15,7,6,2,9,1,5,4,60,6.7,33.3],[2,424,15,1,5,9,8,3,4,4,53.3,20,26.7],[3,1516,15,1,7,7,8,3,4,4,53.3,20,26.7],[4,1522,15,11,4,0,8,2,5,3,53.3,13.3,33.3],[5,421,15,11,3,1,7,1,7,0,46.7,6.7,46.7],[6,2178,15,2,7,6,6,3,6,0,40,20,40],[7,2165,15,4,6,5,6,2,7,-1,40,13.3,46.7],[8,417,15,13,1,1,6,1,8,-2,40,6.7,53.3],[9,410,15,14,1,0,6,1,8,-2,40,6.7,53.3],[10,2091,15,13,2,0,6,0,9,-3,40,0,60],[11,400,15,9,6,0,5,4,6,-1,33.3,26.7,40],[12,413,15,8,6,1,4,2,9,-5,26.7,13.3,60],[13,1526,15,5,6,4,4,2,9,-5,26.7,13.3,60],[14,2088,15,4,4,7,4,2,9,-5,26.7,13.3,60],[15,408,15,14,1,0,4,0,11,-7,26.7,0,73.3],[16,1518,15,8,7,0,2,3,10,-8,13.3,20,66.7]];
var GuestHalfPanLu = [[1,2091,15,5,5,5,10,2,3,7,66.7,13.3,20],[2,2165,15,0,3,12,10,0,5,5,66.7,0,33.3],[3,1522,15,5,4,6,10,0,5,5,66.7,0,33.3],[4,408,15,9,6,0,9,3,3,6,60,20,20],[5,424,15,0,1,14,9,0,6,3,60,0,40],[6,2782,15,0,5,10,8,5,2,6,53.3,33.3,13.3],[7,1526,15,0,5,10,8,3,4,4,53.3,20,26.7],[8,413,15,1,7,7,8,3,4,4,53.3,20,26.7],[9,1516,15,0,1,14,8,1,6,2,53.3,6.7,40],[10,2088,15,0,3,12,7,2,6,1,46.7,13.3,40],[11,400,15,4,7,4,7,1,7,0,46.7,6.7,46.7],[12,1518,15,2,6,7,6,3,6,0,40,20,40],[13,421,15,5,6,4,5,2,8,-3,33.3,13.3,53.3],[14,2178,15,0,1,14,5,0,10,-5,33.3,0,66.7],[15,410,15,7,8,0,4,3,8,-4,26.7,20,53.3],[16,417,15,5,4,6,3,2,10,-7,20,13.3,66.7]];
var addUp = [97,40.4,19,7.9,124,51.7,[70,2091],[60,2178],[53.3,2091,400,410,417],[73.3,1526,2088],[86.7,2091],[66.7,417],[16.7,1526],[0,417]];
var addUpHalf = [93,38.8,30,12.5,117,48.8,[60,1522],[60,417],[60,2782],[73.3,408],[66.7,2091,2165,1522],[66.7,2178,417],[20,2782,1518],[6.7,1522,2091,2165]];
var lastUpdateTime = '2025-11-10 23:00:00';
