var arrLeague = [26,'瑞典超级联赛','瑞典超級聯賽','Swedish Allsvenskan','2025','#004488','league_match/images/20200420031221.jpg','瑞典超','瑞典超','SWE D1'];
var arrTeam = [[400,'索尔纳','AIK蘇納','AIK Solna','','images/400/1h8asp945qp.png',0],[408,'马尔默','馬模','Malmo FF','','images/408/1hptap45j3v.png',0],[410,'哈马比','哈馬比','Hammarby','','images/410/1h6wfe05rw26.png',0],[413,'哥德堡','哥登堡','IFK Goteborg','','images/413/1hg209brnt23.png',0],[417,'埃尔夫斯堡','艾夫斯堡','Elfsborg','','images/417/1h8wtxnzmc2g.png',0],[421,'尤尔加登','佐加頓斯','Djurgardens','','images/421/1gv1yreqw82.png',0],[424,'哈尔姆斯塔德','咸史泰斯','Halmstads','','images/424/1grmna9rvh24.png',0],[1516,'奥斯达','奧斯達','Osters IF','','images/1516/1h8fzp9sw81e.png',0],[1518,'赫根','赫根','Hacken','','images/1518/1h53w2zt69f.png',0],[1522,'哥德堡盖斯','加爾斯','GAIS','','images/1522/1h8wtya6esp.png',0],[1526,'布洛马波卡纳','龐馬普卡納','Brommapojkarna','','images/1526/1h8jkhmh491m.png',0],[2088,'代格福什','迪加科斯','Degerfors IF','','images/2088/1h8fzpmyv32k.png',0],[2091,'米亚尔比','米贊比','Mjallby AIF','','images/2091/1h8fzp9swxp.png',0],[2165,'北雪平','諾高平','IFK Norrkoping FK','','images/2165/1ht6ehmpr52t.png',0],[2178,'韦纳穆','華納莫','IFK Varnamo','','images/2178/1h8t9wgp5f16.png',0],[2782,'天狼星','天狼星','IK Sirius FK','','images/2782/1h8wtxnzmj9.png',0]];
var TotalBs = [[1,2782,30,19,2,9,63.3,6.7,30],[2,2178,30,19,0,11,63.3,0,36.7],[3,2088,30,17,0,13,56.7,0,43.3],[4,410,30,16,0,14,53.3,0,46.7],[5,2165,30,15,3,12,50,10,40],[6,400,30,15,1,14,50,3.3,46.7],[7,417,30,14,4,12,46.7,13.3,40],[8,413,30,14,1,15,46.7,3.3,50],[9,408,30,12,3,15,40,10,50],[10,424,30,12,2,16,40,6.7,53.3],[11,1522,30,12,2,16,40,6.7,53.3],[12,1526,30,12,2,16,40,6.7,53.3],[13,2091,30,12,1,17,40,3.3,56.7],[14,1518,30,11,4,15,36.7,13.3,50],[15,421,30,11,1,18,36.7,3.3,60],[16,1516,30,11,0,19,36.7,0,63.3]];
var HomeBs = [[1,417,15,10,1,4,66.7,6.7,26.7],[2,2178,15,10,0,5,66.7,0,33.3],[3,2782,15,10,0,5,66.7,0,33.3],[4,2165,15,8,2,5,53.3,13.3,33.3],[5,400,15,8,0,7,53.3,0,46.7],[6,410,15,8,0,7,53.3,0,46.7],[7,1526,15,7,1,7,46.7,6.7,46.7],[8,413,15,7,0,8,46.7,0,53.3],[9,424,15,7,0,8,46.7,0,53.3],[10,1516,15,7,0,8,46.7,0,53.3],[11,408,15,6,3,6,40,20,40],[12,1518,15,6,2,7,40,13.3,46.7],[13,421,15,5,1,9,33.3,6.7,60],[14,2088,15,5,0,10,33.3,0,66.7],[15,1522,15,4,2,9,26.7,13.3,60],[16,2091,15,3,1,11,20,6.7,73.3]];
var GuestBs = [[1,2088,15,12,0,3,80,0,20],[2,2782,15,9,2,4,60,13.3,26.7],[3,2091,15,9,0,6,60,0,40],[4,2178,15,9,0,6,60,0,40],[5,410,15,8,0,7,53.3,0,46.7],[6,1522,15,8,0,7,53.3,0,46.7],[7,413,15,7,1,7,46.7,6.7,46.7],[8,400,15,7,1,7,46.7,6.7,46.7],[9,2165,15,7,1,7,46.7,6.7,46.7],[10,408,15,6,0,9,40,0,60],[11,421,15,6,0,9,40,0,60],[12,424,15,5,2,8,33.3,13.3,53.3],[13,1518,15,5,2,8,33.3,13.3,53.3],[14,1526,15,5,1,9,33.3,6.7,60],[15,417,15,4,3,8,26.7,20,53.3],[16,1516,15,4,0,11,26.7,0,73.3]];
var TotalBsHalf = [[1,413,30,14,6,10,46.7,20,33.3],[2,2178,30,14,6,10,46.7,20,33.3],[3,2782,30,13,2,15,43.3,6.7,50],[4,421,30,12,6,12,40,20,40],[5,424,30,12,6,12,40,20,40],[6,410,30,12,4,14,40,13.3,46.7],[7,417,30,12,4,14,40,13.3,46.7],[8,400,30,11,11,8,36.7,36.7,26.7],[9,2088,30,11,8,11,36.7,26.7,36.7],[10,408,30,11,3,16,36.7,10,53.3],[11,1522,30,10,11,9,33.3,36.7,30],[12,2091,30,10,7,13,33.3,23.3,43.3],[13,1518,30,10,2,18,33.3,6.7,60],[14,2165,30,9,5,16,30,16.7,53.3],[15,1516,30,8,3,19,26.7,10,63.3],[16,1526,30,7,6,17,23.3,20,56.7]];
var HomeBsHalf = [[1,2178,15,8,3,4,53.3,20,26.7],[2,417,15,8,2,5,53.3,13.3,33.3],[3,421,15,7,2,6,46.7,13.3,40],[4,410,15,7,2,6,46.7,13.3,40],[5,413,15,7,2,6,46.7,13.3,40],[6,2782,15,7,1,7,46.7,6.7,46.7],[7,424,15,6,3,6,40,20,40],[8,400,15,5,6,4,33.3,40,26.7],[9,1522,15,5,4,6,33.3,26.7,40],[10,1526,15,5,3,7,33.3,20,46.7],[11,1518,15,5,2,8,33.3,13.3,53.3],[12,408,15,5,1,9,33.3,6.7,60],[13,2088,15,4,6,5,26.7,40,33.3],[14,2165,15,4,1,10,26.7,6.7,66.7],[15,1516,15,3,2,10,20,13.3,66.7],[16,2091,15,2,5,8,13.3,33.3,53.3]];
var GuestBsHalf = [[1,2091,15,8,2,5,53.3,13.3,33.3],[2,413,15,7,4,4,46.7,26.7,26.7],[3,2088,15,7,2,6,46.7,13.3,40],[4,400,15,6,5,4,40,33.3,26.7],[5,424,15,6,3,6,40,20,40],[6,2178,15,6,3,6,40,20,40],[7,408,15,6,2,7,40,13.3,46.7],[8,2782,15,6,1,8,40,6.7,53.3],[9,1522,15,5,7,3,33.3,46.7,20],[10,421,15,5,4,6,33.3,26.7,40],[11,2165,15,5,4,6,33.3,26.7,40],[12,410,15,5,2,8,33.3,13.3,53.3],[13,1516,15,5,1,9,33.3,6.7,60],[14,1518,15,5,0,10,33.3,0,66.7],[15,417,15,4,2,9,26.7,13.3,60],[16,1526,15,2,3,10,13.3,20,66.7]];
var addUp = [222,46.2,26,5.4,232,48.3,[63.3,2782,2178],[63.3,1516],[66.7,417,2178,2782],[73.3,2091],[80,2088],[73.3,1516]];
var addUpHalf = [176,36.7,90,18.8,214,44.6,[46.7,413,2178],[63.3,1516],[53.3,2178,417],[66.7,2165,1516],[53.3,2091],[66.7,1518,1526]];
var lastUpdateTime = '2025-11-10 23:00:06';
