var arrLeague = [36,'英格兰超级联赛','英格蘭超級聯賽','English Premier League','2012-2013','#FF3333','league_match/images/164577482086.png','英超','英超','ENG PR'];
var arrTeam = [[18,'西布罗姆维奇','西布朗','West Bromwich(WBA)','','images/164869092720.png',0],[19,'阿森纳','阿仙奴','Arsenal','','images/164577419697.png',0],[20,'阿斯顿维拉','阿士東維拉','Aston Villa','','images/1hzrbdqcqe1x.png',0],[24,'切尔西','車路士','Chelsea','','images/164577409120.png',0],[25,'利物浦','利物浦','Liverpool','','images/1j6np822z82a.png',0],[26,'曼彻斯特城','曼城','Manchester City','','images/164577478031.png',0],[27,'曼彻斯特联','曼聯','Manchester United','','images/164577479190.png',0],[28,'纽卡斯尔联','紐卡素','Newcastle United','','images/164577474623.png',0],[29,'富勒姆','富咸','Fulham','','images/16486909637.png',0],[30,'南安普敦','修咸頓','Southampton','','images/164577463784.png',0],[31,'埃弗顿','愛華頓','Everton','','images/164577449385.png',0],[33,'托特纳姆热刺','熱刺','Tottenham Hotspur','','images/1jdbdk17e62x.png',0],[34,'诺维奇','諾域治','Norwich City','','images/165900268751.png',0],[50,'女王公园巡游者','昆士柏流浪','Queens Park Rangers (QPR)','','images/164869102143.png',0],[58,'斯托克城','史篤城','Stoke City','','images/58/1j2fnq1y362w.png',0],[61,'维冈竞技','韋根','Wigan Athletic','','images/165900277897.png',0],[62,'西汉姆联','韋斯咸','West Ham United','','images/164577453830.png',0],[65,'桑德兰','新特蘭','Sunderland A.F.C','','images/165900273323.png',0],[66,'雷丁','雷丁','Reading','','images/164869110710.png',0],[1194,'斯旺西','史雲斯','Swansea City','','images/16590027546.png',0]];
var TotalBs = [[1,61,38,27,0,11,71.1,0,28.9],[2,33,38,25,0,13,65.8,0,34.2],[3,25,38,25,0,13,65.8,0,34.2],[4,28,38,24,0,14,63.2,0,36.8],[5,29,38,24,0,14,63.2,0,36.8],[6,18,38,23,0,15,60.5,0,39.5],[7,24,38,23,0,15,60.5,0,39.5],[8,66,38,23,0,15,60.5,0,39.5],[9,20,38,21,1,16,55.3,2.6,42.1],[10,27,38,21,1,16,55.3,2.6,42.1],[11,31,38,20,0,18,52.6,0,47.4],[12,62,38,19,1,18,50,2.6,47.4],[13,65,38,19,1,18,50,2.6,47.4],[14,1194,38,19,1,18,50,2.6,47.4],[15,34,38,18,0,20,47.4,0,52.6],[16,30,38,18,0,20,47.4,0,52.6],[17,50,38,17,0,21,44.7,0,55.3],[18,26,38,16,3,19,42.1,7.9,50],[19,19,38,16,1,21,42.1,2.6,55.3],[20,58,38,12,1,25,31.6,2.6,65.8]];
var HomeBs = [[1,61,19,15,0,4,78.9,0,21.1],[2,29,19,13,0,6,68.4,0,31.6],[3,28,19,13,0,6,68.4,0,31.6],[4,18,19,12,0,7,63.2,0,36.8],[5,1194,19,12,0,7,63.2,0,36.8],[6,27,19,11,1,7,57.9,5.3,36.8],[7,66,19,11,0,8,57.9,0,42.1],[8,62,19,11,0,8,57.9,0,42.1],[9,19,19,10,1,8,52.6,5.3,42.1],[10,20,19,10,0,9,52.6,0,47.4],[11,31,19,10,0,9,52.6,0,47.4],[12,25,19,10,0,9,52.6,0,47.4],[13,24,19,10,0,9,52.6,0,47.4],[14,30,19,9,0,10,47.4,0,52.6],[15,34,19,9,0,10,47.4,0,52.6],[16,33,19,9,0,10,47.4,0,52.6],[17,26,19,8,3,8,42.1,15.8,42.1],[18,50,19,8,0,11,42.1,0,57.9],[19,58,19,8,0,11,42.1,0,57.9],[20,65,19,6,0,13,31.6,0,68.4]];
var GuestBs = [[1,33,19,16,0,3,84.2,0,15.8],[2,25,19,15,0,4,78.9,0,21.1],[3,65,19,13,1,5,68.4,5.3,26.3],[4,24,19,13,0,6,68.4,0,31.6],[5,66,19,12,0,7,63.2,0,36.8],[6,61,19,12,0,7,63.2,0,36.8],[7,20,19,11,1,7,57.9,5.3,36.8],[8,29,19,11,0,8,57.9,0,42.1],[9,18,19,11,0,8,57.9,0,42.1],[10,28,19,11,0,8,57.9,0,42.1],[11,31,19,10,0,9,52.6,0,47.4],[12,27,19,10,0,9,52.6,0,47.4],[13,30,19,9,0,10,47.4,0,52.6],[14,34,19,9,0,10,47.4,0,52.6],[15,50,19,9,0,10,47.4,0,52.6],[16,62,19,8,1,10,42.1,5.3,52.6],[17,26,19,8,0,11,42.1,0,57.9],[18,1194,19,7,1,11,36.8,5.3,57.9],[19,19,19,6,0,13,31.6,0,68.4],[20,58,19,4,1,14,21.1,5.3,73.7]];
var TotalBsHalf = [[1,24,38,17,8,13,44.7,21.1,34.2],[2,27,37,17,4,16,45.9,10.8,43.2],[3,25,38,16,10,12,42.1,26.3,31.6],[4,31,37,15,12,10,40.5,32.4,27],[5,30,38,15,8,15,39.5,21.1,39.5],[6,19,37,15,6,16,40.5,16.2,43.2],[7,50,37,15,6,16,40.5,16.2,43.2],[8,65,37,14,12,11,37.8,32.4,29.7],[9,61,38,14,11,13,36.8,28.9,34.2],[10,33,38,14,7,17,36.8,18.4,44.7],[11,1194,38,14,6,18,36.8,15.8,47.4],[12,28,38,13,13,12,34.2,34.2,31.6],[13,18,38,13,11,14,34.2,28.9,36.8],[14,34,37,13,8,16,35.1,21.6,43.2],[15,20,37,12,11,14,32.4,29.7,37.8],[16,29,37,11,14,12,29.7,37.8,32.4],[17,62,38,11,15,12,28.9,39.5,31.6],[18,26,38,11,7,20,28.9,18.4,52.6],[19,58,37,10,11,16,27,29.7,43.2],[20,66,37,9,11,17,24.3,29.7,45.9]];
var HomeBsHalf = [[1,61,19,10,6,3,52.6,31.6,15.8],[2,24,19,10,1,8,52.6,5.3,42.1],[3,1194,19,10,1,8,52.6,5.3,42.1],[4,19,19,9,1,9,47.4,5.3,47.4],[5,62,19,8,7,4,42.1,36.8,21.1],[6,50,19,8,4,7,42.1,21.1,36.8],[7,30,19,8,4,7,42.1,21.1,36.8],[8,27,19,8,1,10,42.1,5.3,52.6],[9,18,19,7,5,7,36.8,26.3,36.8],[10,29,19,6,8,5,31.6,42.1,26.3],[11,31,19,6,8,5,31.6,42.1,26.3],[12,65,19,6,7,6,31.6,36.8,31.6],[13,28,19,6,7,6,31.6,36.8,31.6],[14,58,19,6,6,7,31.6,31.6,36.8],[15,66,19,5,6,8,26.3,31.6,42.1],[16,34,19,5,6,8,26.3,31.6,42.1],[17,25,19,5,5,9,26.3,26.3,47.4],[18,33,19,5,3,11,26.3,15.8,57.9],[19,26,19,5,3,11,26.3,15.8,57.9],[20,20,19,4,7,8,21.1,36.8,42.1]];
var GuestBsHalf = [[1,25,19,11,5,3,57.9,26.3,15.8],[2,31,18,9,4,5,50,22.2,27.8],[3,33,19,9,4,6,47.4,21.1,31.6],[4,27,18,9,3,6,50,16.7,33.3],[5,65,18,8,5,5,44.4,27.8,27.8],[6,20,18,8,4,6,44.4,22.2,33.3],[7,34,18,8,2,8,44.4,11.1,44.4],[8,24,19,7,7,5,36.8,36.8,26.3],[9,28,19,7,6,6,36.8,31.6,31.6],[10,30,19,7,4,8,36.8,21.1,42.1],[11,50,18,7,2,9,38.9,11.1,50],[12,18,19,6,6,7,31.6,31.6,36.8],[13,19,18,6,5,7,33.3,27.8,38.9],[14,26,19,6,4,9,31.6,21.1,47.4],[15,29,18,5,6,7,27.8,33.3,38.9],[16,58,18,4,5,9,22.2,27.8,50],[17,66,18,4,5,9,22.2,27.8,50],[18,61,19,4,5,10,21.1,26.3,52.6],[19,1194,19,4,5,10,21.1,26.3,52.6],[20,62,19,3,8,8,15.8,42.1,42.1]];
var addUp = [410,53.9,10,1.3,340,44.7,[71.1,61],[65.8,58],[78.9,61],[68.4,65],[84.2,33],[73.7,58]];
var addUpHalf = [269,35.9,191,25.5,290,38.7,[45.9,27],[52.6,26],[52.6,61,24,1194],[57.9,33,26],[57.9,25],[52.6,61,1194]];
var lastUpdateTime = '2025-01-20 14:33:57';
