var arrLeague = [27,'瑞士超级联赛','瑞士超級聯賽','Switzerland Super League','2020-2021','#1ba578','league_match/images/20151127162550.jpg','瑞士超','瑞士超','SUI SL'];
var arrTeam = [[433,'圣加仑','聖加倫','St. Gallen','','images/433/1gtqm1pz3d2d.png',0],[442,'年青人','年青人','Young Boys','','images/442/1gxmbma5rq4.png',0],[447,'塞尔维特','塞維特','Servette','','images/447/1gtg0nzm9kh.png',0],[449,'苏黎世','蘇黎世','FC Zurich','','images/449/1jh4aqszf629.png',0],[451,'巴塞尔','巴素利','Basel','','images/451/1gv1yreqw0h.png',0],[1229,'卢加诺','盧加諾','Lugano','','images/1229/1gtqm1pzk318.png',0],[1237,'卢森','琉森','Luzern','','images/1237/1h6wfe0585w.png',0],[1238,'瓦杜兹','華杜茲','Vaduz','','images/1238/1h56c4js3q1.png',0],[1323,'锡昂','錫永','FC Sion','','images/1323/1hkrdvr1r626.png',0],[2601,'洛桑','洛桑體育隊','Lausanne Sports','','images/2601/1j0ytn4xd41b.png',0]];
var TotalPanLu = [[1,1323,36,3,7,26,21,4,11,10,58.3,11.1,30.6],[2,1238,36,2,3,31,19,0,17,2,52.8,0,47.2],[3,1229,36,10,10,16,18,2,16,2,50,5.6,44.4],[4,2601,36,16,6,14,17,3,16,1,47.2,8.3,44.4],[5,442,36,36,0,0,17,2,17,0,47.2,5.6,47.2],[6,1237,36,17,6,13,16,3,17,-1,44.4,8.3,47.2],[7,447,36,18,5,13,16,1,19,-3,44.4,2.8,52.8],[8,449,36,6,8,22,15,6,15,0,41.7,16.7,41.7],[9,451,36,22,8,6,15,2,19,-4,41.7,5.6,52.8],[10,433,36,19,9,8,13,3,20,-7,36.1,8.3,55.6]];
var HomePanLu = [[1,1323,18,2,6,10,9,3,6,3,50,16.7,33.3],[2,1237,18,12,2,4,9,2,7,2,50,11.1,38.9],[3,2601,18,11,3,4,9,1,8,1,50,5.6,44.4],[4,451,18,14,2,2,9,1,8,1,50,5.6,44.4],[5,442,18,18,0,0,8,0,10,-2,44.4,0,55.6],[6,1238,18,1,3,14,8,0,10,-2,44.4,0,55.6],[7,447,18,14,1,3,7,1,10,-3,38.9,5.6,55.6],[8,433,18,13,3,2,7,1,10,-3,38.9,5.6,55.6],[9,1229,18,8,6,4,7,0,11,-4,38.9,0,61.1],[10,449,18,5,5,8,6,4,8,-2,33.3,22.2,44.4]];
var GuestPanLu = [[1,1323,18,1,1,16,12,1,5,7,66.7,5.6,27.8],[2,1229,18,2,4,12,11,2,5,6,61.1,11.1,27.8],[3,1238,18,1,0,17,11,0,7,4,61.1,0,38.9],[4,442,18,18,0,0,9,2,7,2,50,11.1,38.9],[5,449,18,1,3,14,9,2,7,2,50,11.1,38.9],[6,447,18,4,4,10,9,0,9,0,50,0,50],[7,2601,18,5,3,10,8,2,8,0,44.4,11.1,44.4],[8,1237,18,5,4,9,7,1,10,-3,38.9,5.6,55.6],[9,433,18,6,6,6,6,2,10,-4,33.3,11.1,55.6],[10,451,18,8,6,4,6,1,11,-5,33.3,5.6,61.1]];
var TotalHalfPanLu = [[1,449,36,4,17,15,20,6,10,10,55.6,16.7,27.8],[2,451,36,15,16,5,19,4,13,6,52.8,11.1,36.1],[3,1323,36,1,14,21,18,9,9,9,50,25,25],[4,1238,36,0,11,25,18,5,13,5,50,13.9,36.1],[5,1229,35,4,21,10,14,6,15,-1,40,17.1,42.9],[6,433,35,14,15,6,14,4,17,-3,40,11.4,48.6],[7,442,36,36,0,0,14,0,22,-8,38.9,0,61.1],[8,2601,36,10,18,8,13,5,18,-5,36.1,13.9,50],[9,1237,36,8,21,7,12,8,16,-4,33.3,22.2,44.4],[10,447,36,11,19,6,10,7,19,-9,27.8,19.4,52.8]];
var HomeHalfPanLu = [[1,451,18,13,3,2,10,1,7,3,55.6,5.6,38.9],[2,449,18,3,12,3,8,3,7,1,44.4,16.7,38.9],[3,2601,18,8,8,2,8,1,9,-1,44.4,5.6,50],[4,433,17,10,5,2,7,1,9,-2,41.2,5.9,52.9],[5,1323,18,1,11,6,7,7,4,3,38.9,38.9,22.2],[6,1229,18,4,12,2,7,3,8,-1,38.9,16.7,44.4],[7,442,18,18,0,0,7,0,11,-4,38.9,0,61.1],[8,1238,18,0,9,9,6,4,8,-2,33.3,22.2,44.4],[9,1237,18,7,9,2,4,4,10,-6,22.2,22.2,55.6],[10,447,18,9,7,2,4,3,11,-7,22.2,16.7,61.1]];
var GuestHalfPanLu = [[1,449,18,1,5,12,12,3,3,9,66.7,16.7,16.7],[2,1238,18,0,2,16,12,1,5,7,66.7,5.6,27.8],[3,1323,18,0,3,15,11,2,5,6,61.1,11.1,27.8],[4,451,18,2,13,3,9,3,6,3,50,16.7,33.3],[5,1237,18,1,12,5,8,4,6,2,44.4,22.2,33.3],[6,1229,17,0,9,8,7,3,7,0,41.2,17.6,41.2],[7,433,18,4,10,4,7,3,8,-1,38.9,16.7,44.4],[8,442,18,18,0,0,7,0,11,-4,38.9,0,61.1],[9,447,18,2,12,4,6,4,8,-2,33.3,22.2,44.4],[10,2601,18,2,10,6,5,4,9,-4,27.8,22.2,50]];
var addUp = [79,43.9,13,7.2,88,48.9,[58.3,1323],[55.6,433],[50,1323,1237,2601,451],[61.1,1229],[66.7,1323],[61.1,451],[16.7,449],[0,1238]];
var addUpHalf = [68,38,27,15.1,84,46.9,[55.6,449],[61.1,442],[55.6,451],[61.1,442,447],[66.7,449,1238],[61.1,442],[25,1323],[0,442]];
var lastUpdateTime = '2025-01-18 16:49:54';
