var arrLeague = [27,'瑞士超级联赛','瑞士超級聯賽','Switzerland Super League','2020-2021','#1ba578','league_match/images/20151127162550.jpg','瑞士超','瑞士超','SUI SL'];
var arrTeam = [[433,'圣加仑','聖加倫','St. Gallen','','images/433/1gtqm1pz3d2d.png',0],[442,'年青人','年青人','Young Boys','','images/442/1gxmbma5rq4.png',0],[447,'塞尔维特','塞維特','Servette','','images/447/1gtg0nzm9kh.png',0],[449,'苏黎世','蘇黎世','FC Zurich','','images/449/1jh4aqszf629.png',0],[451,'巴塞尔','巴素利','Basel','','images/451/1gv1yreqw0h.png',0],[1229,'卢加诺','盧加諾','Lugano','','images/1229/1gtqm1pzk318.png',0],[1237,'卢森','琉森','Luzern','','images/1237/1h6wfe0585w.png',0],[1238,'瓦杜兹','華杜茲','Vaduz','','images/1238/1h56c4js3q1.png',0],[1323,'锡昂','錫永','FC Sion','','images/1323/1hkrdvr1r626.png',0],[2601,'洛桑','洛桑體育隊','Lausanne Sports','','images/2601/1j0ytn4xd41b.png',0]];
var TotalBs = [[1,1237,36,22,3,11,61.1,8.3,30.6],[2,449,36,22,1,13,61.1,2.8,36.1],[3,2601,36,20,2,14,55.6,5.6,38.9],[4,451,36,20,1,15,55.6,2.8,41.7],[5,1323,36,18,1,17,50,2.8,47.2],[6,1238,36,16,1,19,44.4,2.8,52.8],[7,447,36,15,4,17,41.7,11.1,47.2],[8,433,36,15,1,20,41.7,2.8,55.6],[9,442,36,13,3,20,36.1,8.3,55.6],[10,1229,36,13,1,22,36.1,2.8,61.1]];
var HomeBs = [[1,2601,18,13,1,4,72.2,5.6,22.2],[2,1237,18,10,2,6,55.6,11.1,33.3],[3,451,18,10,1,7,55.6,5.6,38.9],[4,449,18,10,0,8,55.6,0,44.4],[5,1323,18,9,1,8,50,5.6,44.4],[6,1238,18,9,0,9,50,0,50],[7,447,18,8,2,8,44.4,11.1,44.4],[8,433,18,7,1,10,38.9,5.6,55.6],[9,1229,18,6,0,12,33.3,0,66.7],[10,442,18,5,1,12,27.8,5.6,66.7]];
var GuestBs = [[1,449,18,12,1,5,66.7,5.6,27.8],[2,1237,18,12,1,5,66.7,5.6,27.8],[3,451,18,10,0,8,55.6,0,44.4],[4,1323,18,9,0,9,50,0,50],[5,442,18,8,2,8,44.4,11.1,44.4],[6,433,18,8,0,10,44.4,0,55.6],[7,447,18,7,2,9,38.9,11.1,50],[8,1229,18,7,1,10,38.9,5.6,55.6],[9,2601,18,7,1,10,38.9,5.6,55.6],[10,1238,18,7,1,10,38.9,5.6,55.6]];
var TotalBsHalf = [[1,449,36,19,3,14,52.8,8.3,38.9],[2,1237,36,16,5,15,44.4,13.9,41.7],[3,451,36,16,3,17,44.4,8.3,47.2],[4,1323,36,15,3,18,41.7,8.3,50],[5,442,36,15,0,21,41.7,0,58.3],[6,2601,36,14,8,14,38.9,22.2,38.9],[7,447,36,11,8,17,30.6,22.2,47.2],[8,433,35,11,2,22,31.4,5.7,62.9],[9,1229,35,10,12,13,28.6,34.3,37.1],[10,1238,36,9,6,21,25,16.7,58.3]];
var HomeBsHalf = [[1,449,18,10,1,7,55.6,5.6,38.9],[2,451,18,9,1,8,50,5.6,44.4],[3,2601,18,8,5,5,44.4,27.8,27.8],[4,442,18,8,0,10,44.4,0,55.6],[5,1237,18,7,1,10,38.9,5.6,55.6],[6,447,18,6,4,8,33.3,22.2,44.4],[7,1323,18,6,1,11,33.3,5.6,61.1],[8,1229,18,5,8,5,27.8,44.4,27.8],[9,1238,18,5,4,9,27.8,22.2,50],[10,433,17,4,0,13,23.5,0,76.5]];
var GuestBsHalf = [[1,1237,18,9,4,5,50,22.2,27.8],[2,1323,18,9,2,7,50,11.1,38.9],[3,449,18,9,2,7,50,11.1,38.9],[4,451,18,7,2,9,38.9,11.1,50],[5,433,18,7,2,9,38.9,11.1,50],[6,442,18,7,0,11,38.9,0,61.1],[7,2601,18,6,3,9,33.3,16.7,50],[8,1229,17,5,4,8,29.4,23.5,47.1],[9,447,18,5,4,9,27.8,22.2,50],[10,1238,18,4,2,12,22.2,11.1,66.7]];
var addUp = [174,48.3,18,5,168,46.7,[61.1,1237,449],[61.1,1229],[72.2,2601],[66.7,1229,442],[66.7,449,1237],[55.6,433,1229,2601,1238]];
var addUpHalf = [136,38,50,14,172,48,[52.8,449],[62.9,433],[55.6,449],[76.5,433],[50,1237,1323,449],[66.7,1238]];
var lastUpdateTime = '2025-01-18 16:50:08';
