var arrLeague = [26,'瑞典超级联赛','瑞典超級聯賽','Swedish Allsvenskan','2016','#004488','league_match/images/20200420031221.jpg','瑞典超','瑞典超','SWE D1'];
var arrTeam = [[400,'索尔纳','AIK蘇納','AIK Solna','','images/400/1h8asp945qp.png',0],[404,'赫尔辛堡','希爾星堡','Helsingborg','','images/404/1h4yn3a5rr27.png',0],[406,'松兹瓦尔','辛斯華爾','GIF Sundsvall','','images/406/1h8fzp9tbvz.png',0],[408,'马尔默','馬模','Malmo FF','','images/408/1hptap45j3v.png',0],[410,'哈马比','哈馬比','Hammarby','','images/410/1h6wfe05rw26.png',0],[413,'哥德堡','哥登堡','IFK Goteborg','','images/413/1hg209brnt23.png',0],[417,'埃尔夫斯堡','艾夫斯堡','Elfsborg','','images/417/1h8wtxnzmc2g.png',0],[419,'奥雷布洛','奧雷布洛','Orebro','','images/419/1htbmr8n137.png',0],[421,'尤尔加登','佐加頓斯','Djurgardens','','images/421/1gv1yreqw82.png',0],[426,'卡尔马','卡馬亞','Kalmar','','images/426/1h6wfe05rcg.png',0],[1518,'赫根','赫根','Hacken','','images/1518/1h53w2zt69f.png',0],[1519,'耶夫勒','加費萊','Gefle IF','','images/1519/1h8wtya6e20.png',0],[1527,'法尔肯堡','科根堡','Falkenberg','','images/1jqgkz50bg14.png',0],[2156,'奥斯特桑斯','奧斯達辛斯','Ostersunds FK','','images/2156/1h8fzp9swx2r.png',0],[2165,'北雪平','諾高平','IFK Norrkoping FK','','images/2165/1ht6ehmpr52t.png',0],[2322,'佐高平斯','索特拿','Jonkopings Sodra IF','','images/2322/1h8fzp9tbp17.png',0]];
var TotalPanLu = [[1,426,30,9,5,16,18,2,10,8,60,6.7,33.3],[2,2165,30,22,5,3,18,1,11,7,60,3.3,36.7],[3,408,29,25,4,1,17,4,8,9,58.6,13.8,27.6],[4,2156,30,9,3,18,17,1,12,5,56.7,3.3,40],[5,413,29,22,3,5,16,0,13,3,55.2,0,44.8],[6,400,30,23,4,3,15,2,13,2,50,6.7,43.3],[7,2322,30,5,5,20,15,1,14,1,50,3.3,46.7],[8,1519,30,3,2,25,13,4,13,0,43.3,13.3,43.3],[9,419,30,11,3,16,13,4,13,0,43.3,13.3,43.3],[10,417,30,20,5,5,13,3,14,-1,43.3,10,46.7],[11,421,30,14,7,9,13,2,15,-2,43.3,6.7,50],[12,404,30,8,4,18,13,1,16,-3,43.3,3.3,53.3],[13,406,30,7,2,21,13,1,16,-3,43.3,3.3,53.3],[14,1518,30,15,7,8,12,2,16,-4,40,6.7,53.3],[15,410,30,12,7,11,10,4,16,-6,33.3,13.3,53.3],[16,1527,30,1,2,27,6,2,22,-16,20,6.7,73.3]];
var HomePanLu = [[1,2156,15,9,1,5,10,0,5,5,66.7,0,33.3],[2,2165,15,14,1,0,10,0,5,5,66.7,0,33.3],[3,413,14,14,1,0,9,0,5,4,64.3,0,35.7],[4,408,15,15,0,0,9,3,3,6,60,20,20],[5,426,15,7,4,4,9,2,4,5,60,13.3,26.7],[6,421,15,10,3,2,7,2,6,1,46.7,13.3,40],[7,417,15,13,2,0,7,1,7,0,46.7,6.7,46.7],[8,2322,15,5,3,7,7,1,7,0,46.7,6.7,46.7],[9,1518,15,11,4,0,7,0,8,-1,46.7,0,53.3],[10,400,15,14,1,0,6,2,7,-1,40,13.3,46.7],[11,419,15,9,2,4,6,1,8,-2,40,6.7,53.3],[12,1519,15,3,2,10,5,2,8,-3,33.3,13.3,53.3],[13,406,15,6,2,7,5,1,9,-4,33.3,6.7,60],[14,404,15,7,3,5,5,0,10,-5,33.3,0,66.7],[15,410,15,10,3,2,4,2,9,-5,26.7,13.3,60],[16,1527,15,1,2,12,2,0,13,-11,13.3,0,86.7]];
var GuestPanLu = [[1,400,15,9,3,3,9,0,6,3,60,0,40],[2,426,15,2,1,12,9,0,6,3,60,0,40],[3,408,14,10,4,1,8,1,5,3,57.1,7.1,35.7],[4,1519,15,0,0,15,8,2,5,3,53.3,13.3,33.3],[5,2165,15,8,4,3,8,1,6,2,53.3,6.7,40],[6,404,15,1,1,13,8,1,6,2,53.3,6.7,40],[7,406,15,1,0,14,8,0,7,1,53.3,0,46.7],[8,2322,15,0,2,13,8,0,7,1,53.3,0,46.7],[9,419,15,2,1,12,7,3,5,2,46.7,20,33.3],[10,2156,15,0,2,13,7,1,7,0,46.7,6.7,46.7],[11,413,15,8,2,5,7,0,8,-1,46.7,0,53.3],[12,417,15,7,3,5,6,2,7,-1,40,13.3,46.7],[13,410,15,2,4,9,6,2,7,-1,40,13.3,46.7],[14,421,15,4,4,7,6,0,9,-3,40,0,60],[15,1518,15,4,3,8,5,2,8,-3,33.3,13.3,53.3],[16,1527,15,0,0,15,4,2,9,-5,26.7,13.3,60]];
var TotalHalfPanLu = [[1,406,30,5,6,19,18,1,11,7,60,3.3,36.7],[2,1518,30,14,10,6,15,5,10,5,50,16.7,33.3],[3,1519,30,2,5,23,15,3,12,3,50,10,40],[4,417,30,13,14,3,14,6,10,4,46.7,20,33.3],[5,419,30,8,10,12,14,4,12,2,46.7,13.3,40],[6,421,30,12,12,6,14,4,12,2,46.7,13.3,40],[7,426,30,9,11,10,14,4,12,2,46.7,13.3,40],[8,413,30,18,10,2,14,4,12,2,46.7,13.3,40],[9,400,30,16,12,2,13,4,13,0,43.3,13.3,43.3],[10,2165,30,19,8,3,13,3,14,-1,43.3,10,46.7],[11,408,30,25,5,0,12,4,14,-2,40,13.3,46.7],[12,410,30,10,11,9,11,5,14,-3,36.7,16.7,46.7],[13,2156,30,8,10,12,11,4,15,-4,36.7,13.3,50],[14,2322,30,3,10,17,11,3,16,-5,36.7,10,53.3],[15,404,30,5,9,16,11,3,16,-5,36.7,10,53.3],[16,1527,30,0,3,27,11,1,18,-7,36.7,3.3,60]];
var HomeHalfPanLu = [[1,406,15,4,5,6,10,1,4,6,66.7,6.7,26.7],[2,417,15,11,4,0,8,2,5,3,53.3,13.3,33.3],[3,1519,15,2,4,9,8,2,5,3,53.3,13.3,33.3],[4,413,15,13,2,0,8,1,6,2,53.3,6.7,40],[5,1518,15,10,5,0,8,1,6,2,53.3,6.7,40],[6,421,15,9,5,1,7,3,5,2,46.7,20,33.3],[7,426,15,7,7,1,7,3,5,2,46.7,20,33.3],[8,408,15,15,0,0,7,0,8,-1,46.7,0,53.3],[9,2165,15,14,1,0,7,0,8,-1,46.7,0,53.3],[10,2322,15,3,7,5,5,2,8,-3,33.3,13.3,53.3],[11,400,15,11,4,0,5,2,8,-3,33.3,13.3,53.3],[12,410,15,9,5,1,5,1,9,-4,33.3,6.7,60],[13,1527,15,0,3,12,5,1,9,-4,33.3,6.7,60],[14,2156,15,8,5,2,4,3,8,-4,26.7,20,53.3],[15,419,15,6,8,1,3,4,8,-5,20,26.7,53.3],[16,404,15,4,8,3,3,3,9,-6,20,20,60]];
var GuestHalfPanLu = [[1,419,15,2,2,11,11,0,4,7,73.3,0,26.7],[2,400,15,5,8,2,8,2,5,3,53.3,13.3,33.3],[3,404,15,1,1,13,8,0,7,1,53.3,0,46.7],[4,406,15,1,1,13,8,0,7,1,53.3,0,46.7],[5,1518,15,4,5,6,7,4,4,3,46.7,26.7,26.7],[6,1519,15,0,1,14,7,1,7,0,46.7,6.7,46.7],[7,2156,15,0,5,10,7,1,7,0,46.7,6.7,46.7],[8,421,15,3,7,5,7,1,7,0,46.7,6.7,46.7],[9,426,15,2,4,9,7,1,7,0,46.7,6.7,46.7],[10,410,15,1,6,8,6,4,5,1,40,26.7,33.3],[11,417,15,2,10,3,6,4,5,1,40,26.7,33.3],[12,2165,15,5,7,3,6,3,6,0,40,20,40],[13,413,15,5,8,2,6,3,6,0,40,20,40],[14,2322,15,0,3,12,6,1,8,-2,40,6.7,53.3],[15,1527,15,0,0,15,6,0,9,-3,40,0,60],[16,408,15,10,5,0,5,4,6,-1,33.3,26.7,40]];
var addUp = [108,45.2,17,7.1,114,47.7,[60,426,2165],[73.3,1527],[66.7,2156,2165],[86.7,1527],[60,400,426],[60,421,1527],[13.8,408],[0,413]];
var addUpHalf = [100,41.7,29,12.1,111,46.2,[60,406],[60,1527],[66.7,406],[60,410,1527,404],[73.3,419],[60,1527],[20,417],[3.3,406,1527]];
var lastUpdateTime = '2026-04-07 16:27:32';
