var arrLeague = [16,'荷兰甲组联赛','荷蘭甲組聯賽','Holland Eredivisie','2015-2016','#FF6699','league_match/images/20210531104733.png','荷甲','荷甲','HOL D1'];
var arrTeam = [[225,'威廉二世','威廉二世','Willem II','','images/225/1gq6hnbe3q23.png',0],[233,'罗达JC','洛達','Roda JC','','images/233/1heh20g0cp16.png',0],[234,'阿尔克马尔','艾克馬亞','AZ Alkmaar','','images/165095691021.png',0],[235,'海伦芬','海倫維恩','SC Heerenveen','','images/165095697544.png',0],[236,'格罗宁根','高寧根','Groningen','','images/16509569590.png',0],[237,'乌德勒支','烏德勒支','FC Utrecht','','images/165095716992.png',0],[239,'奈梅亨','NEC尼美根','NEC Nijmegen','','images/165095704158.png',0],[243,'格拉夫夏普','迪加史卓普','De Graafschap','','images/243/1gtg0nv5p6e.png',0],[246,'维迪斯','維迪斯','Vitesse Arnhem','','images/165095712094.png',0],[250,'特温特','川迪','FC Twente Enschede','','images/165095707230.png',0],[252,'费耶诺德','飛燕諾','Feyenoord','','images/165095692730.png',0],[253,'阿贾克斯','阿積士','AFC Ajax','','images/253/1gtg0nv66q2p.png',0],[254,'埃因霍温','PSV燕豪芬','PSV Eindhoven','','images/254/1gtg0nv5pw24.png',0],[256,'海牙','海牙','ADO Den Haag','','images/256/1gtg0nv6662e.png',0],[270,'SBV精英','SBV精英隊','Excelsior SBV','','images/270/1h5bja71et21.png',0],[278,'赫拉克莱斯','荷華高斯','Heracles Almelo','','images/165095718777.png',0],[288,'坎布尔','甘堡爾','SC Cambuur','','images/165095700772.png',0],[414,'兹沃勒','施禾尼','PEC Zwolle','','images/16509571534.png',0]];
var TotalBs = [[1,234,34,22,1,11,64.7,2.9,32.4],[2,250,34,21,2,11,61.8,5.9,32.4],[3,414,36,20,3,13,55.6,8.3,36.1],[4,237,38,19,2,17,50,5.3,44.7],[5,236,36,18,1,17,50,2.8,47.2],[6,288,34,17,2,15,50,5.9,44.1],[7,243,34,16,4,14,47.1,11.8,41.2],[8,235,34,16,2,16,47.1,5.9,47.1],[9,233,34,16,1,17,47.1,2.9,50],[10,256,34,16,1,17,47.1,2.9,50],[11,278,38,16,2,20,42.1,5.3,52.6],[12,253,34,15,3,16,44.1,8.8,47.1],[13,254,34,15,3,16,44.1,8.8,47.1],[14,225,34,15,2,17,44.1,5.9,50],[15,252,34,14,3,17,41.2,8.8,50],[16,246,34,14,2,18,41.2,5.9,52.9],[17,270,34,12,5,17,35.3,14.7,50],[18,239,34,12,1,21,35.3,2.9,61.8]];
var HomeBs = [[1,414,18,12,2,4,66.7,11.1,22.2],[2,234,17,12,0,5,70.6,0,29.4],[3,250,17,11,2,4,64.7,11.8,23.5],[4,236,18,10,0,8,55.6,0,44.4],[5,253,17,9,3,5,52.9,17.6,29.4],[6,243,17,9,1,7,52.9,5.9,41.2],[7,270,17,9,1,7,52.9,5.9,41.2],[8,237,19,9,2,8,47.4,10.5,42.1],[9,235,17,8,2,7,47.1,11.8,41.2],[10,278,19,8,1,10,42.1,5.3,52.6],[11,233,17,7,1,9,41.2,5.9,52.9],[12,225,17,7,1,9,41.2,5.9,52.9],[13,239,17,7,1,9,41.2,5.9,52.9],[14,246,17,7,0,10,41.2,0,58.8],[15,256,17,6,1,10,35.3,5.9,58.8],[16,254,17,6,0,11,35.3,0,64.7],[17,252,17,5,2,10,29.4,11.8,58.8],[18,288,17,5,0,12,29.4,0,70.6]];
var GuestBs = [[1,288,17,12,2,3,70.6,11.8,17.6],[2,234,17,10,1,6,58.8,5.9,35.3],[3,250,17,10,0,7,58.8,0,41.2],[4,256,17,10,0,7,58.8,0,41.2],[5,237,19,10,0,9,52.6,0,47.4],[6,254,17,9,3,5,52.9,17.6,29.4],[7,252,17,9,1,7,52.9,5.9,41.2],[8,233,17,9,0,8,52.9,0,47.1],[9,225,17,8,1,8,47.1,5.9,47.1],[10,235,17,8,0,9,47.1,0,52.9],[11,414,18,8,1,9,44.4,5.6,50],[12,236,18,8,1,9,44.4,5.6,50],[13,278,19,8,1,10,42.1,5.3,52.6],[14,243,17,7,3,7,41.2,17.6,41.2],[15,246,17,7,2,8,41.2,11.8,47.1],[16,253,17,6,0,11,35.3,0,64.7],[17,239,17,5,0,12,29.4,0,70.6],[18,270,17,3,4,10,17.6,23.5,58.8]];
var TotalBsHalf = [[1,234,33,19,0,14,57.6,0,42.4],[2,414,35,17,5,13,48.6,14.3,37.1],[3,233,34,15,3,16,44.1,8.8,47.1],[4,243,34,15,3,16,44.1,8.8,47.1],[5,250,34,15,2,17,44.1,5.9,50],[6,253,33,14,3,16,42.4,9.1,48.5],[7,254,33,14,1,18,42.4,3,54.5],[8,288,34,14,1,19,41.2,2.9,55.9],[9,278,37,14,1,22,37.8,2.7,59.5],[10,256,34,13,7,14,38.2,20.6,41.2],[11,235,33,13,3,17,39.4,9.1,51.5],[12,237,38,13,4,21,34.2,10.5,55.3],[13,270,33,12,1,20,36.4,3,60.6],[14,252,34,12,2,20,35.3,5.9,58.8],[15,239,33,9,6,18,27.3,18.2,54.5],[16,236,35,9,6,20,25.7,17.1,57.1],[17,246,33,9,2,22,27.3,6.1,66.7],[18,225,33,8,10,15,24.2,30.3,45.5]];
var HomeBsHalf = [[1,414,18,11,3,4,61.1,16.7,22.2],[2,234,17,10,0,7,58.8,0,41.2],[3,253,17,10,0,7,58.8,0,41.2],[4,237,19,10,1,8,52.6,5.3,42.1],[5,250,17,9,0,8,52.9,0,47.1],[6,254,17,7,1,9,41.2,5.9,52.9],[7,233,17,7,1,9,41.2,5.9,52.9],[8,278,19,7,1,11,36.8,5.3,57.9],[9,256,17,6,3,8,35.3,17.6,47.1],[10,235,17,6,2,9,35.3,11.8,52.9],[11,270,17,6,1,10,35.3,5.9,58.8],[12,288,17,6,0,11,35.3,0,64.7],[13,243,17,5,3,9,29.4,17.6,52.9],[14,236,18,5,3,10,27.8,16.7,55.6],[15,246,17,5,0,12,29.4,0,70.6],[16,239,17,4,4,9,23.5,23.5,52.9],[17,225,17,3,6,8,17.6,35.3,47.1],[18,252,17,3,1,13,17.6,5.9,76.5]];
var GuestBsHalf = [[1,243,17,10,0,7,58.8,0,41.2],[2,252,17,9,1,7,52.9,5.9,41.2],[3,234,16,9,0,7,56.2,0,43.8],[4,233,17,8,2,7,47.1,11.8,41.2],[5,288,17,8,1,8,47.1,5.9,47.1],[6,256,17,7,4,6,41.2,23.5,35.3],[7,235,16,7,1,8,43.8,6.2,50],[8,254,16,7,0,9,43.8,0,56.2],[9,278,18,7,0,11,38.9,0,61.1],[10,250,17,6,2,9,35.3,11.8,52.9],[11,414,17,6,2,9,35.3,11.8,52.9],[12,270,16,6,0,10,37.5,0,62.5],[13,225,16,5,4,7,31.2,25,43.8],[14,239,16,5,2,9,31.2,12.5,56.2],[15,253,16,4,3,9,25,18.8,56.2],[16,246,16,4,2,10,25,12.5,62.5],[17,236,17,4,3,10,23.5,17.6,58.8],[18,237,19,3,3,13,15.8,15.8,68.4]];
var addUp = [294,47.1,40,6.4,290,46.5,[64.7,234],[61.8,239],[70.6,234],[70.6,288],[70.6,288],[70.6,239]];
var addUpHalf = [235,38.3,60,9.8,318,51.9,[57.6,234],[66.7,246],[61.1,414],[76.5,252],[58.8,243],[68.4,237]];
var lastUpdateTime = '2025-01-19 16:30:17';
