var arrLeague = [11,'法国甲组联赛','法國甲組聯賽','France Ligue 1','2018-2019','#663333','league_match/images/1j5w0b66k318.png','法甲','法甲','FRA D1'];
var arrTeam = [[197,'摩纳哥','摩納哥','Monaco','','images/16487116696.png',0],[205,'里昂','里昂','Lyon','','images/164871170063.png',0],[208,'波尔多','波爾多','Bordeaux','','images/164871171447.png',0],[211,'马赛','馬賽','Marseille','','images/164871172839.png',0],[216,'图卢兹','圖魯茲','Toulouse','','images/216/1j5hgyxgzaq.png',0],[251,'雷恩','雷恩','Rennes','','images/164871175839.png',0],[255,'圣埃蒂安','聖伊天','Saint Etienne','','images/16487117719.png',0],[257,'卡昂','卡昂','Caen','','images/257/1h71ky6nm3g.png',0],[259,'尼斯','奈斯','Nice','','images/164871179882.png',0],[260,'斯特拉斯堡','史特拉斯堡','Strasbourg','','images/164871181440.png',0],[263,'南特','南特','Nantes','','images/263/1h5bjb8w5p2j.png',0],[266,'里尔','利爾','Lille','','images/164871184077.png',0],[271,'巴黎圣日尔曼','巴黎聖日門','Paris Saint Germain (PSG)','','images/164871185439.png',0],[304,'昂热','昂熱','Angers','','images/304/1h71kxn41qn.png',0],[320,'第戎','迪安','Dijon','','images/320/1hkgstjs2x20.png',0],[351,'蒙彼利埃','蒙彼利埃','Montpellier','','images/164871193456.png',0],[362,'甘冈','吉英坎','Guingamp','','images/362/1h71kxn4hte.png',0],[382,'亚眠','阿美恩斯','Amiens','','images/382/1h71kxn41t2.png',0],[1744,'尼姆','尼姆','Nimes','','images/1744/1h5btqtznf2r.png',0],[4957,'兰斯','蘭斯','Reims','','images/164871196247.png',0]];
var TotalBs = [[1,1744,38,22,0,16,57.9,0,42.1],[2,211,38,21,1,16,55.3,2.6,42.1],[3,271,38,21,0,17,55.3,0,44.7],[4,266,38,20,1,17,52.6,2.6,44.7],[5,251,38,20,1,17,52.6,2.6,44.7],[6,255,38,19,1,18,50,2.6,47.4],[7,260,38,19,0,19,50,0,50],[8,216,38,18,2,18,47.4,5.3,47.4],[9,320,38,18,1,19,47.4,2.6,50],[10,362,38,18,1,19,47.4,2.6,50],[11,205,38,17,5,16,44.7,13.2,42.1],[12,351,38,17,0,21,44.7,0,55.3],[13,263,38,17,0,21,44.7,0,55.3],[14,382,38,16,0,22,42.1,0,57.9],[15,304,38,15,2,21,39.5,5.3,55.3],[16,197,38,15,1,22,39.5,2.6,57.9],[17,208,38,13,1,24,34.2,2.6,63.2],[18,257,38,13,1,24,34.2,2.6,63.2],[19,4957,38,12,4,22,31.6,10.5,57.9],[20,259,38,7,0,31,18.4,0,81.6]];
var HomeBs = [[1,266,19,12,0,7,63.2,0,36.8],[2,263,19,11,0,8,57.9,0,42.1],[3,255,19,11,0,8,57.9,0,42.1],[4,271,19,11,0,8,57.9,0,42.1],[5,260,19,10,0,9,52.6,0,47.4],[6,320,19,9,1,9,47.4,5.3,47.4],[7,382,19,9,0,10,47.4,0,52.6],[8,1744,19,9,0,10,47.4,0,52.6],[9,351,19,9,0,10,47.4,0,52.6],[10,216,19,8,2,9,42.1,10.5,47.4],[11,211,19,8,1,10,42.1,5.3,52.6],[12,208,19,8,1,10,42.1,5.3,52.6],[13,362,19,8,0,11,42.1,0,57.9],[14,197,19,8,0,11,42.1,0,57.9],[15,257,19,8,0,11,42.1,0,57.9],[16,4957,19,7,3,9,36.8,15.8,47.4],[17,205,19,7,2,10,36.8,10.5,52.6],[18,251,19,7,0,12,36.8,0,63.2],[19,304,19,6,1,12,31.6,5.3,63.2],[20,259,19,3,0,16,15.8,0,84.2]];
var GuestBs = [[1,251,19,13,1,5,68.4,5.3,26.3],[2,1744,19,13,0,6,68.4,0,31.6],[3,211,19,13,0,6,68.4,0,31.6],[4,205,19,10,3,6,52.6,15.8,31.6],[5,362,19,10,1,8,52.6,5.3,42.1],[6,216,19,10,0,9,52.6,0,47.4],[7,271,19,10,0,9,52.6,0,47.4],[8,304,19,9,1,9,47.4,5.3,47.4],[9,260,19,9,0,10,47.4,0,52.6],[10,320,19,9,0,10,47.4,0,52.6],[11,255,19,8,1,10,42.1,5.3,52.6],[12,266,19,8,1,10,42.1,5.3,52.6],[13,351,19,8,0,11,42.1,0,57.9],[14,197,19,7,1,11,36.8,5.3,57.9],[15,382,19,7,0,12,36.8,0,63.2],[16,263,19,6,0,13,31.6,0,68.4],[17,4957,19,5,1,13,26.3,5.3,68.4],[18,257,19,5,1,13,26.3,5.3,68.4],[19,208,19,5,0,14,26.3,0,73.7],[20,259,19,4,0,15,21.1,0,78.9]];
var TotalBsHalf = [[1,251,38,21,6,11,55.3,15.8,28.9],[2,1744,38,20,6,12,52.6,15.8,31.6],[3,260,38,20,5,13,52.6,13.2,34.2],[4,4957,38,19,5,14,50,13.2,36.8],[5,351,38,19,3,16,50,7.9,42.1],[6,304,38,19,3,16,50,7.9,42.1],[7,271,38,18,0,20,47.4,0,52.6],[8,362,38,17,6,15,44.7,15.8,39.5],[9,216,38,16,9,13,42.1,23.7,34.2],[10,255,38,15,8,15,39.5,21.1,39.5],[11,259,38,15,7,16,39.5,18.4,42.1],[12,263,38,15,5,18,39.5,13.2,47.4],[13,266,38,15,5,18,39.5,13.2,47.4],[14,257,38,15,4,19,39.5,10.5,50],[15,205,38,15,4,19,39.5,10.5,50],[16,211,38,13,12,13,34.2,31.6,34.2],[17,197,38,12,17,9,31.6,44.7,23.7],[18,320,38,12,12,14,31.6,31.6,36.8],[19,382,38,12,8,18,31.6,21.1,47.4],[20,208,38,12,7,19,31.6,18.4,50]];
var HomeBsHalf = [[1,4957,19,10,3,6,52.6,15.8,31.6],[2,271,19,10,0,9,52.6,0,47.4],[3,320,19,9,5,5,47.4,26.3,26.3],[4,260,19,9,4,6,47.4,21.1,31.6],[5,251,19,9,3,7,47.4,15.8,36.8],[6,351,19,9,3,7,47.4,15.8,36.8],[7,263,19,9,1,9,47.4,5.3,47.4],[8,205,19,9,0,10,47.4,0,52.6],[9,1744,19,8,6,5,42.1,31.6,26.3],[10,216,19,8,4,7,42.1,21.1,36.8],[11,259,19,8,4,7,42.1,21.1,36.8],[12,211,19,8,3,8,42.1,15.8,42.1],[13,266,19,8,2,9,42.1,10.5,47.4],[14,197,19,7,8,4,36.8,42.1,21.1],[15,255,19,7,5,7,36.8,26.3,36.8],[16,362,19,7,2,10,36.8,10.5,52.6],[17,304,19,7,2,10,36.8,10.5,52.6],[18,257,19,7,2,10,36.8,10.5,52.6],[19,208,19,6,5,8,31.6,26.3,42.1],[20,382,19,5,4,10,26.3,21.1,52.6]];
var GuestBsHalf = [[1,251,19,12,3,4,63.2,15.8,21.1],[2,304,19,12,1,6,63.2,5.3,31.6],[3,1744,19,12,0,7,63.2,0,36.8],[4,260,19,11,1,7,57.9,5.3,36.8],[5,362,19,10,4,5,52.6,21.1,26.3],[6,351,19,10,0,9,52.6,0,47.4],[7,4957,19,9,2,8,47.4,10.5,42.1],[8,216,19,8,5,6,42.1,26.3,31.6],[9,255,19,8,3,8,42.1,15.8,42.1],[10,257,19,8,2,9,42.1,10.5,47.4],[11,271,19,8,0,11,42.1,0,57.9],[12,382,19,7,4,8,36.8,21.1,42.1],[13,266,19,7,3,9,36.8,15.8,47.4],[14,259,19,7,3,9,36.8,15.8,47.4],[15,263,19,6,4,9,31.6,21.1,47.4],[16,205,19,6,4,9,31.6,21.1,47.4],[17,208,19,6,2,11,31.6,10.5,57.9],[18,197,19,5,9,5,26.3,47.4,26.3],[19,211,19,5,9,5,26.3,47.4,26.3],[20,320,19,3,7,9,15.8,36.8,47.4]];
var addUp = [338,44.5,22,2.9,400,52.6,[57.9,1744],[81.6,259],[63.2,266],[84.2,259],[68.4,251,1744,211],[78.9,259]];
var addUpHalf = [320,42.1,132,17.4,308,40.5,[55.3,251],[52.6,271],[52.6,4957,271],[52.6,205,362,304,257,382],[63.2,251,304,1744],[57.9,271,208]];
var lastUpdateTime = '2025-01-22 10:12:56';
