var arrLeague = [15,'南韩K联赛','南韓K聯賽','K League 1','2024','#0542b1','league_match/images/20190423203352.jpg','韩K联','韓K聯','KOR D1'];
var arrTeam = [[480,'蔚山HD','蔚山HD','Ulsan HD FC','','images/1j1c2yt4wj7.png',0],[481,'浦项制铁','浦項制鐵','Pohang Steelers','','images/481/1h1jgrf3gp0.png',0],[484,'全北现代','全北汽車','Jeonbuk Hyundai Motors','','images/484/1h1jgrf3gr2k.png',0],[488,'大田市民','大田市民','Daejeon Citizen','','images/488/1gxsf6qkda2b.png',0],[491,'大邱FC','大邱FC','Daegu FC','','images/491/1gxsf6qkd41p.png',0],[494,'金泉尚武','金泉尚武','Gimcheon Sangmu FC','','images/494/1grzke26w41a.png',0],[497,'仁川联队','仁川聯','Incheon United','','images/497/1h6swyavg60.png',0],[741,'FC首尔','FC首爾','FC Seoul','','images/741/1gxsf6qjyq26.png',0],[4075,'济州联队','濟州聯','Jeju United','','images/4075/1gxsf6qjyw29.png',0],[5586,'水原FC','水原FC','Suwon FC','','images/5586/1gxsf6qjy222.png',0],[9945,'江原FC','FC江原','Gangwon FC','','images/9945/1gxsf6qkdd19.png',0],[16584,'光州FC','FC光州','Gwangju Football Club','','images/1gsq1q2mds5.png',0],[24404,'首尔衣恋','首爾衣戀','Seoul E-Land FC','','images/24404/1gxsf6qkx8d.png',0],[47543,'忠南牙山','忠南牙山','Chungnam Asan','','images/47543/1gxsf6qkxh10.png',0]];
var TotalPanLu = [[1,480,38,32,5,1,22,2,14,8,57.9,5.3,36.8],[2,488,38,3,8,27,22,1,15,7,57.9,2.6,39.5],[3,494,38,17,7,14,21,2,15,6,55.3,5.3,39.5],[4,5586,38,7,8,23,21,1,16,5,55.3,2.6,42.1],[5,741,38,16,11,11,20,4,14,6,52.6,10.5,36.8],[6,9945,38,13,11,14,20,1,17,3,52.6,2.6,44.7],[7,4075,38,7,8,23,19,0,19,0,50,0,50],[8,497,38,9,12,17,18,2,18,0,47.4,5.3,47.4],[9,481,38,20,10,8,15,2,21,-6,39.5,5.3,55.3],[10,491,40,11,10,19,15,3,22,-7,37.5,7.5,55],[11,16584,38,22,9,7,14,1,23,-9,36.8,2.6,60.5],[12,47543,2,0,0,2,1,0,1,0,50,0,50],[13,484,40,19,13,8,13,3,24,-11,32.5,7.5,60],[14,24404,2,0,0,2,0,0,2,-2,0,0,100]];
var HomePanLu = [[1,480,19,19,0,0,14,0,5,9,73.7,0,26.3],[2,9945,19,11,6,2,12,1,6,6,63.2,5.3,31.6],[3,4075,19,7,7,5,12,0,7,5,63.2,0,36.8],[4,488,19,3,7,9,11,1,7,4,57.9,5.3,36.8],[5,494,19,15,2,2,11,1,7,4,57.9,5.3,36.8],[6,5586,18,6,5,7,10,0,8,2,55.6,0,44.4],[7,47543,1,0,0,1,1,0,0,1,100,0,0],[8,741,18,13,4,1,9,1,8,1,50,5.6,44.4],[9,16584,20,16,3,1,9,0,11,-2,45,0,55],[10,484,20,14,3,3,7,2,11,-4,35,10,55],[11,481,20,15,5,0,7,0,13,-6,35,0,65],[12,491,20,10,7,3,6,3,11,-5,30,15,55],[13,497,19,9,7,3,5,2,12,-7,26.3,10.5,63.2],[14,24404,1,0,0,1,0,0,1,-1,0,0,100]];
var GuestPanLu = [[1,497,19,0,5,14,13,0,6,7,68.4,0,31.6],[2,488,19,0,1,18,11,0,8,3,57.9,0,42.1],[3,741,20,3,7,10,11,3,6,5,55,15,30],[4,5586,20,1,3,16,11,1,8,3,55,5,40],[5,494,19,2,5,12,10,1,8,2,52.6,5.3,42.1],[6,481,18,5,5,8,8,2,8,0,44.4,11.1,44.4],[7,491,20,1,3,16,9,0,11,-2,45,0,55],[8,480,19,13,5,1,8,2,9,-1,42.1,10.5,47.4],[9,9945,19,2,5,12,8,0,11,-3,42.1,0,57.9],[10,4075,19,0,1,18,7,0,12,-5,36.8,0,63.2],[11,484,20,5,10,5,6,1,13,-7,30,5,65],[12,16584,18,6,6,6,5,1,12,-7,27.8,5.6,66.7],[13,47543,1,0,0,1,0,0,1,-1,0,0,100],[14,24404,1,0,0,1,0,0,1,-1,0,0,100]];
var TotalHalfPanLu = [[1,488,38,0,20,18,20,9,9,11,52.6,23.7,23.7],[2,494,38,11,20,7,16,12,10,6,42.1,31.6,26.3],[3,9945,38,5,24,9,15,11,12,3,39.5,28.9,31.6],[4,480,38,23,15,0,14,10,14,0,36.8,26.3,36.8],[5,491,40,3,27,10,14,14,12,2,35,35,30],[6,24404,2,0,1,1,1,0,1,0,50,0,50],[7,47543,2,0,1,1,1,0,1,0,50,0,50],[8,4075,38,1,26,11,12,15,11,1,31.6,39.5,28.9],[9,5586,38,3,23,12,12,9,17,-5,31.6,23.7,44.7],[10,741,38,9,26,3,11,16,11,0,28.9,42.1,28.9],[11,484,40,12,24,4,11,13,16,-5,27.5,32.5,40],[12,497,38,2,32,4,10,15,13,-3,26.3,39.5,34.2],[13,481,38,10,25,3,9,16,13,-4,23.7,42.1,34.2],[14,16584,38,6,30,2,7,18,13,-6,18.4,47.4,34.2]];
var HomeHalfPanLu = [[1,47543,1,0,1,0,1,0,0,1,100,0,0],[2,480,19,18,1,0,9,0,10,-1,47.4,0,52.6],[3,488,19,0,16,3,8,6,5,3,42.1,31.6,26.3],[4,491,20,3,16,1,8,8,4,4,40,40,20],[5,9945,19,5,14,0,7,7,5,2,36.8,36.8,26.3],[6,741,18,9,9,0,5,7,6,-1,27.8,38.9,33.3],[7,4075,19,1,17,1,5,11,3,2,26.3,57.9,15.8],[8,494,19,11,6,2,5,5,9,-4,26.3,26.3,47.4],[9,481,20,9,11,0,5,6,9,-4,25,30,45],[10,484,20,11,9,0,5,5,10,-5,25,25,50],[11,5586,18,3,15,0,4,7,7,-3,22.2,38.9,38.9],[12,497,19,2,17,0,4,8,7,-3,21.1,42.1,36.8],[13,16584,20,6,14,0,2,9,9,-7,10,45,45],[14,24404,1,0,1,0,0,0,1,-1,0,0,100]];
var GuestHalfPanLu = [[1,488,19,0,4,15,12,3,4,8,63.2,15.8,21.1],[2,494,19,0,14,5,11,7,1,10,57.9,36.8,5.3],[3,24404,1,0,0,1,1,0,0,1,100,0,0],[4,9945,19,0,10,9,8,4,7,1,42.1,21.1,36.8],[5,5586,20,0,8,12,8,2,10,-2,40,10,50],[6,4075,19,0,9,10,7,4,8,-1,36.8,21.1,42.1],[7,497,19,0,15,4,6,7,6,0,31.6,36.8,31.6],[8,741,20,0,17,3,6,9,5,1,30,45,25],[9,484,20,1,15,4,6,8,6,0,30,40,30],[10,491,20,0,11,9,6,6,8,-2,30,30,40],[11,16584,18,0,16,2,5,9,4,1,27.8,50,22.2],[12,480,19,5,14,0,5,10,4,1,26.3,52.6,21.1],[13,481,18,1,14,3,4,10,4,0,22.2,55.6,22.2],[14,47543,1,0,0,1,0,0,1,-1,0,0,100]];
var addUp = [114,49.1,11,4.7,107,46.1,[57.9,480,488],[100,24404],[100,47543],[100,24404],[68.4,497],[100,47543,24404],[10.5,741],[0,4075,47543,24404]];
var addUpHalf = [68,29.3,79,34.1,85,36.6,[52.6,488],[50,24404,47543],[100,47543],[100,24404],[100,24404],[100,47543],[47.4,16584],[0,24404,47543]];
var lastUpdateTime = '2025-01-17 16:50:59';
