var arrLeague = [15,'南韩K联赛','南韓K聯賽','K League 1','2024','#0542b1','league_match/images/20190423203352.jpg','韩K联','韓K聯','KOR D1'];
var arrTeam = [[480,'蔚山HD','蔚山HD','Ulsan HD FC','','images/1j1c2yt4wj7.png',0],[481,'浦项制铁','浦項制鐵','Pohang Steelers','','images/481/1h1jgrf3gp0.png',0],[484,'全北现代','全北汽車','Jeonbuk Hyundai Motors','','images/484/1h1jgrf3gr2k.png',0],[488,'大田市民','大田市民','Daejeon Citizen','','images/488/1gxsf6qkda2b.png',0],[491,'大邱FC','大邱FC','Daegu FC','','images/491/1gxsf6qkd41p.png',0],[494,'金泉尚武','金泉尚武','Gimcheon Sangmu FC','','images/494/1grzke26w41a.png',0],[497,'仁川联队','仁川聯','Incheon United','','images/497/1h6swyavg60.png',0],[741,'FC首尔','FC首爾','FC Seoul','','images/741/1gxsf6qjyq26.png',0],[4075,'济州联队','濟州聯','Jeju United','','images/4075/1gxsf6qjyw29.png',0],[5586,'水原FC','水原FC','Suwon FC','','images/5586/1gxsf6qjy222.png',0],[9945,'江原FC','FC江原','Gangwon FC','','images/9945/1gxsf6qkdd19.png',0],[16584,'光州FC','FC光州','Gwangju Football Club','','images/1gsq1q2mds5.png',0],[24404,'首尔衣恋','首爾衣戀','Seoul E-Land FC','','images/24404/1gxsf6qkx8d.png',0],[47543,'忠南牙山','忠南牙山','Chungnam Asan','','images/47543/1gxsf6qkxh10.png',0]];
var TotalBs = [[1,484,40,23,0,17,57.5,0,42.5],[2,9945,38,22,1,15,57.9,2.6,39.5],[3,491,40,21,0,19,52.5,0,47.5],[4,5586,38,20,0,18,52.6,0,47.4],[5,481,38,19,0,19,50,0,50],[6,4075,38,18,1,19,47.4,2.6,50],[7,494,38,18,0,20,47.4,0,52.6],[8,480,38,18,0,20,47.4,0,52.6],[9,488,38,17,0,21,44.7,0,55.3],[10,741,38,17,0,21,44.7,0,55.3],[11,16584,38,17,0,21,44.7,0,55.3],[12,497,38,16,0,22,42.1,0,57.9],[13,24404,2,2,0,0,100,0,0],[14,47543,2,2,0,0,100,0,0]];
var HomeBs = [[1,480,19,12,0,7,63.2,0,36.8],[2,484,20,12,0,8,60,0,40],[3,9945,19,11,1,7,57.9,5.3,36.8],[4,491,20,11,0,9,55,0,45],[5,5586,18,10,0,8,55.6,0,44.4],[6,16584,20,10,0,10,50,0,50],[7,494,19,9,0,10,47.4,0,52.6],[8,741,18,8,0,10,44.4,0,55.6],[9,4075,19,8,0,11,42.1,0,57.9],[10,481,20,8,0,12,40,0,60],[11,488,19,7,0,12,36.8,0,63.2],[12,497,19,7,0,12,36.8,0,63.2],[13,47543,1,1,0,0,100,0,0],[14,24404,1,1,0,0,100,0,0]];
var GuestBs = [[1,481,18,11,0,7,61.1,0,38.9],[2,9945,19,11,0,8,57.9,0,42.1],[3,484,20,11,0,9,55,0,45],[4,4075,19,10,1,8,52.6,5.3,42.1],[5,488,19,10,0,9,52.6,0,47.4],[6,5586,20,10,0,10,50,0,50],[7,491,20,10,0,10,50,0,50],[8,494,19,9,0,10,47.4,0,52.6],[9,497,19,9,0,10,47.4,0,52.6],[10,741,20,9,0,11,45,0,55],[11,16584,18,7,0,11,38.9,0,61.1],[12,480,19,6,0,13,31.6,0,68.4],[13,47543,1,1,0,0,100,0,0],[14,24404,1,1,0,0,100,0,0]];
var TotalBsHalf = [[1,16584,38,21,1,16,55.3,2.6,42.1],[2,9945,38,20,6,12,52.6,15.8,31.6],[3,741,38,19,4,15,50,10.5,39.5],[4,4075,38,19,3,16,50,7.9,42.1],[5,497,38,19,1,18,50,2.6,47.4],[6,491,40,17,7,16,42.5,17.5,40],[7,5586,38,16,13,9,42.1,34.2,23.7],[8,488,38,16,11,11,42.1,28.9,28.9],[9,481,38,16,8,14,42.1,21.1,36.8],[10,484,40,16,10,14,40,25,35],[11,494,38,14,5,19,36.8,13.2,50],[12,480,38,12,10,16,31.6,26.3,42.1],[13,47543,2,1,1,0,50,50,0],[14,24404,2,0,2,0,0,100,0]];
var HomeBsHalf = [[1,9945,19,12,2,5,63.2,10.5,26.3],[2,491,20,11,2,7,55,10,35],[3,16584,20,10,1,9,50,5,45],[4,741,18,9,3,6,50,16.7,33.3],[5,484,20,9,4,7,45,20,35],[6,497,19,9,1,9,47.4,5.3,47.4],[7,5586,18,8,3,7,44.4,16.7,38.9],[8,4075,19,8,1,10,42.1,5.3,52.6],[9,481,20,7,6,7,35,30,35],[10,494,19,7,3,9,36.8,15.8,47.4],[11,480,19,6,8,5,31.6,42.1,26.3],[12,488,19,6,6,7,31.6,31.6,36.8],[13,47543,1,1,0,0,100,0,0],[14,24404,1,0,1,0,0,100,0]];
var GuestBsHalf = [[1,4075,19,11,2,6,57.9,10.5,31.6],[2,16584,18,11,0,7,61.1,0,38.9],[3,488,19,10,5,4,52.6,26.3,21.1],[4,741,20,10,1,9,50,5,45],[5,497,19,10,0,9,52.6,0,47.4],[6,481,18,9,2,7,50,11.1,38.9],[7,5586,20,8,10,2,40,50,10],[8,9945,19,8,4,7,42.1,21.1,36.8],[9,484,20,7,6,7,35,30,35],[10,494,19,7,2,10,36.8,10.5,52.6],[11,491,20,6,5,9,30,25,45],[12,480,19,6,2,11,31.6,10.5,57.9],[13,47543,1,0,1,0,0,100,0],[14,24404,1,0,1,0,0,100,0]];
var addUp = [230,49.6,2,0.4,232,50,[100,24404,47543],[57.9,497],[100,47543,24404],[63.2,488,497],[100,47543,24404],[68.4,480]];
var addUpHalf = [206,44.4,82,17.7,176,37.9,[55.3,16584],[50,494],[100,47543],[52.6,4075],[61.1,16584],[57.9,480]];
var lastUpdateTime = '2025-01-17 16:51:08';
