var arrLeague = [9,'德国乙组联赛','德國乙組聯賽','German Bundesliga 2','2018-2019','#CA00CA','league_match/images/20181221085736.png','德乙','德乙','GER D2'];
var arrTeam = [[90,'比勒菲尔德','比勒費爾德','Arminia Bielefeld','','images/164870990786.png',0],[95,'波鸿','波琴','VfL Bochum','','images/164870992655.png',0],[155,'斯图加特','史特加','VfB Stuttgart','','images/164871149852.png',0],[160,'汉堡','漢堡','Hamburger SV','','images/2013119151640.jpg',0],[425,'特雷斯登','特雷斯登','Dynamo Dresden','','images/2013120100028.jpg',0],[458,'菲尔特','格雷特霍夫','Greuther Furth','','images/16487115697.png',0],[461,'奥厄','奧厄','Erzgebirge Aue','','images/20180921190117.jpg',0],[490,'科隆','科隆','FC Koln','','images/164871158236.png',0],[493,'杜伊斯堡','杜伊斯堡','MSV Duisburg','','images/20180921192243.jpg',0],[1079,'雷根斯堡','雷根斯堡','Jahn Regensburg','','images/2013119132308.jpg',0],[1080,'达姆施塔特','達斯泰特','Darmstadt','','images/2013120114115.jpg',0],[1082,'韦恩','韋恩','SV Wehen Wiesbaden','','images/2013120114239.jpg',0],[1085,'圣保利','聖保利','St. Pauli','','images/20180921185751.jpg',0],[1087,'柏林联合','柏林聯','Union Berlin','','images/164871161365.png',0],[1117,'荷尔斯泰因','基爾','Holstein Kiel','','images/2013120132327.jpg',0],[1720,'帕德博恩','柏德博恩','SC Paderborn 07','','images/20180921192806.jpg',0],[2760,'马格德堡','馬德堡','Magdeburg','','images/20180921190626.jpg',0],[2786,'因戈尔施塔特','恩高斯達特','Ingolstadt','','images/2013120104003.jpg',0],[4449,'桑德豪森','辛特侯遜','SV Sandhausen','','images/2013120104323.jpg',0],[8371,'海登海姆','海登海默','Heidenheimer','','images/2013120120906.jpg',0]];
var TotalBs = [[1,2786,36,22,0,14,61.1,0,38.9],[2,4449,34,21,0,13,61.8,0,38.2],[3,490,34,20,2,12,58.8,5.9,35.3],[4,95,34,20,1,13,58.8,2.9,38.2],[5,1117,34,20,1,13,58.8,2.9,38.2],[6,90,34,20,0,14,58.8,0,41.2],[7,1085,34,20,0,14,58.8,0,41.2],[8,1720,34,19,4,11,55.9,11.8,32.4],[9,160,34,19,1,14,55.9,2.9,41.2],[10,493,34,19,1,14,55.9,2.9,41.2],[11,1079,34,19,0,15,55.9,0,44.1],[12,8371,34,19,0,15,55.9,0,44.1],[13,1080,34,18,1,15,52.9,2.9,44.1],[14,461,34,18,1,15,52.9,2.9,44.1],[15,458,34,17,0,17,50,0,50],[16,1087,36,16,0,20,44.4,0,55.6],[17,2760,34,15,0,19,44.1,0,55.9],[18,425,34,13,2,19,38.2,5.9,55.9],[19,1082,2,2,0,0,100,0,0],[20,155,2,1,0,1,50,0,50]];
var HomeBs = [[1,490,17,12,1,4,70.6,5.9,23.5],[2,1720,17,12,1,4,70.6,5.9,23.5],[3,493,17,12,0,5,70.6,0,29.4],[4,8371,17,11,0,6,64.7,0,35.3],[5,1117,17,10,1,6,58.8,5.9,35.3],[6,458,17,10,0,7,58.8,0,41.2],[7,4449,17,10,0,7,58.8,0,41.2],[8,90,17,10,0,7,58.8,0,41.2],[9,2786,18,10,0,8,55.6,0,44.4],[10,95,17,9,1,7,52.9,5.9,41.2],[11,160,17,9,1,7,52.9,5.9,41.2],[12,1080,17,9,0,8,52.9,0,47.1],[13,461,17,8,1,8,47.1,5.9,47.1],[14,1085,17,8,0,9,47.1,0,52.9],[15,1079,17,8,0,9,47.1,0,52.9],[16,425,17,7,1,9,41.2,5.9,52.9],[17,1087,18,7,0,11,38.9,0,61.1],[18,2760,17,5,0,12,29.4,0,70.6],[19,155,1,1,0,0,100,0,0],[20,1082,1,1,0,0,100,0,0]];
var GuestBs = [[1,1085,17,12,0,5,70.6,0,29.4],[2,2786,18,12,0,6,66.7,0,33.3],[3,4449,17,11,0,6,64.7,0,35.3],[4,1079,17,11,0,6,64.7,0,35.3],[5,95,17,11,0,6,64.7,0,35.3],[6,160,17,10,0,7,58.8,0,41.2],[7,1117,17,10,0,7,58.8,0,41.2],[8,2760,17,10,0,7,58.8,0,41.2],[9,90,17,10,0,7,58.8,0,41.2],[10,461,17,10,0,7,58.8,0,41.2],[11,1080,17,9,1,7,52.9,5.9,41.2],[12,1087,18,9,0,9,50,0,50],[13,490,17,8,1,8,47.1,5.9,47.1],[14,8371,17,8,0,9,47.1,0,52.9],[15,1720,17,7,3,7,41.2,17.6,41.2],[16,493,17,7,1,9,41.2,5.9,52.9],[17,458,17,7,0,10,41.2,0,58.8],[18,425,17,6,1,10,35.3,5.9,58.8],[19,1082,1,1,0,0,100,0,0],[20,155,1,0,0,1,0,0,100]];
var TotalBsHalf = [[1,1079,34,17,8,9,50,23.5,26.5],[2,490,34,17,6,11,50,17.6,32.4],[3,4449,34,16,6,12,47.1,17.6,35.3],[4,8371,34,15,8,11,44.1,23.5,32.4],[5,461,34,14,11,9,41.2,32.4,26.5],[6,425,34,14,8,12,41.2,23.5,35.3],[7,2760,34,14,7,13,41.2,20.6,38.2],[8,95,34,14,6,14,41.2,17.6,41.2],[9,90,34,13,11,10,38.2,32.4,29.4],[10,1117,34,13,6,15,38.2,17.6,44.1],[11,2786,36,12,13,11,33.3,36.1,30.6],[12,1085,34,12,10,12,35.3,29.4,35.3],[13,1087,36,11,13,12,30.6,36.1,33.3],[14,493,34,11,10,13,32.4,29.4,38.2],[15,1080,34,11,8,15,32.4,23.5,44.1],[16,1720,34,11,8,15,32.4,23.5,44.1],[17,458,34,10,5,19,29.4,14.7,55.9],[18,160,34,9,9,16,26.5,26.5,47.1],[19,1082,2,1,1,0,50,50,0],[20,155,2,1,0,1,50,0,50]];
var HomeBsHalf = [[1,425,17,10,3,4,58.8,17.6,23.5],[2,8371,17,9,5,3,52.9,29.4,17.6],[3,490,17,9,2,6,52.9,11.8,35.3],[4,4449,17,9,2,6,52.9,11.8,35.3],[5,493,17,8,5,4,47.1,29.4,23.5],[6,95,17,8,4,5,47.1,23.5,29.4],[7,461,17,7,5,5,41.2,29.4,29.4],[8,1087,18,7,4,7,38.9,22.2,38.9],[9,2760,17,7,3,7,41.2,17.6,41.2],[10,1079,17,6,6,5,35.3,35.3,29.4],[11,90,17,6,6,5,35.3,35.3,29.4],[12,2786,18,6,6,6,33.3,33.3,33.3],[13,1720,17,6,3,8,35.3,17.6,47.1],[14,1085,17,5,5,7,29.4,29.4,41.2],[15,1117,17,5,4,8,29.4,23.5,47.1],[16,458,17,4,2,11,23.5,11.8,64.7],[17,1080,17,3,5,9,17.6,29.4,52.9],[18,160,17,2,6,9,11.8,35.3,52.9],[19,155,1,1,0,0,100,0,0],[20,1082,1,0,1,0,0,100,0]];
var GuestBsHalf = [[1,1079,17,11,2,4,64.7,11.8,23.5],[2,490,17,8,4,5,47.1,23.5,29.4],[3,1080,17,8,3,6,47.1,17.6,35.3],[4,1117,17,8,2,7,47.1,11.8,41.2],[5,461,17,7,6,4,41.2,35.3,23.5],[6,1085,17,7,5,5,41.2,29.4,29.4],[7,90,17,7,5,5,41.2,29.4,29.4],[8,2760,17,7,4,6,41.2,23.5,35.3],[9,4449,17,7,4,6,41.2,23.5,35.3],[10,160,17,7,3,7,41.2,17.6,41.2],[11,2786,18,6,7,5,33.3,38.9,27.8],[12,458,17,6,3,8,35.3,17.6,47.1],[13,8371,17,6,3,8,35.3,17.6,47.1],[14,95,17,6,2,9,35.3,11.8,52.9],[15,1720,17,5,5,7,29.4,29.4,41.2],[16,1087,18,4,9,5,22.2,50,27.8],[17,425,17,4,5,8,23.5,29.4,47.1],[18,493,17,3,5,9,17.6,29.4,52.9],[19,1082,1,1,0,0,100,0,0],[20,155,1,0,0,1,0,0,100]];
var addUp = [338,54.5,14,2.3,268,43.2,[100,1082],[55.9,2760,425],[100,155,1082],[70.6,2760],[100,1082],[100,155]];
var addUpHalf = [236,38.1,154,24.8,230,37.1,[50,1079,490,1082,155],[55.9,458],[100,155],[64.7,458],[100,1082],[100,155]];
var lastUpdateTime = '2025-01-19 10:39:31';
