var arrLeague = [9,'德国乙组联赛','德國乙組聯賽','German Bundesliga 2','2021-2022','#CA00CA','league_match/images/20181221085736.png','德乙','德乙','GER D2'];
var arrTeam = [[132,'云达不莱梅','雲達不萊梅','Werder Bremen','','images/2013119144220.jpg',0],[136,'纽伦堡','紐倫堡','Nurnberg','','images/2013119145001.jpg',0],[139,'柏林赫塔','哈化柏林','Hertha Berlin','','images/16487114635.png',0],[151,'沙尔克04','史浩克零四','Schalke 04','','images/2013119145317.jpg',0],[160,'汉堡','漢堡','Hamburger SV','','images/2013119151640.jpg',0],[169,'汉诺威96','漢諾威','Hannover 96','','images/201312092606.jpg',0],[173,'罗斯托克','羅斯托克','Hansa Rostock','','images/20181012140602.png',0],[175,'凯泽斯劳滕','凱沙羅頓','Kaiserslautern','','images/201312095551.jpg',0],[425,'特雷斯登','特雷斯登','Dynamo Dresden','','images/2013120100028.jpg',0],[461,'奥厄','奧厄','Erzgebirge Aue','','images/20180921190117.jpg',0],[487,'卡尔斯鲁厄','卡斯魯厄','Karlsruher SC','','images/2013120111953.jpg',0],[1079,'雷根斯堡','雷根斯堡','Jahn Regensburg','','images/2013119132308.jpg',0],[1080,'达姆施塔特','達斯泰特','Darmstadt','','images/2013120114115.jpg',0],[1085,'圣保利','聖保利','St. Pauli','','images/20180921185751.jpg',0],[1117,'荷尔斯泰因','基爾','Holstein Kiel','','images/2013120132327.jpg',0],[1344,'杜塞尔多夫','杜斯多夫','Fortuna Dusseldorf','','images/201312093635.jpg',0],[1720,'帕德博恩','柏德博恩','SC Paderborn 07','','images/20180921192806.jpg',0],[2786,'因戈尔施塔特','恩高斯達特','Ingolstadt','','images/2013120104003.jpg',0],[4449,'桑德豪森','辛特侯遜','SV Sandhausen','','images/2013120104323.jpg',0],[8371,'海登海姆','海登海默','Heidenheimer','','images/2013120120906.jpg',0]];
var TotalBs = [[1,487,34,23,1,10,67.6,2.9,29.4],[2,151,34,22,1,11,64.7,2.9,32.4],[3,132,34,20,3,11,58.8,8.8,32.4],[4,1080,34,20,2,12,58.8,5.9,35.3],[5,1117,34,20,2,12,58.8,5.9,35.3],[6,461,34,20,1,13,58.8,2.9,38.2],[7,2786,34,20,1,13,58.8,2.9,38.2],[8,136,34,20,0,14,58.8,0,41.2],[9,1085,34,19,3,12,55.9,8.8,35.3],[10,8371,34,18,0,16,52.9,0,47.1],[11,1720,34,17,2,15,50,5.9,44.1],[12,1079,34,17,1,16,50,2.9,47.1],[13,173,34,17,1,16,50,2.9,47.1],[14,169,34,17,0,17,50,0,50],[15,1344,34,17,0,17,50,0,50],[16,4449,34,17,0,17,50,0,50],[17,425,36,17,0,19,47.2,0,52.8],[18,160,36,15,4,17,41.7,11.1,47.2],[19,139,2,0,0,2,0,0,100],[20,175,2,0,0,2,0,0,100]];
var HomeBs = [[1,151,17,13,1,3,76.5,5.9,17.6],[2,1079,17,12,0,5,70.6,0,29.4],[3,487,17,12,0,5,70.6,0,29.4],[4,1085,17,10,2,5,58.8,11.8,29.4],[5,1080,17,10,1,6,58.8,5.9,35.3],[6,2786,17,10,0,7,58.8,0,41.2],[7,8371,17,10,0,7,58.8,0,41.2],[8,136,17,10,0,7,58.8,0,41.2],[9,1344,17,10,0,7,58.8,0,41.2],[10,461,17,9,1,7,52.9,5.9,41.2],[11,1117,17,9,1,7,52.9,5.9,41.2],[12,1720,17,9,1,7,52.9,5.9,41.2],[13,4449,17,9,0,8,52.9,0,47.1],[14,160,18,8,3,7,44.4,16.7,38.9],[15,173,17,8,0,9,47.1,0,52.9],[16,132,17,7,1,9,41.2,5.9,52.9],[17,169,17,6,0,11,35.3,0,64.7],[18,425,18,6,0,12,33.3,0,66.7],[19,139,1,0,0,1,0,0,100],[20,175,1,0,0,1,0,0,100]];
var GuestBs = [[1,132,17,13,2,2,76.5,11.8,11.8],[2,487,17,11,1,5,64.7,5.9,29.4],[3,1117,17,11,1,5,64.7,5.9,29.4],[4,461,17,11,0,6,64.7,0,35.3],[5,169,17,11,0,6,64.7,0,35.3],[6,425,18,11,0,7,61.1,0,38.9],[7,2786,17,10,1,6,58.8,5.9,35.3],[8,1080,17,10,1,6,58.8,5.9,35.3],[9,136,17,10,0,7,58.8,0,41.2],[10,173,17,9,1,7,52.9,5.9,41.2],[11,1085,17,9,1,7,52.9,5.9,41.2],[12,151,17,9,0,8,52.9,0,47.1],[13,1720,17,8,1,8,47.1,5.9,47.1],[14,8371,17,8,0,9,47.1,0,52.9],[15,4449,17,8,0,9,47.1,0,52.9],[16,1344,17,7,0,10,41.2,0,58.8],[17,160,18,7,1,10,38.9,5.6,55.6],[18,1079,17,5,1,11,29.4,5.9,64.7],[19,139,1,0,0,1,0,0,100],[20,175,1,0,0,1,0,0,100]];
var TotalBsHalf = [[1,1117,34,17,5,12,50,14.7,35.3],[2,1085,34,17,4,13,50,11.8,38.2],[3,487,34,17,4,13,50,11.8,38.2],[4,1080,34,16,7,11,47.1,20.6,32.4],[5,461,34,16,5,13,47.1,14.7,38.2],[6,169,34,15,6,13,44.1,17.6,38.2],[7,160,36,15,7,14,41.7,19.4,38.9],[8,1720,34,14,6,14,41.2,17.6,41.2],[9,136,34,12,12,10,35.3,35.3,29.4],[10,1079,34,12,11,11,35.3,32.4,32.4],[11,2786,34,12,10,12,35.3,29.4,35.3],[12,173,34,11,11,12,32.4,32.4,35.3],[13,1344,34,11,11,12,32.4,32.4,35.3],[14,151,34,11,10,13,32.4,29.4,38.2],[15,132,34,11,5,18,32.4,14.7,52.9],[16,4449,34,10,9,15,29.4,26.5,44.1],[17,8371,34,9,7,18,26.5,20.6,52.9],[18,425,36,8,13,15,22.2,36.1,41.7],[19,139,2,0,1,1,0,50,50],[20,175,2,0,0,2,0,0,100]];
var HomeBsHalf = [[1,1117,17,10,3,4,58.8,17.6,23.5],[2,1080,17,9,3,5,52.9,17.6,29.4],[3,487,17,9,2,6,52.9,11.8,35.3],[4,1085,17,8,2,7,47.1,11.8,41.2],[5,160,18,8,3,7,44.4,16.7,38.9],[6,1344,17,7,7,3,41.2,41.2,17.6],[7,1079,17,7,5,5,41.2,29.4,29.4],[8,2786,17,7,2,8,41.2,11.8,47.1],[9,461,17,7,2,8,41.2,11.8,47.1],[10,4449,17,6,6,5,35.3,35.3,29.4],[11,136,17,6,5,6,35.3,29.4,35.3],[12,151,17,6,5,6,35.3,29.4,35.3],[13,8371,17,6,4,7,35.3,23.5,41.2],[14,1720,17,5,5,7,29.4,29.4,41.2],[15,169,17,5,4,8,29.4,23.5,47.1],[16,132,17,5,1,11,29.4,5.9,64.7],[17,173,17,3,7,7,17.6,41.2,41.2],[18,425,18,3,6,9,16.7,33.3,50],[19,139,1,0,0,1,0,0,100],[20,175,1,0,0,1,0,0,100]];
var GuestBsHalf = [[1,169,17,10,2,5,58.8,11.8,29.4],[2,461,17,9,3,5,52.9,17.6,29.4],[3,1085,17,9,2,6,52.9,11.8,35.3],[4,1720,17,9,1,7,52.9,5.9,41.2],[5,173,17,8,4,5,47.1,23.5,29.4],[6,487,17,8,2,7,47.1,11.8,41.2],[7,1080,17,7,4,6,41.2,23.5,35.3],[8,160,18,7,4,7,38.9,22.2,38.9],[9,1117,17,7,2,8,41.2,11.8,47.1],[10,136,17,6,7,4,35.3,41.2,23.5],[11,132,17,6,4,7,35.3,23.5,41.2],[12,2786,17,5,8,4,29.4,47.1,23.5],[13,425,18,5,7,6,27.8,38.9,33.3],[14,1079,17,5,6,6,29.4,35.3,35.3],[15,151,17,5,5,7,29.4,29.4,41.2],[16,1344,17,4,4,9,23.5,23.5,52.9],[17,4449,17,4,3,10,23.5,17.6,58.8],[18,8371,17,3,3,11,17.6,17.6,64.7],[19,139,1,0,1,0,0,100,0],[20,175,1,0,0,1,0,0,100]];
var addUp = [336,54.2,22,3.5,262,42.3,[67.6,487],[100,139,175],[76.5,151],[100,139,175],[76.5,132],[100,139,175]];
var addUpHalf = [234,37.7,144,23.2,242,39,[50,1117,1085,487],[100,175],[58.8,1117],[100,139,175],[58.8,169],[100,175]];
var lastUpdateTime = '2025-01-18 15:35:58';
