var arrLeague = [11,'法国甲组联赛','法國甲組聯賽','France Ligue 1','2016-2017','#663333','league_match/images/1j5w0b66k318.png','法甲','法甲','FRA D1'];
var arrTeam = [[197,'摩纳哥','摩納哥','Monaco','','images/16487116696.png',0],[205,'里昂','里昂','Lyon','','images/164871170063.png',0],[208,'波尔多','波爾多','Bordeaux','','images/164871171447.png',0],[211,'马赛','馬賽','Marseille','','images/164871172839.png',0],[214,'梅斯','梅斯','Metz','','images/214/1h51a55zp72q.png',0],[216,'图卢兹','圖魯茲','Toulouse','','images/216/1j5hgyxgzaq.png',0],[245,'巴斯蒂亚','巴斯蒂亞','Bastia','','images/245/1h71kxn4152z.png',0],[251,'雷恩','雷恩','Rennes','','images/164871175839.png',0],[255,'圣埃蒂安','聖伊天','Saint Etienne','','images/16487117719.png',0],[257,'卡昂','卡昂','Caen','','images/257/1h71ky6nm3g.png',0],[259,'尼斯','奈斯','Nice','','images/164871179882.png',0],[263,'南特','南特','Nantes','','images/263/1h5bjb8w5p2j.png',0],[266,'里尔','利爾','Lille','','images/164871184077.png',0],[271,'巴黎圣日尔曼','巴黎聖日門','Paris Saint Germain (PSG)','','images/164871185439.png',0],[301,'南锡','南錫','Nancy','','images/20181012141312.png',0],[304,'昂热','昂熱','Angers','','images/304/1h71kxn41qn.png',0],[320,'第戎','迪安','Dijon','','images/320/1hkgstjs2x20.png',0],[333,'洛里昂','羅連安特','Lorient','','images/164871192161.png',0],[351,'蒙彼利埃','蒙彼利埃','Montpellier','','images/164871193456.png',0],[362,'甘冈','吉英坎','Guingamp','','images/362/1h71kxn4hte.png',0]];
var TotalBs = [[1,197,38,26,5,7,68.4,13.2,18.4],[2,205,38,24,3,11,63.2,7.9,28.9],[3,214,38,21,1,16,55.3,2.6,42.1],[4,333,38,21,1,16,55.3,2.6,42.1],[5,351,38,19,4,15,50,10.5,39.5],[6,259,38,19,2,17,50,5.3,44.7],[7,211,38,19,1,18,50,2.6,47.4],[8,362,38,19,1,18,50,2.6,47.4],[9,304,38,17,5,16,44.7,13.2,42.1],[10,271,38,17,3,18,44.7,7.9,47.4],[11,208,38,17,1,20,44.7,2.6,52.6],[12,320,38,17,0,21,44.7,0,55.3],[13,266,38,16,4,18,42.1,10.5,47.4],[14,263,38,15,5,18,39.5,13.2,47.4],[15,245,38,15,3,20,39.5,7.9,52.6],[16,216,38,15,1,22,39.5,2.6,57.9],[17,301,38,14,4,20,36.8,10.5,52.6],[18,255,38,14,3,21,36.8,7.9,55.3],[19,257,38,13,3,22,34.2,7.9,57.9],[20,251,38,10,4,24,26.3,10.5,63.2]];
var HomeBs = [[1,197,19,16,1,2,84.2,5.3,10.5],[2,205,19,14,1,4,73.7,5.3,21.1],[3,259,19,12,0,7,63.2,0,36.8],[4,214,19,11,1,7,57.9,5.3,36.8],[5,266,19,10,2,7,52.6,10.5,36.8],[6,333,19,10,1,8,52.6,5.3,42.1],[7,301,19,9,3,7,47.4,15.8,36.8],[8,351,19,9,2,8,47.4,10.5,42.1],[9,216,19,9,0,10,47.4,0,52.6],[10,304,19,8,2,9,42.1,10.5,47.4],[11,257,19,8,1,10,42.1,5.3,52.6],[12,208,19,8,0,11,42.1,0,57.9],[13,320,19,8,0,11,42.1,0,57.9],[14,211,19,8,0,11,42.1,0,57.9],[15,263,19,7,3,9,36.8,15.8,47.4],[16,362,19,7,1,11,36.8,5.3,57.9],[17,255,19,7,1,11,36.8,5.3,57.9],[18,271,19,5,2,12,26.3,10.5,63.2],[19,245,19,4,3,12,21.1,15.8,63.2],[20,251,19,4,3,12,21.1,15.8,63.2]];
var GuestBs = [[1,271,19,12,1,6,63.2,5.3,31.6],[2,362,19,12,0,7,63.2,0,36.8],[3,211,19,11,1,7,57.9,5.3,36.8],[4,333,19,11,0,8,57.9,0,42.1],[5,245,19,11,0,8,57.9,0,42.1],[6,197,19,10,4,5,52.6,21.1,26.3],[7,351,19,10,2,7,52.6,10.5,36.8],[8,205,19,10,2,7,52.6,10.5,36.8],[9,214,19,10,0,9,52.6,0,47.4],[10,304,19,9,3,7,47.4,15.8,36.8],[11,208,19,9,1,9,47.4,5.3,47.4],[12,320,19,9,0,10,47.4,0,52.6],[13,263,19,8,2,9,42.1,10.5,47.4],[14,255,19,7,2,10,36.8,10.5,52.6],[15,259,19,7,2,10,36.8,10.5,52.6],[16,266,19,6,2,11,31.6,10.5,57.9],[17,251,19,6,1,12,31.6,5.3,63.2],[18,216,19,6,1,12,31.6,5.3,63.2],[19,257,19,5,2,12,26.3,10.5,63.2],[20,301,19,5,1,13,26.3,5.3,68.4]];
var TotalBsHalf = [[1,351,37,22,9,6,59.5,24.3,16.2],[2,304,38,22,2,14,57.9,5.3,36.8],[3,263,37,20,4,13,54.1,10.8,35.1],[4,197,37,19,4,14,51.4,10.8,37.8],[5,259,37,18,8,11,48.6,21.6,29.7],[6,208,37,18,6,13,48.6,16.2,35.1],[7,266,38,18,5,15,47.4,13.2,39.5],[8,333,38,17,10,11,44.7,26.3,28.9],[9,205,38,17,8,13,44.7,21.1,34.2],[10,255,36,17,5,14,47.2,13.9,38.9],[11,301,38,17,3,18,44.7,7.9,47.4],[12,251,38,16,7,15,42.1,18.4,39.5],[13,211,38,15,5,18,39.5,13.2,47.4],[14,271,38,15,3,20,39.5,7.9,52.6],[15,320,37,14,8,15,37.8,21.6,40.5],[16,257,37,14,6,17,37.8,16.2,45.9],[17,245,36,14,2,20,38.9,5.6,55.6],[18,216,38,13,7,18,34.2,18.4,47.4],[19,362,38,13,7,18,34.2,18.4,47.4],[20,214,37,12,11,14,32.4,29.7,37.8]];
var HomeBsHalf = [[1,259,19,11,5,3,57.9,26.3,15.8],[2,255,19,11,2,6,57.9,10.5,31.6],[3,304,19,11,0,8,57.9,0,42.1],[4,351,19,10,6,3,52.6,31.6,15.8],[5,266,19,10,3,6,52.6,15.8,31.6],[6,263,19,9,3,7,47.4,15.8,36.8],[7,257,19,9,2,8,47.4,10.5,42.1],[8,301,19,9,2,8,47.4,10.5,42.1],[9,197,19,9,1,9,47.4,5.3,47.4],[10,208,19,8,4,7,42.1,21.1,36.8],[11,214,19,8,4,7,42.1,21.1,36.8],[12,205,19,7,6,6,36.8,31.6,31.6],[13,333,19,7,6,6,36.8,31.6,31.6],[14,251,19,7,4,8,36.8,21.1,42.1],[15,216,19,7,4,8,36.8,21.1,42.1],[16,320,19,7,3,9,36.8,15.8,47.4],[17,362,19,7,2,10,36.8,10.5,52.6],[18,271,19,7,0,12,36.8,0,63.2],[19,245,18,6,2,10,33.3,11.1,55.6],[20,211,19,6,2,11,31.6,10.5,57.9]];
var GuestBsHalf = [[1,351,18,12,3,3,66.7,16.7,16.7],[2,263,18,11,1,6,61.1,5.6,33.3],[3,304,19,11,2,6,57.9,10.5,31.6],[4,333,19,10,4,5,52.6,21.1,26.3],[5,197,18,10,3,5,55.6,16.7,27.8],[6,208,18,10,2,6,55.6,11.1,33.3],[7,205,19,10,2,7,52.6,10.5,36.8],[8,211,19,9,3,7,47.4,15.8,36.8],[9,251,19,9,3,7,47.4,15.8,36.8],[10,271,19,8,3,8,42.1,15.8,42.1],[11,266,19,8,2,9,42.1,10.5,47.4],[12,245,18,8,0,10,44.4,0,55.6],[13,301,19,8,1,10,42.1,5.3,52.6],[14,320,18,7,5,6,38.9,27.8,33.3],[15,259,18,7,3,8,38.9,16.7,44.4],[16,362,19,6,5,8,31.6,26.3,42.1],[17,255,17,6,3,8,35.3,17.6,47.1],[18,216,19,6,3,10,31.6,15.8,52.6],[19,257,18,5,4,9,27.8,22.2,50],[20,214,18,4,7,7,22.2,38.9,38.9]];
var addUp = [348,45.8,54,7.1,358,47.1,[68.4,197],[63.2,251],[84.2,197],[63.2,271,245,251],[63.2,271,362],[68.4,301]];
var addUpHalf = [331,44.3,120,16,297,39.7,[59.5,351],[55.6,245],[57.9,259,255,304],[63.2,271],[66.7,351],[55.6,245]];
var lastUpdateTime = '2025-01-22 10:13:49';
