var arrLeague = [4,'巴西甲组联赛','巴西甲組聯賽','Brazil Serie A','2025','#996600','league_match/images/1ka8jt39av1h.png','巴西甲','巴西甲','BRA D1'];
var arrTeam = [[337,'桑托斯','山度士','Santos','','images/337/1gv1yhgq3n2e.png',0],[343,'米内罗竞技','明尼路','Atletico Mineiro','','images/343/1j9d3cawpn18.png',0],[349,'科林蒂安','哥連泰斯','Corinthians Paulista (SP)','','images/349/1j9d3cawpe2k.png',0],[354,'克鲁塞罗','高士路','Cruzeiro','','images/354/1grcyq30k1x.png',0],[356,'弗拉门戈','法林明高','Flamengo','','images/356/1j9d3cawp41r.png',0],[364,'格雷米奥','甘美奧','Gremio (RS)','','images/364/1gq1fbpxrd5.png',0],[369,'巴西国际','國際體育會','Internacional RS','','images/369/1hxg39ttg32m.png',0],[371,'尤文图德','尤文都德','Juventude','','images/371/1hwrwf8axx1r.png',0],[453,'圣保罗','聖保羅','Sao Paulo','','images/453/1hxqrprbs1c.png',0],[456,'瓦斯科达伽马','華斯高','Vasco da Gama','','images/456/1j9d3cawpjh.png',0],[462,'维多利亚','維多利亞','Vitoria BA','','images/462/1gtqpvn9c82j.png',0],[465,'帕尔梅拉斯','彭美拉斯','Palmeiras','','images/465/1gxsf3fvqe1p.png',0],[467,'博塔弗戈','保地花高','Botafogo RJ','','images/1kb4tzgcd1j.png',0],[469,'弗鲁米嫩塞','富明尼斯','Fluminense RJ','','images/469/1hxqrprbsp13.png',0],[1979,'巴伊亚','巴希亞','Bahia','','images/1kb4ved5bjn.png',0],[2001,'福塔雷萨','科泰尼沙','Fortaleza','','images/2001/1gqxnqd00y2y.png',0],[2108,'塞阿拉','施亞拉','Ceara','','images/2108/1grmn77tvad.png',0],[3820,'布拉干蒂诺RB','巴拉干天奴','Bragantino','','images/3820/1gwnk9p3w710.png',0],[4176,'累西腓体育','利斯菲體育會','Sport Club do Recife','','images/4176/1gxsf3fv7a21.png',0],[7429,'米拉索','米拉索','Mirassol','','images/7429/1gq1cqgyy91h.png',0]];
var TotalBs = [[1,3820,38,22,1,15,57.9,2.6,39.5],[2,456,38,21,4,13,55.3,10.5,34.2],[3,465,38,20,2,16,52.6,5.3,42.1],[4,4176,38,20,2,16,52.6,5.3,42.1],[5,1979,38,19,2,17,50,5.3,44.7],[6,356,38,19,2,17,50,5.3,44.7],[7,337,38,19,0,19,50,0,50],[8,354,38,18,6,14,47.4,15.8,36.8],[9,2001,38,18,4,16,47.4,10.5,42.1],[10,7429,38,18,3,17,47.4,7.9,44.7],[11,369,38,18,3,17,47.4,7.9,44.7],[12,371,38,18,0,20,47.4,0,52.6],[13,349,38,17,4,17,44.7,10.5,44.7],[14,453,38,16,9,13,42.1,23.7,34.2],[15,467,38,16,3,19,42.1,7.9,50],[16,469,38,15,4,19,39.5,10.5,50],[17,343,38,15,4,19,39.5,10.5,50],[18,364,38,15,2,21,39.5,5.3,55.3],[19,462,38,15,2,21,39.5,5.3,55.3],[20,2108,38,11,9,18,28.9,23.7,47.4]];
var HomeBs = [[1,354,19,13,0,6,68.4,0,31.6],[2,7429,19,12,2,5,63.2,10.5,26.3],[3,467,19,12,1,6,63.2,5.3,31.6],[4,4176,19,11,1,7,57.9,5.3,36.8],[5,3820,19,11,0,8,57.9,0,42.1],[6,456,19,9,4,6,47.4,21.1,31.6],[7,343,19,9,2,8,47.4,10.5,42.1],[8,349,19,9,2,8,47.4,10.5,42.1],[9,356,19,9,0,10,47.4,0,52.6],[10,1979,19,9,0,10,47.4,0,52.6],[11,453,19,8,5,6,42.1,26.3,31.6],[12,369,19,8,2,9,42.1,10.5,47.4],[13,469,19,8,2,9,42.1,10.5,47.4],[14,465,19,8,1,10,42.1,5.3,52.6],[15,337,19,8,0,11,42.1,0,57.9],[16,2001,19,7,2,10,36.8,10.5,52.6],[17,462,19,7,0,12,36.8,0,63.2],[18,371,19,7,0,12,36.8,0,63.2],[19,364,19,6,1,12,31.6,5.3,63.2],[20,2108,19,4,8,7,21.1,42.1,36.8]];
var GuestBs = [[1,465,19,12,1,6,63.2,5.3,31.6],[2,456,19,12,0,7,63.2,0,36.8],[3,2001,19,11,2,6,57.9,10.5,31.6],[4,3820,19,11,1,7,57.9,5.3,36.8],[5,337,19,11,0,8,57.9,0,42.1],[6,371,19,11,0,8,57.9,0,42.1],[7,356,19,10,2,7,52.6,10.5,36.8],[8,1979,19,10,2,7,52.6,10.5,36.8],[9,369,19,10,1,8,52.6,5.3,42.1],[10,364,19,9,1,9,47.4,5.3,47.4],[11,4176,19,9,1,9,47.4,5.3,47.4],[12,453,19,8,4,7,42.1,21.1,36.8],[13,349,19,8,2,9,42.1,10.5,47.4],[14,462,19,8,2,9,42.1,10.5,47.4],[15,469,19,7,2,10,36.8,10.5,52.6],[16,2108,19,7,1,11,36.8,5.3,57.9],[17,343,19,6,2,11,31.6,10.5,57.9],[18,7429,19,6,1,12,31.6,5.3,63.2],[19,354,19,5,6,8,26.3,31.6,42.1],[20,467,19,4,2,13,21.1,10.5,68.4]];
var TotalBsHalf = [[1,453,38,23,1,14,60.5,2.6,36.8],[2,456,38,20,9,9,52.6,23.7,23.7],[3,465,38,20,4,14,52.6,10.5,36.8],[4,2108,38,20,4,14,52.6,10.5,36.8],[5,2001,38,19,14,5,50,36.8,13.2],[6,7429,38,19,12,7,50,31.6,18.4],[7,369,38,18,12,8,47.4,31.6,21.1],[8,349,38,18,9,11,47.4,23.7,28.9],[9,469,38,18,7,13,47.4,18.4,34.2],[10,364,38,17,10,11,44.7,26.3,28.9],[11,354,38,16,10,12,42.1,26.3,31.6],[12,4176,38,16,10,12,42.1,26.3,31.6],[13,467,38,15,12,11,39.5,31.6,28.9],[14,371,38,14,17,7,36.8,44.7,18.4],[15,462,38,14,11,13,36.8,28.9,34.2],[16,343,38,14,7,17,36.8,18.4,44.7],[17,3820,38,13,13,12,34.2,34.2,31.6],[18,1979,38,12,14,12,31.6,36.8,31.6],[19,337,38,12,10,16,31.6,26.3,42.1],[20,356,38,12,10,16,31.6,26.3,42.1]];
var HomeBsHalf = [[1,7429,19,12,4,3,63.2,21.1,15.8],[2,453,19,12,1,6,63.2,5.3,31.6],[3,456,19,11,3,5,57.9,15.8,26.3],[4,2108,19,11,2,6,57.9,10.5,31.6],[5,467,19,10,7,2,52.6,36.8,10.5],[6,469,19,10,4,5,52.6,21.1,26.3],[7,349,19,10,3,6,52.6,15.8,31.6],[8,4176,19,10,3,6,52.6,15.8,31.6],[9,2001,19,8,9,2,42.1,47.4,10.5],[10,371,19,8,8,3,42.1,42.1,15.8],[11,369,19,8,7,4,42.1,36.8,21.1],[12,354,19,8,7,4,42.1,36.8,21.1],[13,462,19,7,5,7,36.8,26.3,36.8],[14,343,19,7,3,9,36.8,15.8,47.4],[15,465,19,7,2,10,36.8,10.5,52.6],[16,3820,19,6,6,7,31.6,31.6,36.8],[17,337,19,6,5,8,31.6,26.3,42.1],[18,364,19,5,7,7,26.3,36.8,36.8],[19,356,19,5,4,10,26.3,21.1,52.6],[20,1979,19,4,8,7,21.1,42.1,36.8]];
var GuestBsHalf = [[1,465,19,13,2,4,68.4,10.5,21.1],[2,364,19,12,3,4,63.2,15.8,21.1],[3,2001,19,11,5,3,57.9,26.3,15.8],[4,453,19,11,0,8,57.9,0,42.1],[5,369,19,10,5,4,52.6,26.3,21.1],[6,456,19,9,6,4,47.4,31.6,21.1],[7,2108,19,9,2,8,47.4,10.5,42.1],[8,1979,19,8,6,5,42.1,31.6,26.3],[9,349,19,8,6,5,42.1,31.6,26.3],[10,354,19,8,3,8,42.1,15.8,42.1],[11,469,19,8,3,8,42.1,15.8,42.1],[12,7429,19,7,8,4,36.8,42.1,21.1],[13,3820,19,7,7,5,36.8,36.8,26.3],[14,356,19,7,6,6,36.8,31.6,31.6],[15,462,19,7,6,6,36.8,31.6,31.6],[16,343,19,7,4,8,36.8,21.1,42.1],[17,371,19,6,9,4,31.6,47.4,21.1],[18,4176,19,6,7,6,31.6,36.8,31.6],[19,337,19,6,5,8,31.6,26.3,42.1],[20,467,19,5,5,9,26.3,26.3,47.4]];
var addUp = [350,46.1,66,8.7,344,45.3,[57.9,3820],[55.3,364,462],[68.4,354],[63.2,462,371,364],[63.2,465,456],[68.4,467]];
var addUpHalf = [330,43.4,196,25.8,234,30.8,[60.5,453],[44.7,343],[63.2,7429,453],[52.6,465,356],[68.4,465],[47.4,467]];
var lastUpdateTime = '2025-12-10 11:59:32';
