var arrLeague = [60,'中国超级联赛','中國超級聯賽','Chinese Super League','2023','#0066FF','league_match/images/166674992094.png','中超','中超','CHA CSL'];
var arrTeam = [[37,'深圳队','深圳隊','Shenzhen FC','','images/37/1gy3vkgfwq2z.png',0],[39,'上海申花','上海申花','Shanghai Shenhua','','images/39/1gy3vjsrhn1p.png',0],[40,'山东泰山','山東泰山','Shandong Taishan','','images/40/1gy3vjsrhjq.png',0],[43,'北京国安','北京國安','Beijing Guoan','','images/1j8grm13nd21.png',0],[44,'青岛海牛','青島海牛','Qingdao Manatee','','images/44/1gy3vkgfwg2p.png',0],[89,'天津津门虎','天津津門虎','Tianjin Tigers','','images/89/1gy3vkgfwn2t.png',0],[528,'长春亚泰','長春亞泰','Changchun Yatai','','images/20180921180113.png',0],[541,'河南队','河南隊','Henan Football Club','','images/541/1j39p5ccv415.png',0],[542,'浙江队','浙江隊','Zhejiang Greentown','','images/542/1h8qpaemwc10.png',0],[7642,'上海海港','上海海港','Shanghai Port','','images/7642/1h8n2nv7tw23.png',0],[13969,'大连人','大連人','Dalian Pro','','images/20200123150128.png',0],[16967,'沧州雄狮','滄州雄獅','Cangzhou Mighty Lions','','images/16967/1gy3vkgfwb2g.png',0],[21227,'梅州客家','梅州客家','Meizhou Hakka','','images/21227/1j0w7x44xa19.png',0],[26536,'南通支云','南通支雲','Nantong Zhiyun','','images/26536/1j0q19bhzc14.png',0],[40347,'成都蓉城','成都蓉城','Chengdu Rongcheng FC','','images/40347/1gy3vkgfwve.PNG',0],[42492,'武汉三镇','武漢三鎮','Wuhan Three Towns','','images/42492/1hd5at5b6g1y.png',0]];
var TotalPanLu = [[1,89,30,10,5,15,21,2,7,14,70,6.7,23.3],[2,542,30,14,7,9,18,1,11,7,60,3.3,36.7],[3,39,30,17,5,8,15,3,12,3,50,10,40],[4,43,30,22,2,6,14,3,13,1,46.7,10,43.3],[5,528,30,11,3,16,14,3,13,1,46.7,10,43.3],[6,40347,30,21,4,5,14,3,13,1,46.7,10,43.3],[7,26536,30,6,0,24,14,2,14,0,46.7,6.7,46.7],[8,541,30,9,4,17,14,2,14,0,46.7,6.7,46.7],[9,21227,30,9,3,18,14,1,15,-1,46.7,3.3,50],[10,44,30,5,5,20,13,5,12,1,43.3,16.7,40],[11,7642,30,27,2,1,13,2,15,-2,43.3,6.7,50],[12,40,30,25,4,1,12,7,11,1,40,23.3,36.7],[13,37,30,0,1,29,12,1,17,-5,40,3.3,56.7],[14,42492,30,24,3,3,10,4,16,-6,33.3,13.3,53.3],[15,16967,30,6,5,19,10,3,17,-7,33.3,10,56.7],[16,13969,30,4,7,19,9,4,17,-8,30,13.3,56.7]];
var HomePanLu = [[1,40,15,14,1,0,10,2,3,7,66.7,13.3,20],[2,89,15,8,2,5,10,1,4,6,66.7,6.7,26.7],[3,541,15,6,4,5,9,2,4,5,60,13.3,26.7],[4,542,15,9,3,3,9,0,6,3,60,0,40],[5,528,15,8,1,6,8,1,6,2,53.3,6.7,40],[6,21227,15,7,1,7,8,0,7,1,53.3,0,46.7],[7,44,15,5,3,7,7,4,4,3,46.7,26.7,26.7],[8,39,15,10,2,3,7,2,6,1,46.7,13.3,40],[9,40347,15,13,1,1,7,1,7,0,46.7,6.7,46.7],[10,43,15,12,2,1,6,3,6,0,40,20,40],[11,13969,15,3,5,7,6,2,7,-1,40,13.3,46.7],[12,37,15,0,1,14,6,1,8,-2,40,6.7,53.3],[13,16967,15,4,3,8,6,1,8,-2,40,6.7,53.3],[14,42492,15,14,1,0,3,2,10,-7,20,13.3,66.7],[15,26536,15,5,0,10,3,1,11,-8,20,6.7,73.3],[16,7642,15,15,0,0,3,0,12,-9,20,0,80]];
var GuestPanLu = [[1,26536,15,1,0,14,11,1,3,8,73.3,6.7,20],[2,89,15,2,3,10,11,1,3,8,73.3,6.7,20],[3,7642,15,12,2,1,10,2,3,7,66.7,13.3,20],[4,542,15,5,4,6,9,1,5,4,60,6.7,33.3],[5,39,15,7,3,5,8,1,6,2,53.3,6.7,40],[6,43,15,10,0,5,8,0,7,1,53.3,0,46.7],[7,42492,15,10,2,3,7,2,6,1,46.7,13.3,40],[8,40347,15,8,3,4,7,2,6,1,46.7,13.3,40],[9,528,15,3,2,10,6,2,7,-1,40,13.3,46.7],[10,21227,15,2,2,11,6,1,8,-2,40,6.7,53.3],[11,44,15,0,2,13,6,1,8,-2,40,6.7,53.3],[12,37,15,0,0,15,6,0,9,-3,40,0,60],[13,541,15,3,0,12,5,0,10,-5,33.3,0,66.7],[14,16967,15,2,2,11,4,2,9,-5,26.7,13.3,60],[15,13969,15,1,2,12,3,2,10,-7,20,13.3,66.7],[16,40,15,11,3,1,2,5,8,-6,13.3,33.3,53.3]];
var TotalHalfPanLu = [[1,89,30,8,9,13,19,3,8,11,63.3,10,26.7],[2,528,30,7,11,12,17,4,9,8,56.7,13.3,30],[3,21227,30,4,10,16,16,5,9,7,53.3,16.7,30],[4,40347,30,20,7,3,14,3,13,1,46.7,10,43.3],[5,39,30,14,9,7,14,3,13,1,46.7,10,43.3],[6,542,30,12,11,7,14,3,13,1,46.7,10,43.3],[7,43,30,17,7,6,13,4,13,0,43.3,13.3,43.3],[8,40,30,25,4,1,13,3,14,-1,43.3,10,46.7],[9,541,30,7,11,12,13,3,14,-1,43.3,10,46.7],[10,7642,30,26,3,1,13,1,16,-3,43.3,3.3,53.3],[11,44,30,3,10,17,12,5,13,-1,40,16.7,43.3],[12,37,30,0,4,26,12,2,16,-4,40,6.7,53.3],[13,26536,30,4,8,18,12,1,17,-5,40,3.3,56.7],[14,13969,30,2,12,16,11,6,13,-2,36.7,20,43.3],[15,42492,30,22,6,2,11,1,18,-7,36.7,3.3,60],[16,16967,30,2,12,16,9,7,14,-5,30,23.3,46.7]];
var HomeHalfPanLu = [[1,528,15,6,6,3,9,2,4,5,60,13.3,26.7],[2,21227,15,4,5,6,9,2,4,5,60,13.3,26.7],[3,89,15,7,3,5,9,1,5,4,60,6.7,33.3],[4,541,15,5,6,4,9,1,5,4,60,6.7,33.3],[5,40,15,14,1,0,9,0,6,3,60,0,40],[6,39,15,10,2,3,8,2,5,3,53.3,13.3,33.3],[7,44,15,3,6,6,7,2,6,1,46.7,13.3,40],[8,43,15,10,4,1,7,2,6,1,46.7,13.3,40],[9,37,15,0,4,11,7,1,7,0,46.7,6.7,46.7],[10,542,15,9,4,2,7,1,7,0,46.7,6.7,46.7],[11,40347,15,12,3,0,7,1,7,0,46.7,6.7,46.7],[12,13969,15,2,9,4,6,5,4,2,40,33.3,26.7],[13,16967,15,2,7,6,5,4,6,-1,33.3,26.7,40],[14,7642,15,15,0,0,5,1,9,-4,33.3,6.7,60],[15,26536,15,3,6,6,4,1,10,-6,26.7,6.7,66.7],[16,42492,15,14,1,0,3,1,11,-8,20,6.7,73.3]];
var GuestHalfPanLu = [[1,89,15,1,6,8,10,2,3,7,66.7,13.3,20],[2,528,15,1,5,9,8,2,5,3,53.3,13.3,33.3],[3,26536,15,1,2,12,8,0,7,1,53.3,0,46.7],[4,42492,15,8,5,2,8,0,7,1,53.3,0,46.7],[5,7642,15,11,3,1,8,0,7,1,53.3,0,46.7],[6,21227,15,0,5,10,7,3,5,2,46.7,20,33.3],[7,542,15,3,7,5,7,2,6,1,46.7,13.3,40],[8,40347,15,8,4,3,7,2,6,1,46.7,13.3,40],[9,43,15,7,3,5,6,2,7,-1,40,13.3,46.7],[10,39,15,4,7,4,6,1,8,-2,40,6.7,53.3],[11,44,15,0,4,11,5,3,7,-2,33.3,20,46.7],[12,13969,15,0,3,12,5,1,9,-4,33.3,6.7,60],[13,37,15,0,0,15,5,1,9,-4,33.3,6.7,60],[14,16967,15,0,5,10,4,3,8,-4,26.7,20,53.3],[15,40,15,11,3,1,4,3,8,-4,26.7,20,53.3],[16,541,15,2,5,8,4,2,9,-5,26.7,13.3,60]];
var addUp = [108,45,23,9.6,109,45.4,[70,89],[56.7,37,16967,13969],[66.7,40,89],[80,7642],[73.3,26536,89],[66.7,541,13969],[23.3,40],[3.3,542,21227,37]];
var addUpHalf = [111,46.2,27,11.2,102,42.5,[63.3,89],[60,42492],[60,528,21227,89,541,40],[73.3,42492],[66.7,89],[60,13969,37,541],[23.3,16967],[3.3,7642,26536,42492]];
var lastUpdateTime = '2025-01-18 10:41:41';
