var arrLeague = [60,'中国超级联赛','中國超級聯賽','Chinese Super League','2023','#0066FF','league_match/images/166674992094.png','中超','中超','CHA CSL'];
var arrTeam = [[37,'深圳队','深圳隊','Shenzhen FC','','images/37/1gy3vkgfwq2z.png',0],[39,'上海申花','上海申花','Shanghai Shenhua','','images/39/1gy3vjsrhn1p.png',0],[40,'山东泰山','山東泰山','Shandong Taishan','','images/40/1gy3vjsrhjq.png',0],[43,'北京国安','北京國安','Beijing Guoan','','images/1j8grm13nd21.png',0],[44,'青岛海牛','青島海牛','Qingdao Manatee','','images/44/1gy3vkgfwg2p.png',0],[89,'天津津门虎','天津津門虎','Tianjin Tigers','','images/89/1gy3vkgfwn2t.png',0],[528,'长春亚泰','長春亞泰','Changchun Yatai','','images/20180921180113.png',0],[541,'河南队','河南隊','Henan Football Club','','images/541/1j39p5ccv415.png',0],[542,'浙江队','浙江隊','Zhejiang Greentown','','images/542/1h8qpaemwc10.png',0],[7642,'上海海港','上海海港','Shanghai Port','','images/7642/1h8n2nv7tw23.png',0],[13969,'大连人','大連人','Dalian Pro','','images/20200123150128.png',0],[16967,'沧州雄狮','滄州雄獅','Cangzhou Mighty Lions','','images/16967/1gy3vkgfwb2g.png',0],[21227,'梅州客家','梅州客家','Meizhou Hakka','','images/21227/1j0w7x44xa19.png',0],[26536,'南通支云','南通支雲','Nantong Zhiyun','','images/26536/1j0q19bhzc14.png',0],[40347,'成都蓉城','成都蓉城','Chengdu Rongcheng FC','','images/40347/1gy3vkgfwve.PNG',0],[42492,'武汉三镇','武漢三鎮','Wuhan Three Towns','','images/42492/1hd5at5b6g1y.png',0]];
var TotalBs = [[1,542,30,22,0,8,73.3,0,26.7],[2,21227,30,18,0,12,60,0,40],[3,37,30,17,3,10,56.7,10,33.3],[4,7642,30,15,3,12,50,10,40],[5,40347,30,15,1,14,50,3.3,46.7],[6,42492,30,15,1,14,50,3.3,46.7],[7,40,30,15,0,15,50,0,50],[8,528,30,15,0,15,50,0,50],[9,13969,30,14,1,15,46.7,3.3,50],[10,16967,30,14,1,15,46.7,3.3,50],[11,44,30,14,0,16,46.7,0,53.3],[12,43,30,13,1,16,43.3,3.3,53.3],[13,541,30,13,0,17,43.3,0,56.7],[14,39,30,11,1,18,36.7,3.3,60],[15,89,30,10,1,19,33.3,3.3,63.3],[16,26536,30,9,1,20,30,3.3,66.7]];
var HomeBs = [[1,542,15,10,0,5,66.7,0,33.3],[2,40,15,10,0,5,66.7,0,33.3],[3,44,15,9,0,6,60,0,40],[4,528,15,9,0,6,60,0,40],[5,21227,15,9,0,6,60,0,40],[6,40347,15,8,1,6,53.3,6.7,40],[7,37,15,8,0,7,53.3,0,46.7],[8,13969,15,7,1,7,46.7,6.7,46.7],[9,43,15,7,0,8,46.7,0,53.3],[10,7642,15,6,3,6,40,20,40],[11,42492,15,6,0,9,40,0,60],[12,89,15,6,0,9,40,0,60],[13,541,15,6,0,9,40,0,60],[14,16967,15,5,1,9,33.3,6.7,60],[15,26536,15,5,0,10,33.3,0,66.7],[16,39,15,4,1,10,26.7,6.7,66.7]];
var GuestBs = [[1,542,15,12,0,3,80,0,20],[2,37,15,9,3,3,60,20,20],[3,42492,15,9,1,5,60,6.7,33.3],[4,7642,15,9,0,6,60,0,40],[5,21227,15,9,0,6,60,0,40],[6,16967,15,9,0,6,60,0,40],[7,541,15,7,0,8,46.7,0,53.3],[8,40347,15,7,0,8,46.7,0,53.3],[9,39,15,7,0,8,46.7,0,53.3],[10,13969,15,7,0,8,46.7,0,53.3],[11,43,15,6,1,8,40,6.7,53.3],[12,528,15,6,0,9,40,0,60],[13,40,15,5,0,10,33.3,0,66.7],[14,44,15,5,0,10,33.3,0,66.7],[15,89,15,4,1,10,26.7,6.7,66.7],[16,26536,15,4,1,10,26.7,6.7,66.7]];
var TotalBsHalf = [[1,37,30,17,0,13,56.7,0,43.3],[2,40347,30,15,7,8,50,23.3,26.7],[3,42492,30,15,2,13,50,6.7,43.3],[4,21227,30,14,10,6,46.7,33.3,20],[5,13969,30,14,3,13,46.7,10,43.3],[6,39,30,13,9,8,43.3,30,26.7],[7,528,30,13,6,11,43.3,20,36.7],[8,43,30,13,5,12,43.3,16.7,40],[9,542,30,12,8,10,40,26.7,33.3],[10,16967,30,12,7,11,40,23.3,36.7],[11,89,30,12,7,11,40,23.3,36.7],[12,26536,30,10,9,11,33.3,30,36.7],[13,44,30,10,4,16,33.3,13.3,53.3],[14,40,30,9,8,13,30,26.7,43.3],[15,541,30,8,6,16,26.7,20,53.3],[16,7642,30,7,5,18,23.3,16.7,60]];
var HomeBsHalf = [[1,37,15,9,0,6,60,0,40],[2,528,15,8,5,2,53.3,33.3,13.3],[3,40347,15,8,3,4,53.3,20,26.7],[4,21227,15,7,6,2,46.7,40,13.3],[5,26536,15,7,2,6,46.7,13.3,40],[6,13969,15,7,0,8,46.7,0,53.3],[7,39,15,6,5,4,40,33.3,26.7],[8,40,15,6,4,5,40,26.7,33.3],[9,89,15,6,3,6,40,20,40],[10,43,15,6,3,6,40,20,40],[11,44,15,6,2,7,40,13.3,46.7],[12,42492,15,6,0,9,40,0,60],[13,16967,15,4,5,6,26.7,33.3,40],[14,542,15,4,4,7,26.7,26.7,46.7],[15,7642,15,4,1,10,26.7,6.7,66.7],[16,541,15,3,5,7,20,33.3,46.7]];
var GuestBsHalf = [[1,42492,15,9,2,4,60,13.3,26.7],[2,542,15,8,4,3,53.3,26.7,20],[3,16967,15,8,2,5,53.3,13.3,33.3],[4,37,15,8,0,7,53.3,0,46.7],[5,40347,15,7,4,4,46.7,26.7,26.7],[6,39,15,7,4,4,46.7,26.7,26.7],[7,21227,15,7,4,4,46.7,26.7,26.7],[8,13969,15,7,3,5,46.7,20,33.3],[9,43,15,7,2,6,46.7,13.3,40],[10,89,15,6,4,5,40,26.7,33.3],[11,541,15,5,1,9,33.3,6.7,60],[12,528,15,5,1,9,33.3,6.7,60],[13,44,15,4,2,9,26.7,13.3,60],[14,26536,15,3,7,5,20,46.7,33.3],[15,7642,15,3,4,8,20,26.7,53.3],[16,40,15,3,4,8,20,26.7,53.3]];
var addUp = [230,47.9,14,2.9,236,49.2,[73.3,542],[66.7,26536],[66.7,542,40],[66.7,26536,39],[80,542],[66.7,40,44,89,26536]];
var addUpHalf = [194,40.4,96,20,190,39.6,[56.7,37],[60,7642],[60,37],[66.7,7642],[60,42492],[60,541,528,44]];
var lastUpdateTime = '2025-01-18 10:41:50';
