var arrLeague = [10,'俄罗斯超级联赛','俄羅斯超級聯賽','Russia Premier League','2012-2013','#006699','league_match/images/20200411092415.jpg','俄超','俄超','RUS PR'];
var arrTeam = [[298,'阿姆卡尔','安卡','Amkar Perm','','images/298/1gx0nnphdv0.png',0],[300,'苏维埃之翼','蘇維杜夫','Krylya Sovetov','','images/165095551520.png',0],[395,'圣彼得堡泽尼特','聖彼德斯堡','Zenit St. Petersburg','','images/395/1hnyhx549p2m.png',0],[407,'莫斯科中央陆军','莫斯科中央陸軍','CSKA Moscow','','images/407/1gtqm0cjh91x.png',0],[411,'莫斯科斯巴达','莫斯科斯巴達','Spartak Moscow','','images/165095544593.png',0],[416,'莫斯科迪纳摩','莫斯科戴拿模','Dynamo Moscow','','images/416/1gtqm0cjhm20.png',0],[420,'莫斯科火车头','莫斯科火車頭','Lokomotiv Moscow','','images/165095543060.png',0],[422,'阿兰尼亚瓦拉','阿蘭尼亞瓦拉','Alania Vladikavkaz','','images/422/1gtqm7ts1v2d.png',0],[429,'罗斯托夫','羅斯杜夫','Rostov FK','','images/165095539431.png',0],[435,'库班','庫班','Kuban Krasnodar','','images/20130711102033.jpg',0],[441,'喀山红宝石','卡山魯賓','Rubin Kazan','','images/441/1gq15ejwg51f.png',0],[605,'格罗兹尼特里克','塔利克','Terek Grozny','','images/165095534661.png',0],[2460,'安郅马哈奇卡拉','安捷','Anzhi Makhachkala','','images/20160729172410.jpg',0],[2461,'纳尔奇克斯巴达','納爾奇克斯巴達','Spartak Nalchik','','images/2461/1h1n1p4djk4.png',0],[2481,'SKA哈巴罗夫斯克','SKA哈巴羅夫斯克','SKA Khabarovsk','','images/2481/1gqvwshxs72e.png',0],[4371,'萨兰斯克莫尔多瓦','莫爾多維亞','Mordovya Saransk','','images/20130411103358.jpg',0],[8271,'下诺夫哥罗德伏尔加','伏爾加','Volga Nizhny Novgorod','','images/20130411103418.jpg',0],[10112,'克拉斯诺达尔','克拉斯諾達爾','FC Krasnodar','','images/10112/1gtqm0cjha2q.png',0]];
var TotalBs = [[1,411,30,18,0,12,60,0,40],[2,605,30,18,0,12,60,0,40],[3,4371,30,18,0,12,60,0,40],[4,435,30,17,0,13,56.7,0,43.3],[5,298,30,16,0,14,53.3,0,46.7],[6,300,32,16,0,16,50,0,50],[7,2460,30,15,0,15,50,0,50],[8,10112,30,15,0,15,50,0,50],[9,429,32,15,0,17,46.9,0,53.1],[10,407,30,14,0,16,46.7,0,53.3],[11,420,30,14,0,16,46.7,0,53.3],[12,422,30,14,0,16,46.7,0,53.3],[13,395,29,13,0,16,44.8,0,55.2],[14,441,30,13,0,17,43.3,0,56.7],[15,416,29,12,0,17,41.4,0,58.6],[16,8271,30,11,0,19,36.7,0,63.3],[17,2461,2,1,0,1,50,0,50],[18,2481,2,0,0,2,0,0,100]];
var HomeBs = [[1,4371,15,10,0,5,66.7,0,33.3],[2,605,15,10,0,5,66.7,0,33.3],[3,2460,15,9,0,6,60,0,40],[4,298,15,9,0,6,60,0,40],[5,429,16,9,0,7,56.2,0,43.8],[6,420,15,8,0,7,53.3,0,46.7],[7,422,15,8,0,7,53.3,0,46.7],[8,435,15,8,0,7,53.3,0,46.7],[9,10112,15,8,0,7,53.3,0,46.7],[10,300,16,8,0,8,50,0,50],[11,411,15,7,0,8,46.7,0,53.3],[12,416,14,6,0,8,42.9,0,57.1],[13,407,15,6,0,9,40,0,60],[14,395,15,5,0,10,33.3,0,66.7],[15,8271,15,4,0,11,26.7,0,73.3],[16,441,15,4,0,11,26.7,0,73.3],[17,2461,1,1,0,0,100,0,0],[18,2481,1,0,0,1,0,0,100]];
var GuestBs = [[1,411,15,11,0,4,73.3,0,26.7],[2,435,15,9,0,6,60,0,40],[3,441,15,9,0,6,60,0,40],[4,395,14,8,0,6,57.1,0,42.9],[5,4371,15,8,0,7,53.3,0,46.7],[6,407,15,8,0,7,53.3,0,46.7],[7,605,15,8,0,7,53.3,0,46.7],[8,300,16,8,0,8,50,0,50],[9,10112,15,7,0,8,46.7,0,53.3],[10,298,15,7,0,8,46.7,0,53.3],[11,8271,15,7,0,8,46.7,0,53.3],[12,416,15,6,0,9,40,0,60],[13,422,15,6,0,9,40,0,60],[14,420,15,6,0,9,40,0,60],[15,2460,15,6,0,9,40,0,60],[16,429,16,6,0,10,37.5,0,62.5],[17,2461,1,0,0,1,0,0,100],[18,2481,1,0,0,1,0,0,100]];
var TotalBsHalf = [[1,300,31,16,12,3,51.6,38.7,9.7],[2,298,30,16,8,6,53.3,26.7,20],[3,420,30,15,7,8,50,23.3,26.7],[4,435,30,14,5,11,46.7,16.7,36.7],[5,8271,28,13,8,7,46.4,28.6,25],[6,10112,29,13,4,12,44.8,13.8,41.4],[7,4371,29,11,11,7,37.9,37.9,24.1],[8,2460,29,11,8,10,37.9,27.6,34.5],[9,422,29,10,10,9,34.5,34.5,31],[10,605,30,10,10,10,33.3,33.3,33.3],[11,407,29,10,7,12,34.5,24.1,41.4],[12,429,31,10,8,13,32.3,25.8,41.9],[13,395,28,9,13,6,32.1,46.4,21.4],[14,411,30,9,13,8,30,43.3,26.7],[15,416,29,8,13,8,27.6,44.8,27.6],[16,441,30,7,12,11,23.3,40,36.7],[17,2461,2,2,0,0,100,0,0],[18,2481,2,0,1,1,0,50,50]];
var HomeBsHalf = [[1,300,16,10,4,2,62.5,25,12.5],[2,298,15,10,1,4,66.7,6.7,26.7],[3,435,15,9,1,5,60,6.7,33.3],[4,420,15,8,4,3,53.3,26.7,20],[5,8271,15,7,4,4,46.7,26.7,26.7],[6,2460,15,7,2,6,46.7,13.3,40],[7,422,15,6,5,4,40,33.3,26.7],[8,429,16,6,5,5,37.5,31.2,31.2],[9,10112,15,6,3,6,40,20,40],[10,4371,15,5,8,2,33.3,53.3,13.3],[11,411,15,4,7,4,26.7,46.7,26.7],[12,416,14,4,6,4,28.6,42.9,28.6],[13,407,15,4,4,7,26.7,26.7,46.7],[14,441,15,3,7,5,20,46.7,33.3],[15,395,15,2,8,5,13.3,53.3,33.3],[16,605,15,2,7,6,13.3,46.7,40],[17,2461,1,1,0,0,100,0,0],[18,2481,1,0,0,1,0,0,100]];
var GuestBsHalf = [[1,605,15,8,3,4,53.3,20,26.7],[2,395,13,7,5,1,53.8,38.5,7.7],[3,420,15,7,3,5,46.7,20,33.3],[4,10112,14,7,1,6,50,7.1,42.9],[5,300,15,6,8,1,40,53.3,6.7],[6,298,15,6,7,2,40,46.7,13.3],[7,8271,13,6,4,3,46.2,30.8,23.1],[8,4371,14,6,3,5,42.9,21.4,35.7],[9,407,14,6,3,5,42.9,21.4,35.7],[10,411,15,5,6,4,33.3,40,26.7],[11,435,15,5,4,6,33.3,26.7,40],[12,2460,14,4,6,4,28.6,42.9,28.6],[13,416,15,4,7,4,26.7,46.7,26.7],[14,422,14,4,5,5,28.6,35.7,35.7],[15,441,15,4,5,6,26.7,33.3,40],[16,429,15,4,3,8,26.7,20,53.3],[17,2461,1,1,0,0,100,0,0],[18,2481,1,0,1,0,0,100,0]];
var addUp = [240,49.4,0,0,246,50.6,[60,411,605,4371],[100,2481],[100,2461],[100,2481],[73.3,411],[100,2461,2481]];
var addUpHalf = [184,38.7,150,31.5,142,29.8,[100,2461],[50,2481],[100,2461],[100,2481],[100,2461],[53.3,429]];
var lastUpdateTime = '2025-06-24 14:24:56';
