var arrLeague = [25,'日本职业联赛J1','日本職業聯賽J1','Japan J1 League','2012','#009900','league_match/images/20130413112735.jpg','日职联','日職聯','JPN D1'];
var arrTeam = [[178,'新泻天鹅','新潟天鵝','Albirex Niigata','','images/178/1gtzd3qtet5.png',0],[181,'名古屋鲸八','名古屋八鯨','Nagoya Grampus','','images/181/1kkqp8ga5a1e.png',0],[188,'浦和红钻','浦和紅鑽','Urawa Red Diamonds','','images/188/1gtzcts2pj1a.png',0],[190,'鹿岛鹿角','鹿島鹿角','Kashima Antlers','','images/190/1gtzcts261m.png',0],[193,'大阪樱花','大阪櫻花','Cerezo Osaka','','images/193/1gtzcts26h14.png',0],[196,'横滨水手','橫濱水手','Yokohama Marinos','','images/196/1gtzcts26eq.png',0],[198,'磐田喜悦','磐田山葉','Jubilo Iwata','','images/198/1gtzcts2p16.png',0],[201,'FC东京','FC東京','FC Tokyo','','images/1jqk6vdj212v.png',0],[203,'神户胜利船','神戶勝利船','Vissel Kobe','','images/203/1gtzcts1qh1b.png',0],[204,'清水鼓动','清水心跳','Shimizu S-Pulse','','images/204/1gtzcts2p01p.png',0],[206,'广岛三箭','廣島三箭','Hiroshima Sanfrecce','','images/206/1gtzcts1qj1h.png',0],[207,'大阪钢巴','大阪飛腳','Gamba Osaka','','images/207/1gtzd3qtya20.png',0],[209,'柏太阳神','柏雷素爾','Kashiwa Reysol','','images/209/1gtzcts3612j.png',0],[1988,'RB大宫松鼠','RB大宮松鼠','RB Omiya Ardija','','images/1jp45sdm4f2c.png',0],[1989,'川崎前锋','川崎前鋒','Kawasaki Frontale','','images/1989/1gtzcts26x2r.png',0],[3164,'鸟栖沙岩','鳥栖沙岩','Sagan Tosu','','images/3164/1gtzcts2pxc.png',0],[3193,'仙台维加泰','仙台維加泰','Vegalta Sendai','','images/3193/1h53w49ppqd.png',0],[3195,'札幌冈萨多','札幌岡薩多','Consadole Sapporo','','images/3195/1gtzcts2ps14.png',0]];
var TotalBs = [[1,207,34,25,1,8,73.5,2.9,23.5],[2,3195,34,21,0,13,61.8,0,38.2],[3,198,34,20,1,13,58.8,2.9,38.2],[4,3193,34,19,1,14,55.9,2.9,41.2],[5,1989,34,19,0,15,55.9,0,44.1],[6,190,34,19,0,15,55.9,0,44.1],[7,193,34,18,0,16,52.9,0,47.1],[8,203,34,18,0,16,52.9,0,47.1],[9,206,34,18,0,16,52.9,0,47.1],[10,209,34,17,2,15,50,5.9,44.1],[11,181,34,16,1,17,47.1,2.9,50],[12,196,34,16,0,18,47.1,0,52.9],[13,188,34,15,0,19,44.1,0,55.9],[14,1988,34,15,0,19,44.1,0,55.9],[15,3164,34,14,0,20,41.2,0,58.8],[16,204,34,14,0,20,41.2,0,58.8],[17,201,34,14,0,20,41.2,0,58.8],[18,178,34,6,0,28,17.6,0,82.4]];
var HomeBs = [[1,207,17,14,0,3,82.4,0,17.6],[2,190,17,11,0,6,64.7,0,35.3],[3,193,17,11,0,6,64.7,0,35.3],[4,3193,17,10,1,6,58.8,5.9,35.3],[5,209,17,9,2,6,52.9,11.8,35.3],[6,201,17,9,0,8,52.9,0,47.1],[7,1989,17,9,0,8,52.9,0,47.1],[8,3195,17,9,0,8,52.9,0,47.1],[9,198,17,9,0,8,52.9,0,47.1],[10,206,17,9,0,8,52.9,0,47.1],[11,203,17,8,0,9,47.1,0,52.9],[12,181,17,8,0,9,47.1,0,52.9],[13,196,17,8,0,9,47.1,0,52.9],[14,204,17,7,0,10,41.2,0,58.8],[15,1988,17,6,0,11,35.3,0,64.7],[16,3164,17,6,0,11,35.3,0,64.7],[17,188,17,5,0,12,29.4,0,70.6],[18,178,17,4,0,13,23.5,0,76.5]];
var GuestBs = [[1,3195,17,12,0,5,70.6,0,29.4],[2,198,17,11,1,5,64.7,5.9,29.4],[3,207,17,11,1,5,64.7,5.9,29.4],[4,203,17,10,0,7,58.8,0,41.2],[5,188,17,10,0,7,58.8,0,41.2],[6,1989,17,10,0,7,58.8,0,41.2],[7,1988,17,9,0,8,52.9,0,47.1],[8,206,17,9,0,8,52.9,0,47.1],[9,3193,17,9,0,8,52.9,0,47.1],[10,181,17,8,1,8,47.1,5.9,47.1],[11,190,17,8,0,9,47.1,0,52.9],[12,209,17,8,0,9,47.1,0,52.9],[13,196,17,8,0,9,47.1,0,52.9],[14,3164,17,8,0,9,47.1,0,52.9],[15,193,17,7,0,10,41.2,0,58.8],[16,204,17,7,0,10,41.2,0,58.8],[17,201,17,5,0,12,29.4,0,70.6],[18,178,17,2,0,15,11.8,0,88.2]];
var TotalBsHalf = [[1,207,33,18,1,14,54.5,3,42.4],[2,188,34,17,9,8,50,26.5,23.5],[3,3195,33,17,3,13,51.5,9.1,39.4],[4,190,34,14,9,11,41.2,26.5,32.4],[5,201,34,14,4,16,41.2,11.8,47.1],[6,209,33,13,10,10,39.4,30.3,30.3],[7,206,33,13,8,12,39.4,24.2,36.4],[8,198,34,12,13,9,35.3,38.2,26.5],[9,203,34,12,11,11,35.3,32.4,32.4],[10,204,34,12,11,11,35.3,32.4,32.4],[11,3164,33,12,9,12,36.4,27.3,36.4],[12,1989,33,11,8,14,33.3,24.2,42.4],[13,181,33,11,7,15,33.3,21.2,45.5],[14,178,34,11,7,16,32.4,20.6,47.1],[15,196,34,11,5,18,32.4,14.7,52.9],[16,1988,33,11,3,19,33.3,9.1,57.6],[17,193,34,10,7,17,29.4,20.6,50],[18,3193,33,9,11,13,27.3,33.3,39.4]];
var HomeBsHalf = [[1,207,17,9,1,7,52.9,5.9,41.2],[2,190,17,8,5,4,47.1,29.4,23.5],[3,188,17,8,4,5,47.1,23.5,29.4],[4,3195,17,8,3,6,47.1,17.6,35.3],[5,198,17,7,6,4,41.2,35.3,23.5],[6,209,17,7,5,5,41.2,29.4,29.4],[7,204,17,7,4,6,41.2,23.5,35.3],[8,196,17,7,2,8,41.2,11.8,47.1],[9,1988,17,7,1,9,41.2,5.9,52.9],[10,181,17,6,3,8,35.3,17.6,47.1],[11,206,17,6,3,8,35.3,17.6,47.1],[12,178,17,6,3,8,35.3,17.6,47.1],[13,201,17,6,2,9,35.3,11.8,52.9],[14,3193,17,5,5,7,29.4,29.4,41.2],[15,1989,17,5,4,8,29.4,23.5,47.1],[16,193,17,5,4,8,29.4,23.5,47.1],[17,203,17,4,8,5,23.5,47.1,29.4],[18,3164,17,4,5,8,23.5,29.4,47.1]];
var GuestBsHalf = [[1,188,17,9,5,3,52.9,29.4,17.6],[2,3195,16,9,0,7,56.2,0,43.8],[3,207,16,9,0,7,56.2,0,43.8],[4,3164,16,8,4,4,50,25,25],[5,203,17,8,3,6,47.1,17.6,35.3],[6,201,17,8,2,7,47.1,11.8,41.2],[7,206,16,7,5,4,43.8,31.2,25],[8,209,16,6,5,5,37.5,31.2,31.2],[9,1989,16,6,4,6,37.5,25,37.5],[10,190,17,6,4,7,35.3,23.5,41.2],[11,204,17,5,7,5,29.4,41.2,29.4],[12,198,17,5,7,5,29.4,41.2,29.4],[13,181,16,5,4,7,31.2,25,43.8],[14,178,17,5,4,8,29.4,23.5,47.1],[15,193,17,5,3,9,29.4,17.6,52.9],[16,3193,16,4,6,6,25,37.5,37.5],[17,1988,16,4,2,10,25,12.5,62.5],[18,196,17,4,3,10,23.5,17.6,58.8]];
var addUp = [304,49.7,6,1,302,49.3,[73.5,207],[82.4,178],[82.4,207],[76.5,178],[70.6,3195],[88.2,178]];
var addUpHalf = [228,37.8,136,22.6,239,39.6,[54.5,207],[57.6,1988],[52.9,207],[52.9,1988,201],[56.2,3195,207],[62.5,1988]];
var lastUpdateTime = '2026-04-07 17:19:36';
