var arrLeague = [273,'澳洲甲组联赛','澳洲甲組聯賽','Australia A-League','2014-2015','#FF7000','league_match/images/167305577951.png','澳洲甲','澳洲甲','AUS D1'];
var arrTeam = [[2900,'阿德莱德联','阿德萊德聯','Adelaide United','','images/2900/1hd5avvjts1y.png',0],[2901,'墨尔本胜利','墨爾本勝利','Melbourne Victory','','images/2901/1jaekt97145.png',0],[2909,'悉尼FC','悉尼FC','Sydney FC','','images/2909/1gq92j83knp.png',0],[2910,'中央海岸水手','中岸水手','Central Coast Mariners','','images/2910/1hd5avvjt32h.png',0],[2913,'珀斯光荣','珀斯光輝','Perth Glory','','images/2913/1h5bja71yq6.png',0],[2914,'布里斯班狮吼','布里斯本獅吼','Brisbane Roar','','images/2914/1j63q4e1gy18.png',0],[2915,'纽卡斯尔喷气机','紐卡素噴射機','Newcastle Jets','','images/2915/1hdajpw3vks.png',0],[5953,'惠灵顿凤凰','威靈頓鳳凰','Wellington Phoenix','','images/5953/1h6z210pqs2n.png',0],[14549,'墨尔本城','墨爾本城','Melbourne City','','images/14549/1gq92j83kv7.png',0],[20394,'西悉尼流浪者','西悉尼流浪者','Western Sydney','','images/20130923112441.png',0]];
var TotalPanLu = [[1,2909,29,14,6,9,19,2,8,11,65.5,6.9,27.6],[2,2901,29,23,1,5,19,1,9,10,65.5,3.4,31],[3,2913,27,15,3,9,17,2,8,9,63,7.4,29.6],[4,2900,29,20,2,7,15,0,14,1,51.7,0,48.3],[5,5953,28,13,4,11,14,1,13,1,50,3.6,46.4],[6,2910,27,4,4,19,13,1,13,0,48.1,3.7,48.1],[7,2914,28,13,3,12,11,1,16,-5,39.3,3.6,57.1],[8,14549,29,7,11,11,11,5,13,-2,37.9,17.2,44.8],[9,2915,27,3,2,22,10,0,17,-7,37,0,63],[10,20394,27,7,6,14,4,1,22,-18,14.8,3.7,81.5]];
var HomePanLu = [[1,2913,14,13,0,1,8,0,6,2,57.1,0,42.9],[2,2901,16,16,0,0,9,0,7,2,56.2,0,43.8],[3,2900,15,15,0,0,8,0,7,1,53.3,0,46.7],[4,5953,15,13,2,0,7,0,8,-1,46.7,0,53.3],[5,14549,13,6,6,1,6,3,4,2,46.2,23.1,30.8],[6,2910,13,4,4,5,6,1,6,0,46.2,7.7,46.2],[7,2909,14,11,3,0,5,2,7,-2,35.7,14.3,50],[8,2914,13,11,0,2,4,0,9,-5,30.8,0,69.2],[9,2915,13,3,2,8,3,0,10,-7,23.1,0,76.9],[10,20394,14,6,4,4,3,1,10,-7,21.4,7.1,71.4]];
var GuestPanLu = [[1,2909,15,3,3,9,14,0,1,13,93.3,0,6.7],[2,2901,13,7,1,5,10,1,2,8,76.9,7.7,15.4],[3,2913,13,2,3,8,9,2,2,7,69.2,15.4,15.4],[4,5953,13,0,2,11,7,1,5,2,53.8,7.7,38.5],[5,2900,14,5,2,7,7,0,7,0,50,0,50],[6,2910,14,0,0,14,7,0,7,0,50,0,50],[7,2915,14,0,0,14,7,0,7,0,50,0,50],[8,2914,15,2,3,10,7,1,7,0,46.7,6.7,46.7],[9,14549,16,1,5,10,5,2,9,-4,31.2,12.5,56.2],[10,20394,13,1,2,10,1,0,12,-11,7.7,0,92.3]];
var TotalHalfPanLu = [[1,2915,27,0,5,22,17,3,7,10,63,11.1,25.9],[2,2901,29,18,10,1,15,4,10,5,51.7,13.8,34.5],[3,2913,27,9,13,5,13,5,9,4,48.1,18.5,33.3],[4,2909,29,9,15,5,13,5,11,2,44.8,17.2,37.9],[5,2900,29,17,11,1,11,7,11,0,37.9,24.1,37.9],[6,2910,27,2,11,14,10,5,12,-2,37,18.5,44.4],[7,5953,28,8,12,8,10,5,13,-3,35.7,17.9,46.4],[8,2914,28,10,10,8,9,4,15,-6,32.1,14.3,53.6],[9,14549,29,5,15,9,9,10,10,-1,31,34.5,34.5],[10,20394,27,6,10,11,7,4,16,-9,25.9,14.8,59.3]];
var HomeHalfPanLu = [[1,2915,13,0,5,8,7,3,3,4,53.8,23.1,23.1],[2,2901,16,13,3,0,8,1,7,1,50,6.2,43.8],[3,2913,14,8,6,0,6,2,6,0,42.9,14.3,42.9],[4,2900,15,13,2,0,5,2,8,-3,33.3,13.3,53.3],[5,14549,13,5,7,1,4,5,4,0,30.8,38.5,30.8],[6,5953,15,8,7,0,4,2,9,-5,26.7,13.3,60],[7,2910,13,2,9,2,3,3,7,-4,23.1,23.1,53.8],[8,2909,14,7,7,0,3,4,7,-4,21.4,28.6,50],[9,2914,13,9,4,0,1,1,11,-10,7.7,7.7,84.6],[10,20394,14,5,6,3,1,3,10,-9,7.1,21.4,71.4]];
var GuestHalfPanLu = [[1,2915,14,0,0,14,10,0,4,6,71.4,0,28.6],[2,2909,15,2,8,5,10,1,4,6,66.7,6.7,26.7],[3,2914,15,1,6,8,8,3,4,4,53.3,20,26.7],[4,2901,13,5,7,1,7,3,3,4,53.8,23.1,23.1],[5,2913,13,1,7,5,7,3,3,4,53.8,23.1,23.1],[6,2910,14,0,2,12,7,2,5,2,50,14.3,35.7],[7,5953,13,0,5,8,6,3,4,2,46.2,23.1,30.8],[8,20394,13,1,4,8,6,1,6,0,46.2,7.7,46.2],[9,2900,14,4,9,1,6,5,3,3,42.9,35.7,21.4],[10,14549,16,0,8,8,5,5,6,-1,31.2,31.2,37.5]];
var addUp = [59,42.1,7,5,74,52.9,[65.5,2909,2901],[81.5,20394],[57.1,2913],[76.9,2915],[93.3,2909],[92.3,20394],[17.2,14549],[0,2900,2915]];
var addUpHalf = [42,30,26,18.6,72,51.4,[63,2915],[59.3,20394],[53.8,2915],[84.6,2914],[71.4,2915],[46.2,20394],[34.5,14549],[11.1,2915]];
var lastUpdateTime = '2025-01-20 09:02:21';
