var arrLeague = [273,'澳洲甲组联赛','澳洲甲組聯賽','Australia A-League','2014-2015','#FF7000','league_match/images/167305577951.png','澳洲甲','澳洲甲','AUS D1'];
var arrTeam = [[2900,'阿德莱德联','阿德萊德聯','Adelaide United','','images/2900/1hd5avvjts1y.png',0],[2901,'墨尔本胜利','墨爾本勝利','Melbourne Victory','','images/2901/1jaekt97145.png',0],[2909,'悉尼FC','悉尼FC','Sydney FC','','images/2909/1gq92j83knp.png',0],[2910,'中央海岸水手','中岸水手','Central Coast Mariners','','images/2910/1hd5avvjt32h.png',0],[2913,'珀斯光荣','珀斯光輝','Perth Glory','','images/2913/1h5bja71yq6.png',0],[2914,'布里斯班狮吼','布里斯本獅吼','Brisbane Roar','','images/2914/1j63q4e1gy18.png',0],[2915,'纽卡斯尔喷气机','紐卡素噴射機','Newcastle Jets','','images/2915/1hdajpw3vks.png',0],[5953,'惠灵顿凤凰','威靈頓鳳凰','Wellington Phoenix','','images/5953/1h6z210pqs2n.png',0],[14549,'墨尔本城','墨爾本城','Melbourne City','','images/14549/1gq92j83kv7.png',0],[20394,'西悉尼流浪者','西悉尼流浪者','Western Sydney','','images/20130923112441.png',0]];
var TotalBs = [[1,2901,29,19,1,9,65.5,3.4,31],[2,2900,29,19,0,10,65.5,0,34.5],[3,5953,28,18,0,10,64.3,0,35.7],[4,2913,27,17,0,10,63,0,37],[5,2914,28,17,0,11,60.7,0,39.3],[6,2909,29,17,0,12,58.6,0,41.4],[7,14549,29,15,0,14,51.7,0,48.3],[8,20394,27,14,0,13,51.9,0,48.1],[9,2915,27,14,0,13,51.9,0,48.1],[10,2910,27,12,1,14,44.4,3.7,51.9]];
var HomeBs = [[1,2913,14,13,0,1,92.9,0,7.1],[2,2901,16,10,1,5,62.5,6.2,31.2],[3,5953,15,9,0,6,60,0,40],[4,2900,15,9,0,6,60,0,40],[5,2914,13,8,0,5,61.5,0,38.5],[6,2915,13,7,0,6,53.8,0,46.2],[7,2909,14,7,0,7,50,0,50],[8,20394,14,7,0,7,50,0,50],[9,14549,13,6,0,7,46.2,0,53.8],[10,2910,13,5,0,8,38.5,0,61.5]];
var GuestBs = [[1,2900,14,10,0,4,71.4,0,28.6],[2,2909,15,10,0,5,66.7,0,33.3],[3,5953,13,9,0,4,69.2,0,30.8],[4,2901,13,9,0,4,69.2,0,30.8],[5,2914,15,9,0,6,60,0,40],[6,14549,16,9,0,7,56.2,0,43.8],[7,20394,13,7,0,6,53.8,0,46.2],[8,2910,14,7,1,6,50,7.1,42.9],[9,2915,14,7,0,7,50,0,50],[10,2913,13,4,0,9,30.8,0,69.2]];
var TotalBsHalf = [[1,2901,29,14,5,10,48.3,17.2,34.5],[2,2900,28,12,9,7,42.9,32.1,25],[3,2909,28,12,4,12,42.9,14.3,42.9],[4,5953,28,11,7,10,39.3,25,35.7],[5,20394,27,10,12,5,37,44.4,18.5],[6,2910,25,10,6,9,40,24,36],[7,2914,27,9,10,8,33.3,37,29.6],[8,14549,25,9,6,10,36,24,40],[9,2915,26,7,5,14,26.9,19.2,53.8],[10,2913,26,6,13,7,23.1,50,26.9]];
var HomeBsHalf = [[1,2901,16,9,2,5,56.2,12.5,31.2],[2,2900,15,7,5,3,46.7,33.3,20],[3,20394,14,6,6,2,42.9,42.9,14.3],[4,2914,13,6,3,4,46.2,23.1,30.8],[5,5953,15,6,4,5,40,26.7,33.3],[6,2909,14,6,0,8,42.9,0,57.1],[7,2913,14,5,8,1,35.7,57.1,7.1],[8,2910,13,4,4,5,30.8,30.8,38.5],[9,14549,13,2,5,6,15.4,38.5,46.2],[10,2915,13,2,3,8,15.4,23.1,61.5]];
var GuestBsHalf = [[1,14549,12,7,1,4,58.3,8.3,33.3],[2,2910,12,6,2,4,50,16.7,33.3],[3,2909,14,6,4,4,42.9,28.6,28.6],[4,2900,13,5,4,4,38.5,30.8,30.8],[5,2901,13,5,3,5,38.5,23.1,38.5],[6,5953,13,5,3,5,38.5,23.1,38.5],[7,2915,13,5,2,6,38.5,15.4,46.2],[8,20394,13,4,6,3,30.8,46.2,23.1],[9,2914,14,3,7,4,21.4,50,28.6],[10,2913,12,1,5,6,8.3,41.7,50]];
var addUp = [162,57.9,2,0.7,116,41.4,[65.5,2901,2900],[51.9,2910],[92.9,2913],[61.5,2910],[71.4,2900],[69.2,2913]];
var addUpHalf = [100,37.2,77,28.6,92,34.2,[48.3,2901],[53.8,2915],[56.2,2901],[61.5,2915],[58.3,14549],[50,2913]];
var lastUpdateTime = '2025-01-20 09:02:33';
