var arrLeague = [12,'法国乙组联赛','法國乙組聯賽','France Ligue 2','2013-2014','#B1A7A7','league_match/images/1j5w0bknv81g.png','法乙','法乙','FRA D2'];
var arrTeam = [[202,'朗斯','朗斯','Lens','','images/164871168519.png',0],[214,'梅斯','梅斯','Metz','','images/214/1h51a55zp72q.png',0],[215,'欧塞尔','歐塞爾','AJ Auxerre','','images/215/1h71ky6nmw2f.png',0],[257,'卡昂','卡昂','Caen','','images/257/1h71ky6nm3g.png',0],[268,'伊斯特尔','伊斯特','Istres','','images/268/1jdxknsa6pd.png',0],[301,'南锡','南錫','Nancy','','images/20181012141312.png',0],[304,'昂热','昂熱','Angers','','images/304/1h71kxn41qn.png',0],[306,'布雷斯特','比斯特','Stade Brestois','','images/164871188569.png',0],[308,'沙托鲁','沙特魯','Chateauroux','','images/308/1hfze5prsh19.png',0],[313,'克莱蒙','克萊蒙特','Clermont','','images/164871190892.png',0],[320,'第戎','迪安','Dijon','','images/320/1hkgstjs2x20.png',0],[325,'尼奥特','尼奧特','Chamois Niortais','','images/20150714133215.png',0],[330,'拉瓦勒','拉瓦勒','Stade Lavallois MFC','','images/330/1h71kxn4191q.png',0],[335,'勒阿弗尔','勒哈費爾','Le Havre','','images/335/1hkgsvdrhc1c.png',0],[366,'特鲁瓦','特魯瓦','Troyes','','images/164871194730.png',0],[374,'基迪尔','基迪爾','Creteil','','images/374/1h8qpgk87x31.png',0],[1744,'尼姆','尼姆','Nimes','','images/1744/1h5btqtznf2r.png',0],[2103,'图尔','杜亞斯','Tours','','images/2103/1jdxkkyk2j2v.png',0],[3440,'巴斯蒂亚波高','巴斯蒂亞波高','Bastia Borgo','','images/3440/1h8qpgk87f2b.png',0],[6037,'阿尔勒','阿勒斯','AC Arles-Avignon','','images/2012716162543.jpg',0]];
var TotalBs = [[1,2103,38,25,1,12,65.8,2.6,31.6],[2,374,38,24,0,14,63.2,0,36.8],[3,257,38,23,0,15,60.5,0,39.5],[4,268,38,23,0,15,60.5,0,39.5],[5,366,38,20,0,18,52.6,0,47.4],[6,320,38,19,2,17,50,5.3,44.7],[7,330,38,18,2,18,47.4,5.3,47.4],[8,325,38,18,1,19,47.4,2.6,50],[9,1744,38,18,0,20,47.4,0,52.6],[10,308,38,17,1,20,44.7,2.6,52.6],[11,301,38,16,0,22,42.1,0,57.9],[12,335,38,15,2,21,39.5,5.3,55.3],[13,304,38,15,1,22,39.5,2.6,57.9],[14,202,38,15,0,23,39.5,0,60.5],[15,214,38,15,0,23,39.5,0,60.5],[16,215,38,12,0,26,31.6,0,68.4],[17,3440,38,12,0,26,31.6,0,68.4],[18,6037,38,11,5,22,28.9,13.2,57.9],[19,306,38,11,3,24,28.9,7.9,63.2],[20,313,38,9,2,27,23.7,5.3,71.1]];
var HomeBs = [[1,2103,19,13,0,6,68.4,0,31.6],[2,320,19,12,2,5,63.2,10.5,26.3],[3,330,19,11,1,7,57.9,5.3,36.8],[4,1744,19,10,0,9,52.6,0,47.4],[5,374,19,10,0,9,52.6,0,47.4],[6,366,19,10,0,9,52.6,0,47.4],[7,268,19,10,0,9,52.6,0,47.4],[8,325,19,9,1,9,47.4,5.3,47.4],[9,301,19,9,0,10,47.4,0,52.6],[10,257,19,9,0,10,47.4,0,52.6],[11,308,19,8,1,10,42.1,5.3,52.6],[12,3440,19,8,0,11,42.1,0,57.9],[13,335,19,8,0,11,42.1,0,57.9],[14,215,19,7,0,12,36.8,0,63.2],[15,202,19,7,0,12,36.8,0,63.2],[16,304,19,6,1,12,31.6,5.3,63.2],[17,214,19,6,0,13,31.6,0,68.4],[18,6037,19,6,0,13,31.6,0,68.4],[19,306,19,5,3,11,26.3,15.8,57.9],[20,313,19,4,1,14,21.1,5.3,73.7]];
var GuestBs = [[1,257,19,14,0,5,73.7,0,26.3],[2,374,19,14,0,5,73.7,0,26.3],[3,268,19,13,0,6,68.4,0,31.6],[4,2103,19,12,1,6,63.2,5.3,31.6],[5,366,19,10,0,9,52.6,0,47.4],[6,325,19,9,0,10,47.4,0,52.6],[7,308,19,9,0,10,47.4,0,52.6],[8,304,19,9,0,10,47.4,0,52.6],[9,214,19,9,0,10,47.4,0,52.6],[10,1744,19,8,0,11,42.1,0,57.9],[11,202,19,8,0,11,42.1,0,57.9],[12,335,19,7,2,10,36.8,10.5,52.6],[13,330,19,7,1,11,36.8,5.3,57.9],[14,320,19,7,0,12,36.8,0,63.2],[15,301,19,7,0,12,36.8,0,63.2],[16,306,19,6,0,13,31.6,0,68.4],[17,6037,19,5,5,9,26.3,26.3,47.4],[18,313,19,5,1,13,26.3,5.3,68.4],[19,215,19,5,0,14,26.3,0,73.7],[20,3440,19,4,0,15,21.1,0,78.9]];
var TotalBsHalf = [[1,301,37,25,2,10,67.6,5.4,27],[2,374,38,24,8,6,63.2,21.1,15.8],[3,257,37,24,5,8,64.9,13.5,21.6],[4,268,37,24,5,8,64.9,13.5,21.6],[5,308,37,24,4,9,64.9,10.8,24.3],[6,2103,38,23,8,7,60.5,21.1,18.4],[7,1744,36,23,5,8,63.9,13.9,22.2],[8,320,38,22,5,11,57.9,13.2,28.9],[9,330,38,22,4,12,57.9,10.5,31.6],[10,202,37,21,1,15,56.8,2.7,40.5],[11,6037,37,21,1,15,56.8,2.7,40.5],[12,313,37,20,4,13,54.1,10.8,35.1],[13,325,37,20,3,14,54.1,8.1,37.8],[14,335,38,20,2,16,52.6,5.3,42.1],[15,304,38,20,2,16,52.6,5.3,42.1],[16,215,38,18,4,16,47.4,10.5,42.1],[17,214,37,17,1,19,45.9,2.7,51.4],[18,306,38,16,5,17,42.1,13.2,44.7],[19,366,38,15,12,11,39.5,31.6,28.9],[20,3440,38,15,8,15,39.5,21.1,39.5]];
var HomeBsHalf = [[1,301,19,14,1,4,73.7,5.3,21.1],[2,1744,19,13,3,3,68.4,15.8,15.8],[3,320,19,13,2,4,68.4,10.5,21.1],[4,2103,19,12,4,3,63.2,21.1,15.8],[5,308,19,12,3,4,63.2,15.8,21.1],[6,257,19,12,2,5,63.2,10.5,26.3],[7,268,19,11,5,3,57.9,26.3,15.8],[8,374,19,11,5,3,57.9,26.3,15.8],[9,330,19,11,1,7,57.9,5.3,36.8],[10,215,19,11,0,8,57.9,0,42.1],[11,304,19,10,2,7,52.6,10.5,36.8],[12,325,19,10,1,8,52.6,5.3,42.1],[13,335,19,10,0,9,52.6,0,47.4],[14,366,19,9,5,5,47.4,26.3,26.3],[15,306,19,9,4,6,47.4,21.1,31.6],[16,3440,19,9,2,8,47.4,10.5,42.1],[17,6037,19,9,1,9,47.4,5.3,47.4],[18,202,19,9,0,10,47.4,0,52.6],[19,313,19,8,3,8,42.1,15.8,42.1],[20,214,19,7,1,11,36.8,5.3,57.9]];
var GuestBsHalf = [[1,374,19,13,3,3,68.4,15.8,15.8],[2,268,18,13,0,5,72.2,0,27.8],[3,257,18,12,3,3,66.7,16.7,16.7],[4,308,18,12,1,5,66.7,5.6,27.8],[5,313,18,12,1,5,66.7,5.6,27.8],[6,202,18,12,1,5,66.7,5.6,27.8],[7,6037,18,12,0,6,66.7,0,33.3],[8,2103,19,11,4,4,57.9,21.1,21.1],[9,330,19,11,3,5,57.9,15.8,26.3],[10,301,18,11,1,6,61.1,5.6,33.3],[11,1744,17,10,2,5,58.8,11.8,29.4],[12,325,18,10,2,6,55.6,11.1,33.3],[13,335,19,10,2,7,52.6,10.5,36.8],[14,214,18,10,0,8,55.6,0,44.4],[15,304,19,10,0,9,52.6,0,47.4],[16,320,19,9,3,7,47.4,15.8,36.8],[17,215,19,7,4,8,36.8,21.1,42.1],[18,306,19,7,1,11,36.8,5.3,57.9],[19,366,19,6,7,6,31.6,36.8,31.6],[20,3440,19,6,6,7,31.6,31.6,36.8]];
var addUp = [336,44.2,20,2.6,404,53.2,[65.8,2103],[71.1,313],[68.4,2103],[73.7,313],[73.7,257,374],[78.9,3440]];
var addUpHalf = [414,55.3,89,11.9,246,32.8,[67.6,301],[51.4,214],[73.7,301],[57.9,214],[72.2,268],[57.9,306]];
var lastUpdateTime = '2025-01-20 10:21:05';
