var arrLeague = [11,'法国甲组联赛','法國甲組聯賽','France Ligue 1','2019-2020','#663333','league_match/images/1j5w0b66k318.png','法甲','法甲','FRA D1'];
var arrTeam = [[197,'摩纳哥','摩納哥','Monaco','','images/16487116696.png',0],[205,'里昂','里昂','Lyon','','images/164871170063.png',0],[208,'波尔多','波爾多','Bordeaux','','images/164871171447.png',0],[211,'马赛','馬賽','Marseille','','images/164871172839.png',0],[214,'梅斯','梅斯','Metz','','images/214/1h51a55zp72q.png',0],[216,'图卢兹','圖魯茲','Toulouse','','images/216/1j5hgyxgzaq.png',0],[251,'雷恩','雷恩','Rennes','','images/164871175839.png',0],[255,'圣埃蒂安','聖伊天','Saint Etienne','','images/16487117719.png',0],[259,'尼斯','奈斯','Nice','','images/164871179882.png',0],[260,'斯特拉斯堡','史特拉斯堡','Strasbourg','','images/164871181440.png',0],[263,'南特','南特','Nantes','','images/263/1h5bjb8w5p2j.png',0],[266,'里尔','利爾','Lille','','images/164871184077.png',0],[271,'巴黎圣日尔曼','巴黎聖日門','Paris Saint Germain (PSG)','','images/164871185439.png',0],[304,'昂热','昂熱','Angers','','images/304/1h71kxn41qn.png',0],[306,'布雷斯特','比斯特','Stade Brestois','','images/164871188569.png',0],[320,'第戎','迪安','Dijon','','images/320/1hkgstjs2x20.png',0],[351,'蒙彼利埃','蒙彼利埃','Montpellier','','images/164871193456.png',0],[382,'亚眠','阿美恩斯','Amiens','','images/382/1h71kxn41t2.png',0],[1744,'尼姆','尼姆','Nimes','','images/1744/1h5btqtznf2r.png',0],[4957,'兰斯','蘭斯','Reims','','images/164871196247.png',0]];
var TotalBs = [[1,197,28,19,0,9,67.9,0,32.1],[2,382,28,17,3,8,60.7,10.7,28.6],[3,259,28,17,1,10,60.7,3.6,35.7],[4,216,28,15,2,11,53.6,7.1,39.3],[5,271,27,14,1,12,51.9,3.7,44.4],[6,351,28,14,2,12,50,7.1,42.9],[7,1744,28,14,1,13,50,3.6,46.4],[8,255,28,14,0,14,50,0,50],[9,211,28,13,0,15,46.4,0,53.6],[10,208,28,12,4,12,42.9,14.3,42.9],[11,205,28,12,1,15,42.9,3.6,53.6],[12,266,28,12,1,15,42.9,3.6,53.6],[13,260,27,12,0,15,44.4,0,55.6],[14,306,28,12,0,16,42.9,0,57.1],[15,320,28,12,0,16,42.9,0,57.1],[16,304,28,10,2,16,35.7,7.1,57.1],[17,214,28,10,2,16,35.7,7.1,57.1],[18,251,28,10,0,18,35.7,0,64.3],[19,263,28,9,3,16,32.1,10.7,57.1],[20,4957,28,4,5,19,14.3,17.9,67.9]];
var HomeBs = [[1,259,15,11,0,4,73.3,0,26.7],[2,197,14,10,0,4,71.4,0,28.6],[3,271,14,9,0,5,64.3,0,35.7],[4,260,13,8,0,5,61.5,0,38.5],[5,382,14,8,1,5,57.1,7.1,35.7],[6,351,14,8,1,5,57.1,7.1,35.7],[7,251,14,8,0,6,57.1,0,42.9],[8,266,15,8,0,7,53.3,0,46.7],[9,320,14,7,0,7,50,0,50],[10,211,14,7,0,7,50,0,50],[11,214,14,7,0,7,50,0,50],[12,208,13,5,3,5,38.5,23.1,38.5],[13,216,13,5,1,7,38.5,7.7,53.8],[14,1744,14,5,1,8,35.7,7.1,57.1],[15,255,14,5,0,9,35.7,0,64.3],[16,304,15,4,2,9,26.7,13.3,60],[17,306,14,4,0,10,28.6,0,71.4],[18,263,14,3,1,10,21.4,7.1,71.4],[19,4957,14,2,3,9,14.3,21.4,64.3],[20,205,13,2,1,10,15.4,7.7,76.9]];
var GuestBs = [[1,216,15,10,1,4,66.7,6.7,26.7],[2,205,15,10,0,5,66.7,0,33.3],[3,382,14,9,2,3,64.3,14.3,21.4],[4,255,14,9,0,5,64.3,0,35.7],[5,197,14,9,0,5,64.3,0,35.7],[6,1744,14,9,0,5,64.3,0,35.7],[7,306,14,8,0,6,57.1,0,42.9],[8,208,15,7,1,7,46.7,6.7,46.7],[9,263,14,6,2,6,42.9,14.3,42.9],[10,259,13,6,1,6,46.2,7.7,46.2],[11,351,14,6,1,7,42.9,7.1,50],[12,304,13,6,0,7,46.2,0,53.8],[13,211,14,6,0,8,42.9,0,57.1],[14,271,13,5,1,7,38.5,7.7,53.8],[15,320,14,5,0,9,35.7,0,64.3],[16,266,13,4,1,8,30.8,7.7,61.5],[17,260,14,4,0,10,28.6,0,71.4],[18,214,14,3,2,9,21.4,14.3,64.3],[19,4957,14,2,2,10,14.3,14.3,71.4],[20,251,14,2,0,12,14.3,0,85.7]];
var TotalBsHalf = [[1,214,28,21,3,4,75,10.7,14.3],[2,259,28,20,4,4,71.4,14.3,14.3],[3,208,28,19,2,7,67.9,7.1,25],[4,351,28,18,2,8,64.3,7.1,28.6],[5,1744,28,18,1,9,64.3,3.6,32.1],[6,260,27,17,3,7,63,11.1,25.9],[7,382,28,15,4,9,53.6,14.3,32.1],[8,304,28,15,2,11,53.6,7.1,39.3],[9,255,28,14,7,7,50,25,25],[10,306,28,14,5,9,50,17.9,32.1],[11,216,28,14,4,10,50,14.3,35.7],[12,205,28,14,4,10,50,14.3,35.7],[13,271,27,14,0,13,51.9,0,48.1],[14,197,28,13,9,6,46.4,32.1,21.4],[15,320,28,13,3,12,46.4,10.7,42.9],[16,4957,28,13,1,14,46.4,3.6,50],[17,266,28,12,5,11,42.9,17.9,39.3],[18,251,28,12,3,13,42.9,10.7,46.4],[19,263,28,9,3,16,32.1,10.7,57.1],[20,211,28,7,9,12,25,32.1,42.9]];
var HomeBsHalf = [[1,259,15,12,2,1,80,13.3,6.7],[2,260,13,11,0,2,84.6,0,15.4],[3,214,14,10,2,2,71.4,14.3,14.3],[4,208,13,10,0,3,76.9,0,23.1],[5,382,14,9,2,3,64.3,14.3,21.4],[6,351,14,9,1,4,64.3,7.1,28.6],[7,1744,14,9,1,4,64.3,7.1,28.6],[8,304,15,9,0,6,60,0,40],[9,320,14,8,1,5,57.1,7.1,35.7],[10,266,15,7,5,3,46.7,33.3,20],[11,251,14,7,1,6,50,7.1,42.9],[12,306,14,7,1,6,50,7.1,42.9],[13,4957,14,7,0,7,50,0,50],[14,271,14,7,0,7,50,0,50],[15,197,14,6,6,2,42.9,42.9,14.3],[16,255,14,5,4,5,35.7,28.6,35.7],[17,216,13,5,2,6,38.5,15.4,46.2],[18,205,13,4,1,8,30.8,7.7,61.5],[19,211,14,2,6,6,14.3,42.9,42.9],[20,263,14,2,2,10,14.3,14.3,71.4]];
var GuestBsHalf = [[1,214,14,11,1,2,78.6,7.1,14.3],[2,205,15,10,3,2,66.7,20,13.3],[3,255,14,9,3,2,64.3,21.4,14.3],[4,351,14,9,1,4,64.3,7.1,28.6],[5,208,15,9,2,4,60,13.3,26.7],[6,216,15,9,2,4,60,13.3,26.7],[7,1744,14,9,0,5,64.3,0,35.7],[8,259,13,8,2,3,61.5,15.4,23.1],[9,306,14,7,4,3,50,28.6,21.4],[10,197,14,7,3,4,50,21.4,28.6],[11,271,13,7,0,6,53.8,0,46.2],[12,263,14,7,1,6,50,7.1,42.9],[13,260,14,6,3,5,42.9,21.4,35.7],[14,304,13,6,2,5,46.2,15.4,38.5],[15,382,14,6,2,6,42.9,14.3,42.9],[16,4957,14,6,1,7,42.9,7.1,50],[17,211,14,5,3,6,35.7,21.4,42.9],[18,320,14,5,2,7,35.7,14.3,50],[19,251,14,5,2,7,35.7,14.3,50],[20,266,13,5,0,8,38.5,0,61.5]];
var addUp = [252,45.2,28,5,278,49.8,[67.9,197],[67.9,4957],[73.3,259],[76.9,205],[66.7,216,205],[85.7,251]];
var addUpHalf = [292,52.3,74,13.3,192,34.4,[75,214],[57.1,263],[84.6,260],[71.4,263],[78.6,214],[61.5,266]];
var lastUpdateTime = '2025-01-22 10:12:35';
