var arrLeague = [27,'瑞士超级联赛','瑞士超級聯賽','Switzerland Super League','2016-2017','#1ba578','league_match/images/20151127162550.jpg','瑞士超','瑞士超','SUI SL'];
var arrTeam = [[430,'图恩','杜安','Thun','','images/430/1gtqm5nk922e.png',0],[433,'圣加仑','聖加倫','St. Gallen','','images/433/1gtqm1pz3d2d.png',0],[436,'草蜢','草蜢','Grasshopper','','images/436/1h8asqtqsjb.png',0],[442,'年青人','年青人','Young Boys','','images/442/1gxmbma5rq4.png',0],[451,'巴塞尔','巴素利','Basel','','images/451/1gv1yreqw0h.png',0],[1229,'卢加诺','盧加諾','Lugano','','images/1229/1gtqm1pzk318.png',0],[1237,'卢森','琉森','Luzern','','images/1237/1h6wfe0585w.png',0],[1238,'瓦杜兹','華杜茲','Vaduz','','images/1238/1h56c4js3q1.png',0],[1323,'锡昂','錫永','FC Sion','','images/1323/1hkrdvr1r626.png',0],[2601,'洛桑','洛桑體育隊','Lausanne Sports','','images/2601/1j0ytn4xd41b.png',0]];
var TotalPanLu = [[1,451,36,34,2,0,22,0,14,8,61.1,0,38.9],[2,1229,36,9,3,24,21,2,13,8,58.3,5.6,36.1],[3,442,36,29,4,3,20,2,14,6,55.6,5.6,38.9],[4,433,36,8,2,26,18,2,16,2,50,5.6,44.4],[5,1323,37,25,2,9,18,1,18,0,48.6,2.7,48.6],[6,430,36,11,7,18,16,4,16,0,44.4,11.1,44.4],[7,2601,36,7,4,25,15,3,18,-3,41.7,8.3,50],[8,1237,37,22,1,13,15,0,22,-7,40.5,0,59.5],[9,436,36,15,3,18,13,2,21,-8,36.1,5.6,58.3],[10,1238,36,3,6,27,12,6,18,-6,33.3,16.7,50]];
var HomePanLu = [[1,442,18,16,2,0,12,1,5,7,66.7,5.6,27.8],[2,1229,18,9,1,8,11,1,6,5,61.1,5.6,33.3],[3,433,18,8,1,9,9,1,8,1,50,5.6,44.4],[4,1323,18,15,1,2,9,1,8,1,50,5.6,44.4],[5,451,18,18,0,0,9,0,9,0,50,0,50],[6,430,18,10,2,6,8,0,10,-2,44.4,0,55.6],[7,1237,18,14,1,3,7,0,11,-4,38.9,0,61.1],[8,436,18,13,0,5,6,1,11,-5,33.3,5.6,61.1],[9,1238,18,3,6,9,5,4,9,-4,27.8,22.2,50],[10,2601,18,7,3,8,5,2,11,-6,27.8,11.1,61.1],[11,1237,0,14,1,3,0,0,0,0,0,0,0],[12,1323,0,15,1,2,0,0,0,0,0,0,0]];
var GuestPanLu = [[1,451,18,16,2,0,13,0,5,8,72.2,0,27.8],[2,1229,18,0,2,16,10,1,7,3,55.6,5.6,38.9],[3,2601,18,0,1,17,10,1,7,3,55.6,5.6,38.9],[4,1237,1,8,0,10,1,0,0,1,100,0,0],[5,433,18,0,1,17,9,1,8,1,50,5.6,44.4],[6,1323,18,10,1,7,9,0,9,0,50,0,50],[7,430,18,1,5,12,8,4,6,2,44.4,22.2,33.3],[8,442,18,13,2,3,8,1,9,-1,44.4,5.6,50],[9,1238,18,0,0,18,7,2,9,-2,38.9,11.1,50],[10,436,18,2,3,13,7,1,10,-3,38.9,5.6,55.6],[11,1237,18,8,0,10,7,0,11,-4,38.9,0,61.1],[12,1229,0,0,2,16,0,0,0,0,0,0,0],[13,1323,1,10,1,7,0,0,1,-1,0,0,100]];
var TotalHalfPanLu = [[1,2601,36,3,12,21,18,9,9,9,50,25,25],[2,451,37,33,3,0,18,2,17,1,48.6,5.4,45.9],[3,1323,37,21,9,6,17,5,15,2,45.9,13.5,40.5],[4,433,36,5,12,19,16,9,11,5,44.4,25,30.6],[5,1229,36,7,8,21,16,3,17,-1,44.4,8.3,47.2],[6,442,36,27,6,3,15,2,19,-4,41.7,5.6,52.8],[7,430,36,11,11,14,14,10,12,2,38.9,27.8,33.3],[8,1238,36,0,9,27,14,5,17,-3,38.9,13.9,47.2],[9,1237,36,19,7,10,14,3,19,-5,38.9,8.3,52.8],[10,436,36,9,13,14,12,6,18,-6,33.3,16.7,50]];
var HomeHalfPanLu = [[1,442,18,16,2,0,10,1,7,3,55.6,5.6,38.9],[2,451,1,18,0,0,1,0,0,1,100,0,0],[3,1229,18,7,5,6,9,2,7,2,50,11.1,38.9],[4,2601,18,3,8,7,8,5,5,3,44.4,27.8,27.8],[5,1237,18,13,3,2,8,1,9,-1,44.4,5.6,50],[6,451,18,18,0,0,8,0,10,-2,44.4,0,55.6],[7,1323,18,14,3,1,7,2,9,-2,38.9,11.1,50],[8,436,18,9,4,5,7,1,10,-3,38.9,5.6,55.6],[9,433,18,5,7,6,6,6,6,0,33.3,33.3,33.3],[10,1238,18,0,9,9,6,5,7,-1,33.3,27.8,38.9],[11,430,18,10,4,4,5,4,9,-4,27.8,22.2,50],[12,1323,0,14,3,1,0,0,0,0,0,0,0]];
var GuestHalfPanLu = [[1,2601,18,0,4,14,10,4,4,6,55.6,22.2,22.2],[2,433,18,0,5,13,10,3,5,5,55.6,16.7,27.8],[3,1323,18,7,6,5,10,3,5,5,55.6,16.7,27.8],[4,430,18,1,7,10,9,6,3,6,50,33.3,16.7],[5,451,18,15,3,0,9,2,7,2,50,11.1,38.9],[6,1238,18,0,0,18,8,0,10,-2,44.4,0,55.6],[7,1229,18,0,3,15,7,1,10,-3,38.9,5.6,55.6],[8,1237,18,6,4,8,6,2,10,-4,33.3,11.1,55.6],[9,436,18,0,9,9,5,5,8,-3,27.8,27.8,44.4],[10,442,18,11,4,3,5,1,12,-7,27.8,5.6,66.7],[11,451,0,15,3,0,0,0,0,0,0,0,0],[12,1323,1,7,6,5,0,0,1,-1,0,0,100]];
var addUp = [81,44.8,11,6.1,89,49.2,[61.1,451],[59.5,1237],[66.7,442],[61.1,1237,436,2601],[100,1237],[100,1323],[16.7,1238],[0,451,1237]];
var addUpHalf = [75,41.4,27,14.9,79,43.6,[50,2601],[52.8,442,1237],[100,451],[55.6,451,436],[55.6,2601,433,1323],[100,1323],[27.8,430],[5.4,451]];
var lastUpdateTime = '2025-01-19 14:53:01';
