var arrLeague = [27,'瑞士超级联赛','瑞士超級聯賽','Switzerland Super League','2016-2017','#1ba578','league_match/images/20151127162550.jpg','瑞士超','瑞士超','SUI SL'];
var arrTeam = [[430,'图恩','杜安','Thun','','images/430/1gtqm5nk922e.png',0],[433,'圣加仑','聖加倫','St. Gallen','','images/433/1gtqm1pz3d2d.png',0],[436,'草蜢','草蜢','Grasshopper','','images/436/1h8asqtqsjb.png',0],[442,'年青人','年青人','Young Boys','','images/442/1gxmbma5rq4.png',0],[451,'巴塞尔','巴素利','Basel','','images/451/1gv1yreqw0h.png',0],[1229,'卢加诺','盧加諾','Lugano','','images/1229/1gtqm1pzk318.png',0],[1237,'卢森','琉森','Luzern','','images/1237/1h6wfe0585w.png',0],[1238,'瓦杜兹','華杜茲','Vaduz','','images/1238/1h56c4js3q1.png',0],[1323,'锡昂','錫永','FC Sion','','images/1323/1hkrdvr1r626.png',0],[2601,'洛桑','洛桑體育隊','Lausanne Sports','','images/2601/1j0ytn4xd41b.png',0]];
var TotalBs = [[1,430,36,20,4,12,55.6,11.1,33.3],[2,1323,37,20,4,13,54.1,10.8,35.1],[3,451,36,19,4,13,52.8,11.1,36.1],[4,1237,36,19,4,13,52.8,11.1,36.1],[5,436,36,18,3,15,50,8.3,41.7],[6,1238,36,17,3,16,47.2,8.3,44.4],[7,442,36,17,0,19,47.2,0,52.8],[8,1229,36,16,3,17,44.4,8.3,47.2],[9,433,36,15,4,17,41.7,11.1,47.2],[10,2601,36,14,3,19,38.9,8.3,52.8]];
var HomeBs = [[1,430,18,12,2,4,66.7,11.1,22.2],[2,442,18,12,0,6,66.7,0,33.3],[3,451,18,11,0,7,61.1,0,38.9],[4,1323,18,9,2,7,50,11.1,38.9],[5,1229,18,9,2,7,50,11.1,38.9],[6,436,18,8,2,8,44.4,11.1,44.4],[7,1237,18,7,3,8,38.9,16.7,44.4],[8,2601,18,7,2,9,38.9,11.1,50],[9,1238,18,7,0,11,38.9,0,61.1],[10,433,18,5,3,10,27.8,16.7,55.6],[11,1323,0,0,0,0,0,0,0]];
var GuestBs = [[1,1237,18,12,1,5,66.7,5.6,27.8],[2,1238,18,10,3,5,55.6,16.7,27.8],[3,1323,18,10,2,6,55.6,11.1,33.3],[4,433,18,10,1,7,55.6,5.6,38.9],[5,436,18,10,1,7,55.6,5.6,38.9],[6,451,18,8,4,6,44.4,22.2,33.3],[7,430,18,8,2,8,44.4,11.1,44.4],[8,1229,18,7,1,10,38.9,5.6,55.6],[9,2601,18,7,1,10,38.9,5.6,55.6],[10,442,18,5,0,13,27.8,0,72.2],[11,1323,1,1,0,0,100,0,0],[12,451,0,0,0,0,0,0,0]];
var TotalBsHalf = [[1,451,37,20,0,17,54.1,0,45.9],[2,436,35,15,2,18,42.9,5.7,51.4],[3,442,36,15,0,21,41.7,0,58.3],[4,1237,35,14,0,21,40,0,60],[5,430,35,13,3,19,37.1,8.6,54.3],[6,1238,36,13,3,20,36.1,8.3,55.6],[7,2601,35,13,1,21,37.1,2.9,60],[8,1323,36,12,1,23,33.3,2.8,63.9],[9,1229,36,10,0,26,27.8,0,72.2],[10,433,35,9,2,24,25.7,5.7,68.6]];
var HomeBsHalf = [[1,442,18,12,0,6,66.7,0,33.3],[2,451,18,10,0,8,55.6,0,44.4],[3,430,18,9,1,8,50,5.6,44.4],[4,2601,18,7,0,11,38.9,0,61.1],[5,1238,18,6,2,10,33.3,11.1,55.6],[6,436,18,6,2,10,33.3,11.1,55.6],[7,1229,18,6,0,12,33.3,0,66.7],[8,1237,18,6,0,12,33.3,0,66.7],[9,1323,18,3,1,14,16.7,5.6,77.8],[10,433,18,3,0,15,16.7,0,83.3],[11,451,1,1,0,0,100,0,0]];
var GuestBsHalf = [[1,436,17,9,0,8,52.9,0,47.1],[2,451,18,9,0,9,50,0,50],[3,1323,18,9,0,9,50,0,50],[4,1237,17,8,0,9,47.1,0,52.9],[5,1238,18,7,1,10,38.9,5.6,55.6],[6,433,17,6,2,9,35.3,11.8,52.9],[7,2601,17,6,1,10,35.3,5.9,58.8],[8,430,17,4,2,11,23.5,11.8,64.7],[9,1229,18,4,0,14,22.2,0,77.8],[10,442,18,3,0,15,16.7,0,83.3],[11,451,0,0,0,0,0,0,0]];
var addUp = [175,48.5,32,8.9,154,42.7,[55.6,430],[52.8,442,2601],[66.7,430,442],[61.1,1238],[100,1323],[72.2,442]];
var addUpHalf = [134,37.6,12,3.4,210,59,[54.1,451],[72.2,1229],[100,451],[83.3,433],[52.9,436],[83.3,442]];
var lastUpdateTime = '2025-01-19 14:53:15';
