var arrLeague = [10,'俄罗斯超级联赛','俄羅斯超級聯賽','Russia Premier League','2017-2018','#006699','league_match/images/20200411092415.jpg','俄超','俄超','RUS PR'];
var arrTeam = [[298,'阿姆卡尔','安卡','Amkar Perm','','images/298/1gx0nnphdv0.png',0],[395,'圣彼得堡泽尼特','聖彼德斯堡','Zenit St. Petersburg','','images/395/1hnyhx549p2m.png',0],[407,'莫斯科中央陆军','莫斯科中央陸軍','CSKA Moscow','','images/407/1gtqm0cjh91x.png',0],[411,'莫斯科斯巴达','莫斯科斯巴達','Spartak Moscow','','images/165095544593.png',0],[416,'莫斯科迪纳摩','莫斯科戴拿模','Dynamo Moscow','','images/416/1gtqm0cjhm20.png',0],[420,'莫斯科火车头','莫斯科火車頭','Lokomotiv Moscow','','images/165095543060.png',0],[429,'罗斯托夫','羅斯杜夫','Rostov FK','','images/165095539431.png',0],[441,'喀山红宝石','卡山魯賓','Rubin Kazan','','images/441/1gq15ejwg51f.png',0],[605,'格罗兹尼特里克','塔利克','Terek Grozny','','images/165095534661.png',0],[2450,'乌拉尔','烏拉爾','Ural Sverdlovsk Oblast','','images/165095556739.png',0],[2460,'安郅马哈奇卡拉','安捷','Anzhi Makhachkala','','images/20160729172410.jpg',0],[2481,'SKA哈巴罗夫斯克','SKA哈巴羅夫斯克','SKA Khabarovsk','','images/2481/1gqvwshxs72e.png',0],[4388,'叶尼塞','克拉斯諾亞爾斯克','Yenisey Krasnoyarsk','','images/4388/1gtqm80ws24.png',0],[10112,'克拉斯诺达尔','克拉斯諾達爾','FC Krasnodar','','images/10112/1gtqm0cjha2q.png',0],[11129,'坦波夫斯巴达','坦波夫斯巴達','Tambov','','images/20201028143902.png',0],[13988,'乌法','烏法','FC Ufa','','images/13988/1grgc5aqm72w.png',0],[19764,'图拉兵工厂','圖拉兵工廠','Arsenal Tula','','images/165095553317.png',0],[21640,'鲁安图斯诺','魯安圖斯諾','FK Ruan Tosno','','images/20161109145309.png',0]];
var TotalBs = [[1,2460,32,18,4,10,56.2,12.5,31.2],[2,411,30,17,0,13,56.7,0,43.3],[3,407,30,16,1,13,53.3,3.3,43.3],[4,19764,30,16,1,13,53.3,3.3,43.3],[5,21640,30,14,3,13,46.7,10,43.3],[6,395,30,14,0,16,46.7,0,53.3],[7,2481,30,13,4,13,43.3,13.3,43.3],[8,13988,30,13,4,13,43.3,13.3,43.3],[9,10112,30,12,1,17,40,3.3,56.7],[10,2450,30,11,8,11,36.7,26.7,36.7],[11,416,30,11,7,12,36.7,23.3,40],[12,605,30,11,4,15,36.7,13.3,50],[13,298,32,11,4,17,34.4,12.5,53.1],[14,441,30,10,5,15,33.3,16.7,50],[15,420,30,10,4,16,33.3,13.3,53.3],[16,429,30,7,5,18,23.3,16.7,60],[17,4388,2,2,0,0,100,0,0],[18,11129,2,0,1,1,0,50,50]];
var HomeBs = [[1,395,15,10,0,5,66.7,0,33.3],[2,407,15,9,0,6,60,0,40],[3,2481,15,8,2,5,53.3,13.3,33.3],[4,21640,15,8,2,5,53.3,13.3,33.3],[5,2460,16,8,2,6,50,12.5,37.5],[6,298,16,8,1,7,50,6.2,43.8],[7,13988,15,7,3,5,46.7,20,33.3],[8,411,15,7,0,8,46.7,0,53.3],[9,441,15,6,2,7,40,13.3,46.7],[10,19764,15,6,0,9,40,0,60],[11,2450,15,5,7,3,33.3,46.7,20],[12,605,15,5,2,8,33.3,13.3,53.3],[13,10112,15,5,0,10,33.3,0,66.7],[14,416,15,4,5,6,26.7,33.3,40],[15,420,15,3,1,11,20,6.7,73.3],[16,429,15,3,1,11,20,6.7,73.3],[17,4388,1,1,0,0,100,0,0],[18,11129,1,0,0,1,0,0,100]];
var GuestBs = [[1,2460,16,10,2,4,62.5,12.5,25],[2,19764,15,10,1,4,66.7,6.7,26.7],[3,411,15,10,0,5,66.7,0,33.3],[4,420,15,7,3,5,46.7,20,33.3],[5,416,15,7,2,6,46.7,13.3,40],[6,10112,15,7,1,7,46.7,6.7,46.7],[7,407,15,7,1,7,46.7,6.7,46.7],[8,605,15,6,2,7,40,13.3,46.7],[9,2450,15,6,1,8,40,6.7,53.3],[10,21640,15,6,1,8,40,6.7,53.3],[11,13988,15,6,1,8,40,6.7,53.3],[12,2481,15,5,2,8,33.3,13.3,53.3],[13,429,15,4,4,7,26.7,26.7,46.7],[14,441,15,4,3,8,26.7,20,53.3],[15,395,15,4,0,11,26.7,0,73.3],[16,298,16,3,3,10,18.8,18.8,62.5],[17,4388,1,1,0,0,100,0,0],[18,11129,1,0,1,0,0,100,0]];
var TotalBsHalf = [[1,2460,32,21,4,7,65.6,12.5,21.9],[2,19764,30,19,3,8,63.3,10,26.7],[3,2450,30,17,4,9,56.7,13.3,30],[4,298,32,17,1,14,53.1,3.1,43.8],[5,10112,30,16,5,9,53.3,16.7,30],[6,2481,30,16,3,11,53.3,10,36.7],[7,407,30,16,3,11,53.3,10,36.7],[8,429,30,15,1,14,50,3.3,46.7],[9,13988,30,15,1,14,50,3.3,46.7],[10,416,30,14,3,13,46.7,10,43.3],[11,21640,30,13,5,12,43.3,16.7,40],[12,441,30,13,2,15,43.3,6.7,50],[13,420,30,13,1,16,43.3,3.3,53.3],[14,411,30,11,9,10,36.7,30,33.3],[15,605,30,10,4,16,33.3,13.3,53.3],[16,395,30,9,7,14,30,23.3,46.7],[17,4388,2,2,0,0,100,0,0],[18,11129,2,1,0,1,50,0,50]];
var HomeBsHalf = [[1,2460,16,13,2,1,81.2,12.5,6.2],[2,2450,15,10,2,3,66.7,13.3,20],[3,19764,15,9,2,4,60,13.3,26.7],[4,10112,15,8,3,4,53.3,20,26.7],[5,407,15,8,2,5,53.3,13.3,33.3],[6,2481,15,8,1,6,53.3,6.7,40],[7,441,15,8,1,6,53.3,6.7,40],[8,416,15,8,0,7,53.3,0,46.7],[9,21640,15,7,2,6,46.7,13.3,40],[10,298,16,7,1,8,43.8,6.2,50],[11,13988,15,6,1,8,40,6.7,53.3],[12,429,15,6,1,8,40,6.7,53.3],[13,411,15,5,5,5,33.3,33.3,33.3],[14,395,15,5,4,6,33.3,26.7,40],[15,420,15,5,0,10,33.3,0,66.7],[16,605,15,4,1,10,26.7,6.7,66.7],[17,4388,1,1,0,0,100,0,0],[18,11129,1,1,0,0,100,0,0]];
var GuestBsHalf = [[1,19764,15,10,1,4,66.7,6.7,26.7],[2,298,16,10,0,6,62.5,0,37.5],[3,13988,15,9,0,6,60,0,40],[4,429,15,9,0,6,60,0,40],[5,2481,15,8,2,5,53.3,13.3,33.3],[6,10112,15,8,2,5,53.3,13.3,33.3],[7,2460,16,8,2,6,50,12.5,37.5],[8,420,15,8,1,6,53.3,6.7,40],[9,407,15,8,1,6,53.3,6.7,40],[10,2450,15,7,2,6,46.7,13.3,40],[11,411,15,6,4,5,40,26.7,33.3],[12,21640,15,6,3,6,40,20,40],[13,416,15,6,3,6,40,20,40],[14,605,15,6,3,6,40,20,40],[15,441,15,5,1,9,33.3,6.7,60],[16,395,15,4,3,8,26.7,20,53.3],[17,4388,1,1,0,0,100,0,0],[18,11129,1,0,0,1,0,0,100]];
var addUp = [206,42.2,56,11.5,226,46.3,[100,4388],[60,429],[100,4388],[100,11129],[100,4388],[73.3,395]];
var addUpHalf = [238,48.8,56,11.5,194,39.8,[100,4388],[53.3,420,605],[100,4388,11129],[66.7,420,605],[100,4388],[100,11129]];
var lastUpdateTime = '2025-06-24 14:23:24';
