var arrLeague = [29,'苏格兰超级联赛','蘇格蘭超級聯賽','Scottish Premier League','2018-2019','#57A87B','league_match/images/1j5w1p9pmse.png','苏超','蘇超','SCO PR'];
var arrTeam = [[70,'凯尔特人','些路迪','Celtic FC','','images/165363471972.png',0],[71,'邓迪FC','登地','Dundee','','images/165363469577.png',0],[73,'阿伯丁','鴨巴甸','Aberdeen','','images/165363467632.png',0],[75,'马瑟韦尔','馬瑟韋爾','Motherwell','','images/165363477927.png',0],[76,'哈茨','赫斯','Heart of Midlothian','','images/165363483555.png',0],[77,'格拉斯哥流浪者','格拉斯哥流浪','Glasgow Rangers','','images/165363474719.png',0],[79,'希伯尼安','喜百年','Hibernian','','images/165363481924.png',0],[80,'利云斯顿','利雲斯頓','Livingston','','images/80/1h5bjef76m11.png',0],[81,'基马诺克','基馬諾克','Kilmarnock','','images/81/1h5bjef76b13.png',0],[1460,'哈密尔顿','咸美頓','Hamilton Academical','','images/1460/1grmn0vykj1t.png',0],[1463,'圣米伦','聖美倫','Saint Mirren','','images/165363479259.png',0],[1485,'圣约翰斯通','聖莊士東','Saint Johnstone','','images/165363480511.png',0]];
var TotalPanLu = [[1,81,38,19,6,13,24,2,12,12,63.2,5.3,31.6],[2,73,38,23,6,9,21,3,14,7,55.3,7.9,36.8],[3,77,38,33,1,4,21,2,15,6,55.3,5.3,39.5],[4,80,38,12,3,23,21,2,15,6,55.3,5.3,39.5],[5,79,38,21,4,13,19,2,17,2,50,5.3,44.7],[6,1485,38,15,4,19,18,3,17,1,47.4,7.9,44.7],[7,75,38,15,4,19,18,0,20,-2,47.4,0,52.6],[8,70,38,38,0,0,17,3,18,-1,44.7,7.9,47.4],[9,76,38,21,3,14,17,2,19,-2,44.7,5.3,50],[10,1463,38,4,4,30,16,2,20,-4,42.1,5.3,52.6],[11,1460,38,4,2,32,15,0,23,-8,39.5,0,60.5],[12,71,38,2,5,31,10,1,27,-17,26.3,2.6,71.1]];
var HomePanLu = [[1,81,19,12,3,4,12,1,6,6,63.2,5.3,31.6],[2,77,19,17,0,2,12,1,6,6,63.2,5.3,31.6],[3,80,19,10,1,8,12,0,7,5,63.2,0,36.8],[4,70,19,19,0,0,11,1,7,4,57.9,5.3,36.8],[5,75,19,11,2,6,11,0,8,3,57.9,0,42.1],[6,1485,19,10,3,6,10,2,7,3,52.6,10.5,36.8],[7,79,19,12,2,5,9,1,9,0,47.4,5.3,47.4],[8,73,19,15,1,3,8,2,9,-1,42.1,10.5,47.4],[9,76,19,14,1,4,8,1,10,-2,42.1,5.3,52.6],[10,1460,19,4,1,14,8,0,11,-3,42.1,0,57.9],[11,1463,19,4,3,12,7,1,11,-4,36.8,5.3,57.9],[12,71,19,2,4,13,4,1,14,-10,21.1,5.3,73.7]];
var GuestPanLu = [[1,73,19,8,5,6,13,1,5,8,68.4,5.3,26.3],[2,81,19,7,3,9,12,1,6,6,63.2,5.3,31.6],[3,79,19,9,2,8,10,1,8,2,52.6,5.3,42.1],[4,80,19,2,2,15,9,2,8,1,47.4,10.5,42.1],[5,77,19,16,1,2,9,1,9,0,47.4,5.3,47.4],[6,76,19,7,2,10,9,1,9,0,47.4,5.3,47.4],[7,1463,19,0,1,18,9,1,9,0,47.4,5.3,47.4],[8,1485,19,5,1,13,8,1,10,-2,42.1,5.3,52.6],[9,1460,19,0,1,18,7,0,12,-5,36.8,0,63.2],[10,75,19,4,2,13,7,0,12,-5,36.8,0,63.2],[11,70,19,19,0,0,6,2,11,-5,31.6,10.5,57.9],[12,71,19,0,1,18,6,0,13,-7,31.6,0,68.4]];
var TotalHalfPanLu = [[1,77,38,33,2,3,24,1,13,11,63.2,2.6,34.2],[2,1485,38,8,15,15,20,7,11,9,52.6,18.4,28.9],[3,81,38,15,11,12,19,6,13,6,50,15.8,34.2],[4,71,38,0,11,27,18,8,12,6,47.4,21.1,31.6],[5,70,38,37,1,0,17,2,19,-2,44.7,5.3,50],[6,80,38,7,15,16,16,8,14,2,42.1,21.1,36.8],[7,73,38,20,11,7,16,3,19,-3,42.1,7.9,50],[8,1463,38,2,11,25,15,7,16,-1,39.5,18.4,42.1],[9,76,38,14,13,11,14,8,16,-2,36.8,21.1,42.1],[10,1460,38,0,14,24,13,8,17,-4,34.2,21.1,44.7],[11,75,38,11,12,15,12,4,22,-10,31.6,10.5,57.9],[12,79,38,17,12,9,10,6,22,-12,26.3,15.8,57.9]];
var HomeHalfPanLu = [[1,77,19,17,1,1,13,1,5,8,68.4,5.3,26.3],[2,81,19,10,5,4,11,2,6,5,57.9,10.5,31.6],[3,71,19,0,7,12,10,4,5,5,52.6,21.1,26.3],[4,1485,19,7,7,5,10,2,7,3,52.6,10.5,36.8],[5,70,19,19,0,0,9,2,8,1,47.4,10.5,42.1],[6,80,19,7,8,4,8,5,6,2,42.1,26.3,31.6],[7,79,19,10,5,4,8,3,8,0,42.1,15.8,42.1],[8,1463,19,2,7,10,7,4,8,-1,36.8,21.1,42.1],[9,73,19,14,2,3,7,0,12,-5,36.8,0,63.2],[10,1460,19,0,11,8,6,6,7,-1,31.6,31.6,36.8],[11,76,19,10,5,4,6,3,10,-4,31.6,15.8,52.6],[12,75,19,9,6,4,6,2,11,-5,31.6,10.5,57.9]];
var GuestHalfPanLu = [[1,77,19,16,1,2,11,0,8,3,57.9,0,42.1],[2,1485,19,1,8,10,10,5,4,6,52.6,26.3,21.1],[3,73,19,6,9,4,9,3,7,2,47.4,15.8,36.8],[4,76,19,4,8,7,8,5,6,2,42.1,26.3,31.6],[5,71,19,0,4,15,8,4,7,1,42.1,21.1,36.8],[6,81,19,5,6,8,8,4,7,1,42.1,21.1,36.8],[7,80,19,0,7,12,8,3,8,0,42.1,15.8,42.1],[8,1463,19,0,4,15,8,3,8,0,42.1,15.8,42.1],[9,70,19,18,1,0,8,0,11,-3,42.1,0,57.9],[10,1460,19,0,3,16,7,2,10,-3,36.8,10.5,52.6],[11,75,19,2,6,11,6,2,11,-5,31.6,10.5,57.9],[12,79,19,7,7,5,2,3,14,-12,10.5,15.8,73.7]];
var addUp = [112,49.1,11,4.8,105,46.1,[63.2,81],[71.1,71],[63.2,81,77,80],[73.7,71],[68.4,73],[68.4,71],[7.9,73,1485,70],[0,75,1460]];
var addUpHalf = [101,44.3,34,14.9,93,40.8,[63.2,77],[57.9,75,79],[68.4,77],[63.2,73],[57.9,77],[73.7,79],[21.1,71,80,76,1460],[2.6,77]];
var lastUpdateTime = '2025-01-19 10:39:18';
