var arrLeague = [29,'苏格兰超级联赛','蘇格蘭超級聯賽','Scottish Premier League','2018-2019','#57A87B','league_match/images/1j5w1p9pmse.png','苏超','蘇超','SCO PR'];
var arrTeam = [[70,'凯尔特人','些路迪','Celtic FC','','images/165363471972.png',0],[71,'邓迪FC','登地','Dundee','','images/165363469577.png',0],[73,'阿伯丁','鴨巴甸','Aberdeen','','images/165363467632.png',0],[75,'马瑟韦尔','馬瑟韋爾','Motherwell','','images/165363477927.png',0],[76,'哈茨','赫斯','Heart of Midlothian','','images/165363483555.png',0],[77,'格拉斯哥流浪者','格拉斯哥流浪','Glasgow Rangers','','images/165363474719.png',0],[79,'希伯尼安','喜百年','Hibernian','','images/165363481924.png',0],[80,'利云斯顿','利雲斯頓','Livingston','','images/80/1h5bjef76m11.png',0],[81,'基马诺克','基馬諾克','Kilmarnock','','images/81/1h5bjef76b13.png',0],[1460,'哈密尔顿','咸美頓','Hamilton Academical','','images/1460/1grmn0vykj1t.png',0],[1463,'圣米伦','聖美倫','Saint Mirren','','images/165363479259.png',0],[1485,'圣约翰斯通','聖莊士東','Saint Johnstone','','images/165363480511.png',0]];
var TotalBs = [[1,71,38,20,0,18,52.6,0,47.4],[2,73,38,19,1,18,50,2.6,47.4],[3,76,38,19,1,18,50,2.6,47.4],[4,77,38,19,1,18,50,2.6,47.4],[5,75,38,18,1,19,47.4,2.6,50],[6,1463,38,18,0,20,47.4,0,52.6],[7,1460,38,16,1,21,42.1,2.6,55.3],[8,79,38,16,0,22,42.1,0,57.9],[9,80,38,15,1,22,39.5,2.6,57.9],[10,81,38,15,0,23,39.5,0,60.5],[11,70,38,13,3,22,34.2,7.9,57.9],[12,1485,38,12,1,25,31.6,2.6,65.8]];
var HomeBs = [[1,81,19,10,0,9,52.6,0,47.4],[2,80,19,10,0,9,52.6,0,47.4],[3,73,19,10,0,9,52.6,0,47.4],[4,1460,19,9,1,9,47.4,5.3,47.4],[5,76,19,9,0,10,47.4,0,52.6],[6,71,19,9,0,10,47.4,0,52.6],[7,75,19,9,0,10,47.4,0,52.6],[8,70,19,7,2,10,36.8,10.5,52.6],[9,77,19,7,1,11,36.8,5.3,57.9],[10,79,19,7,0,12,36.8,0,63.2],[11,1463,19,7,0,12,36.8,0,63.2],[12,1485,19,6,1,12,31.6,5.3,63.2]];
var GuestBs = [[1,77,19,12,0,7,63.2,0,36.8],[2,1463,19,11,0,8,57.9,0,42.1],[3,71,19,11,0,8,57.9,0,42.1],[4,76,19,10,1,8,52.6,5.3,42.1],[5,73,19,9,1,9,47.4,5.3,47.4],[6,75,19,9,1,9,47.4,5.3,47.4],[7,79,19,9,0,10,47.4,0,52.6],[8,1460,19,7,0,12,36.8,0,63.2],[9,70,19,6,1,12,31.6,5.3,63.2],[10,1485,19,6,0,13,31.6,0,68.4],[11,80,19,5,1,13,26.3,5.3,68.4],[12,81,19,5,0,14,26.3,0,73.7]];
var TotalBsHalf = [[1,75,38,24,4,10,63.2,10.5,26.3],[2,73,38,21,7,10,55.3,18.4,26.3],[3,76,38,20,5,13,52.6,13.2,34.2],[4,71,38,19,5,14,50,13.2,36.8],[5,1460,38,19,5,14,50,13.2,36.8],[6,1463,38,18,5,15,47.4,13.2,39.5],[7,1485,38,17,4,17,44.7,10.5,44.7],[8,77,38,16,13,9,42.1,34.2,23.7],[9,81,38,16,8,14,42.1,21.1,36.8],[10,80,38,16,6,16,42.1,15.8,42.1],[11,79,38,13,13,12,34.2,34.2,31.6],[12,70,38,11,7,20,28.9,18.4,52.6]];
var HomeBsHalf = [[1,73,19,11,5,3,57.9,26.3,15.8],[2,1460,19,10,2,7,52.6,10.5,36.8],[3,76,19,10,1,8,52.6,5.3,42.1],[4,81,19,9,4,6,47.4,21.1,31.6],[5,1485,19,9,4,6,47.4,21.1,31.6],[6,75,19,9,3,7,47.4,15.8,36.8],[7,71,19,9,2,8,47.4,10.5,42.1],[8,77,19,8,6,5,42.1,31.6,26.3],[9,79,19,8,5,6,42.1,26.3,31.6],[10,80,19,8,4,7,42.1,21.1,36.8],[11,70,19,8,1,10,42.1,5.3,52.6],[12,1463,19,6,4,9,31.6,21.1,47.4]];
var GuestBsHalf = [[1,75,19,15,1,3,78.9,5.3,15.8],[2,1463,19,12,1,6,63.2,5.3,31.6],[3,76,19,10,4,5,52.6,21.1,26.3],[4,71,19,10,3,6,52.6,15.8,31.6],[5,73,19,10,2,7,52.6,10.5,36.8],[6,1460,19,9,3,7,47.4,15.8,36.8],[7,77,19,8,7,4,42.1,36.8,21.1],[8,80,19,8,2,9,42.1,10.5,47.4],[9,1485,19,8,0,11,42.1,0,57.9],[10,81,19,7,4,8,36.8,21.1,42.1],[11,79,19,5,8,6,26.3,42.1,31.6],[12,70,19,3,6,10,15.8,31.6,52.6]];
var addUp = [200,43.9,10,2.2,246,53.9,[52.6,71],[65.8,1485],[52.6,81,80,73],[63.2,79,1463,1485],[63.2,77],[73.7,81]];
var addUpHalf = [210,46.1,82,18,164,36,[63.2,75],[52.6,70],[57.9,73],[52.6,70],[78.9,75],[57.9,1485]];
var lastUpdateTime = '2025-01-19 10:39:32';
