var arrLeague = [8,'德国甲组联赛','德國甲組聯賽','German Bundesliga','2021-2022','#990099','league_match/images/166674997937.png','德甲','德甲','GER D1'];
var arrTeam = [[88,'拜仁慕尼黑','拜仁慕尼黑','Bayern Munchen','','images/1jarzw1r4wn.png',0],[90,'比勒菲尔德','比勒費爾德','Arminia Bielefeld','','images/164870990786.png',0],[95,'波鸿','波琴','VfL Bochum','','images/164870992655.png',0],[99,'多特蒙德','多蒙特','Borussia Dortmund','','images/164870996363.png',0],[128,'门兴格拉德巴赫','慕遜加柏','Borussia Monchengladbach','','images/16487114506.png',0],[139,'柏林赫塔','哈化柏林','Hertha Berlin','','images/16487114635.png',0],[149,'沃尔夫斯堡','沃爾夫斯堡','VfL Wolfsburg','','images/164871147946.png',0],[155,'斯图加特','史特加','VfB Stuttgart','','images/164871149852.png',0],[162,'美因茨','緬恩斯','FSV Mainz 05','','images/164871151364.png',0],[165,'勒沃库森','利華古遜','Bayer Leverkusen','','images/164871152472.png',0],[172,'弗赖堡','費雷堡','SC Freiburg','','images/164871154089.png',0],[423,'法兰克福','法蘭克福','Eintracht Frankfurt','','images/164871155563.png',0],[458,'菲尔特','格雷特霍夫','Greuther Furth','','images/16487115697.png',0],[490,'科隆','科隆','FC Koln','','images/164871158236.png',0],[1078,'霍芬海姆','賀芬咸','TSG Hoffenheim','','images/164871159920.png',0],[1087,'柏林联合','柏林聯','Union Berlin','','images/164871161365.png',0],[1135,'奥格斯堡','奧格斯堡','Augsburg','','images/164871162622.png',0],[13201,'RB莱比锡','RB萊比錫','RB Leipzig','','images/164871164178.png',0]];
var TotalBs = [[1,88,34,20,2,12,58.8,5.9,35.3],[2,1078,34,19,3,12,55.9,8.8,35.3],[3,458,34,19,2,13,55.9,5.9,38.2],[4,99,34,19,2,13,55.9,5.9,38.2],[5,139,34,19,1,14,55.9,2.9,41.2],[6,162,34,19,0,15,55.9,0,44.1],[7,165,34,18,4,12,52.9,11.8,35.3],[8,172,34,18,2,14,52.9,5.9,41.2],[9,128,34,18,2,14,52.9,5.9,41.2],[10,490,34,17,1,16,50,2.9,47.1],[11,1087,34,17,1,16,50,2.9,47.1],[12,149,34,17,0,17,50,0,50],[13,13201,34,16,1,17,47.1,2.9,50],[14,1135,34,15,1,18,44.1,2.9,52.9],[15,155,34,15,1,18,44.1,2.9,52.9],[16,423,34,14,0,20,41.2,0,58.8],[17,95,34,13,2,19,38.2,5.9,55.9],[18,90,34,11,1,22,32.4,2.9,64.7]];
var HomeBs = [[1,99,17,11,0,6,64.7,0,35.3],[2,128,17,10,2,5,58.8,11.8,29.4],[3,155,17,10,1,6,58.8,5.9,35.3],[4,172,17,10,1,6,58.8,5.9,35.3],[5,13201,17,10,1,6,58.8,5.9,35.3],[6,139,17,10,1,6,58.8,5.9,35.3],[7,1078,17,9,1,7,52.9,5.9,41.2],[8,88,17,9,1,7,52.9,5.9,41.2],[9,490,17,9,0,8,52.9,0,47.1],[10,162,17,9,0,8,52.9,0,47.1],[11,165,17,8,2,7,47.1,11.8,41.2],[12,1135,17,8,1,8,47.1,5.9,47.1],[13,149,17,8,0,9,47.1,0,52.9],[14,458,17,7,1,9,41.2,5.9,52.9],[15,423,17,7,0,10,41.2,0,58.8],[16,1087,17,6,1,10,35.3,5.9,58.8],[17,95,17,6,0,11,35.3,0,64.7],[18,90,17,5,0,12,29.4,0,70.6]];
var GuestBs = [[1,458,17,12,1,4,70.6,5.9,23.5],[2,88,17,11,1,5,64.7,5.9,29.4],[3,1087,17,11,0,6,64.7,0,35.3],[4,165,17,10,2,5,58.8,11.8,29.4],[5,1078,17,10,2,5,58.8,11.8,29.4],[6,162,17,10,0,7,58.8,0,41.2],[7,139,17,9,0,8,52.9,0,47.1],[8,149,17,9,0,8,52.9,0,47.1],[9,99,17,8,2,7,47.1,11.8,41.2],[10,172,17,8,1,8,47.1,5.9,47.1],[11,490,17,8,1,8,47.1,5.9,47.1],[12,128,17,8,0,9,47.1,0,52.9],[13,95,17,7,2,8,41.2,11.8,47.1],[14,1135,17,7,0,10,41.2,0,58.8],[15,423,17,7,0,10,41.2,0,58.8],[16,90,17,6,1,10,35.3,5.9,58.8],[17,13201,17,6,0,11,35.3,0,64.7],[18,155,17,5,0,12,29.4,0,70.6]];
var TotalBsHalf = [[1,88,34,23,0,11,67.6,0,32.4],[2,128,34,22,4,8,64.7,11.8,23.5],[3,165,34,19,0,15,55.9,0,44.1],[4,99,34,18,0,16,52.9,0,47.1],[5,1087,34,16,10,8,47.1,29.4,23.5],[6,1078,34,16,1,17,47.1,2.9,50],[7,1135,34,15,7,12,44.1,20.6,35.3],[8,172,34,14,9,11,41.2,26.5,32.4],[9,423,34,14,8,12,41.2,23.5,35.3],[10,458,34,13,5,16,38.2,14.7,47.1],[11,139,34,12,10,12,35.3,29.4,35.3],[12,149,34,12,10,12,35.3,29.4,35.3],[13,490,34,12,6,16,35.3,17.6,47.1],[14,90,34,11,9,14,32.4,26.5,41.2],[15,155,34,11,8,15,32.4,23.5,44.1],[16,95,34,11,5,18,32.4,14.7,52.9],[17,162,34,10,11,13,29.4,32.4,38.2],[18,13201,34,9,1,24,26.5,2.9,70.6]];
var HomeBsHalf = [[1,128,17,12,2,3,70.6,11.8,17.6],[2,88,17,10,0,7,58.8,0,41.2],[3,99,17,10,0,7,58.8,0,41.2],[4,172,17,9,5,3,52.9,29.4,17.6],[5,1087,17,9,3,5,52.9,17.6,29.4],[6,1078,17,9,0,8,52.9,0,47.1],[7,1135,17,8,4,5,47.1,23.5,29.4],[8,155,17,8,3,6,47.1,17.6,35.3],[9,149,17,7,5,5,41.2,29.4,29.4],[10,165,17,7,0,10,41.2,0,58.8],[11,90,17,6,4,7,35.3,23.5,41.2],[12,162,17,6,4,7,35.3,23.5,41.2],[13,490,17,6,3,8,35.3,17.6,47.1],[14,423,17,5,5,7,29.4,29.4,41.2],[15,95,17,5,3,9,29.4,17.6,52.9],[16,458,17,5,3,9,29.4,17.6,52.9],[17,13201,17,4,0,13,23.5,0,76.5],[18,139,17,3,8,6,17.6,47.1,35.3]];
var GuestBsHalf = [[1,88,17,13,0,4,76.5,0,23.5],[2,165,17,12,0,5,70.6,0,29.4],[3,128,17,10,2,5,58.8,11.8,29.4],[4,423,17,9,3,5,52.9,17.6,29.4],[5,139,17,9,2,6,52.9,11.8,35.3],[6,458,17,8,2,7,47.1,11.8,41.2],[7,99,17,8,0,9,47.1,0,52.9],[8,1087,17,7,7,3,41.2,41.2,17.6],[9,1135,17,7,3,7,41.2,17.6,41.2],[10,1078,17,7,1,9,41.2,5.9,52.9],[11,490,17,6,3,8,35.3,17.6,47.1],[12,95,17,6,2,9,35.3,11.8,52.9],[13,149,17,5,5,7,29.4,29.4,41.2],[14,90,17,5,5,7,29.4,29.4,41.2],[15,172,17,5,4,8,29.4,23.5,47.1],[16,13201,17,5,1,11,29.4,5.9,64.7],[17,162,17,4,7,6,23.5,41.2,35.3],[18,155,17,3,5,9,17.6,29.4,52.9]];
var addUp = [304,49.7,26,4.2,282,46.1,[58.8,88],[64.7,90],[64.7,99],[70.6,90],[70.6,458],[70.6,155]];
var addUpHalf = [258,42.2,104,17,250,40.8,[67.6,88],[70.6,13201],[70.6,128],[76.5,13201],[76.5,88],[64.7,13201]];
var lastUpdateTime = '2025-01-18 15:35:58';
