var arrLeague = [27,'瑞士超级联赛','瑞士超級聯賽','Switzerland Super League','2023-2024','#1ba578','league_match/images/20151127162550.jpg','瑞士超','瑞士超','SUI SL'];
var arrTeam = [[430,'图恩','杜安','Thun','','images/430/1gtqm5nk922e.png',0],[433,'圣加仑','聖加倫','St. Gallen','','images/433/1gtqm1pz3d2d.png',0],[436,'草蜢','草蜢','Grasshopper','','images/436/1h8asqtqsjb.png',0],[442,'年青人','年青人','Young Boys','','images/442/1gxmbma5rq4.png',0],[447,'塞尔维特','塞維特','Servette','','images/447/1gtg0nzm9kh.png',0],[449,'苏黎世','蘇黎世','FC Zurich','','images/449/1jh4aqszf629.png',0],[451,'巴塞尔','巴素利','Basel','','images/451/1gv1yreqw0h.png',0],[1228,'伊韦尔东','伊華東','Yverdon','','images/1228/1gqxnaky8wh.png',0],[1229,'卢加诺','盧加諾','Lugano','','images/1229/1gtqm1pzk318.png',0],[1237,'卢森','琉森','Luzern','','images/1237/1h6wfe0585w.png',0],[1304,'温特图尔','溫特圖爾','Winterthur','','images/1304/1j5cbkwmw5n.png',0],[2601,'洛桑','洛桑體育隊','Lausanne Sports','','images/2601/1j0ytn4xd41b.png',0],[6423,'乌契','烏契','Stade Ouchy','','images/6423/1h4fagtcgq2n.png',0]];
var TotalPanLu = [[1,1228,38,3,2,33,23,1,14,9,60.5,2.6,36.8],[2,1229,38,20,5,13,22,1,15,7,57.9,2.6,39.5],[3,1304,38,8,4,26,21,2,15,6,55.3,5.3,39.5],[4,442,38,31,6,1,19,3,16,3,50,7.9,42.1],[5,449,38,20,11,7,17,4,17,0,44.7,10.5,44.7],[6,447,38,24,7,7,16,6,16,0,42.1,15.8,42.1],[7,451,38,15,6,17,16,4,18,-2,42.1,10.5,47.4],[8,2601,38,15,8,15,16,3,19,-3,42.1,7.9,50],[9,436,40,7,9,24,16,4,20,-4,40,10,50],[10,6423,38,1,5,32,15,3,20,-5,39.5,7.9,52.6],[11,433,38,25,8,5,14,5,19,-5,36.8,13.2,50],[12,1237,38,21,7,10,14,4,20,-6,36.8,10.5,52.6],[13,430,2,1,0,1,1,0,1,0,50,0,50]];
var HomePanLu = [[1,1228,19,3,1,15,16,0,3,13,84.2,0,15.8],[2,1304,19,6,3,10,12,0,7,5,63.2,0,36.8],[3,442,19,19,0,0,11,1,7,4,57.9,5.3,36.8],[4,1229,19,14,4,1,11,1,7,4,57.9,5.3,36.8],[5,436,20,7,5,8,10,0,10,0,50,0,50],[6,433,19,16,3,0,9,2,8,1,47.4,10.5,42.1],[7,447,19,17,1,1,8,3,8,0,42.1,15.8,42.1],[8,2601,19,10,5,4,8,3,8,0,42.1,15.8,42.1],[9,449,19,14,5,0,8,2,9,-1,42.1,10.5,47.4],[10,1237,19,15,3,1,7,3,9,-2,36.8,15.8,47.4],[11,451,19,11,4,4,7,3,9,-2,36.8,15.8,47.4],[12,6423,19,1,5,13,6,2,11,-5,31.6,10.5,57.9],[13,430,1,1,0,0,0,0,1,-1,0,0,100]];
var GuestPanLu = [[1,1229,19,6,1,12,11,0,8,3,57.9,0,42.1],[2,430,1,0,0,1,1,0,0,1,100,0,0],[3,449,19,6,6,7,9,2,8,1,47.4,10.5,42.1],[4,1304,19,2,1,16,9,2,8,1,47.4,10.5,42.1],[5,451,19,4,2,13,9,1,9,0,47.4,5.3,47.4],[6,6423,19,0,0,19,9,1,9,0,47.4,5.3,47.4],[7,447,19,7,6,6,8,3,8,0,42.1,15.8,42.1],[8,442,19,12,6,1,8,2,9,-1,42.1,10.5,47.4],[9,2601,19,5,3,11,8,0,11,-3,42.1,0,57.9],[10,1237,19,6,4,9,7,1,11,-4,36.8,5.3,57.9],[11,1228,19,0,1,18,7,1,11,-4,36.8,5.3,57.9],[12,436,20,0,4,16,6,4,10,-4,30,20,50],[13,433,19,9,5,5,5,3,11,-6,26.3,15.8,57.9]];
var TotalHalfPanLu = [[1,1304,38,4,10,24,19,4,15,4,50,10.5,39.5],[2,1228,38,1,5,32,19,2,17,2,50,5.3,44.7],[3,2601,38,9,17,12,18,5,15,3,47.4,13.2,39.5],[4,449,38,17,16,5,18,4,16,2,47.4,10.5,42.1],[5,6423,38,1,9,28,18,3,17,1,47.4,7.9,44.7],[6,447,38,24,10,4,17,2,19,-2,44.7,5.3,50],[7,442,38,26,11,1,16,3,19,-3,42.1,7.9,50],[8,433,38,22,13,3,15,7,16,-1,39.5,18.4,42.1],[9,451,38,12,14,12,15,7,16,-1,39.5,18.4,42.1],[10,1237,38,16,15,7,15,7,16,-1,39.5,18.4,42.1],[11,1229,38,16,15,7,14,8,16,-2,36.8,21.1,42.1],[12,436,40,5,18,17,14,9,17,-3,35,22.5,42.5],[13,430,2,0,1,1,1,1,0,1,50,50,0]];
var HomeHalfPanLu = [[1,1228,19,1,4,14,14,1,4,10,73.7,5.3,21.1],[2,1304,19,3,7,9,9,3,7,2,47.4,15.8,36.8],[3,433,19,16,3,0,9,2,8,1,47.4,10.5,42.1],[4,449,19,11,8,0,8,3,8,0,42.1,15.8,42.1],[5,442,19,18,1,0,8,0,11,-3,42.1,0,57.9],[6,1229,19,11,8,0,7,4,8,-1,36.8,21.1,42.1],[7,1237,19,12,6,1,7,2,10,-3,36.8,10.5,52.6],[8,447,19,17,2,0,7,0,12,-5,36.8,0,63.2],[9,436,20,5,10,5,7,5,8,-1,35,25,40],[10,2601,19,6,12,1,6,2,11,-5,31.6,10.5,57.9],[11,451,19,9,7,3,5,5,9,-4,26.3,26.3,47.4],[12,6423,19,1,8,10,5,3,11,-6,26.3,15.8,57.9],[13,430,1,0,1,0,0,1,0,0,0,100,0]];
var GuestHalfPanLu = [[1,6423,19,0,1,18,13,0,6,7,68.4,0,31.6],[2,2601,19,3,5,11,12,3,4,8,63.2,15.8,21.1],[3,451,19,3,7,9,10,2,7,3,52.6,10.5,36.8],[4,447,19,7,8,4,10,2,7,3,52.6,10.5,36.8],[5,1304,19,1,3,15,10,1,8,2,52.6,5.3,42.1],[6,449,19,6,8,5,10,1,8,2,52.6,5.3,42.1],[7,430,1,0,0,1,1,0,0,1,100,0,0],[8,1237,19,4,9,6,8,5,6,2,42.1,26.3,31.6],[9,442,19,8,10,1,8,3,8,0,42.1,15.8,42.1],[10,1229,19,5,7,7,7,4,8,-1,36.8,21.1,42.1],[11,436,20,0,8,12,7,4,9,-2,35,20,45],[12,433,19,6,10,3,6,5,8,-2,31.6,26.3,42.1],[13,1228,19,0,1,18,5,1,13,-8,26.3,5.3,68.4]];
var addUp = [113,49.1,20,8.7,97,42.2,[60.5,1228],[52.6,6423,1237],[84.2,1228],[100,430],[100,430],[57.9,2601,1237,1228,433],[15.8,447],[0,430]];
var addUpHalf = [92,40,31,13.5,107,46.5,[50,1304,1228,430],[50,447,442],[73.7,1228],[63.2,447],[100,430],[68.4,1228],[50,430],[5.3,1228,447]];
var lastUpdateTime = '2025-01-18 10:06:55';
