var arrLeague = [27,'瑞士超级联赛','瑞士超級聯賽','Switzerland Super League','2023-2024','#1ba578','league_match/images/20151127162550.jpg','瑞士超','瑞士超','SUI SL'];
var arrTeam = [[430,'图恩','杜安','Thun','','images/430/1gtqm5nk922e.png',0],[433,'圣加仑','聖加倫','St. Gallen','','images/433/1gtqm1pz3d2d.png',0],[436,'草蜢','草蜢','Grasshopper','','images/436/1h8asqtqsjb.png',0],[442,'年青人','年青人','Young Boys','','images/442/1gxmbma5rq4.png',0],[447,'塞尔维特','塞維特','Servette','','images/447/1gtg0nzm9kh.png',0],[449,'苏黎世','蘇黎世','FC Zurich','','images/449/1jh4aqszf629.png',0],[451,'巴塞尔','巴素利','Basel','','images/451/1gv1yreqw0h.png',0],[1228,'伊韦尔东','伊華東','Yverdon','','images/1228/1gqxnaky8wh.png',0],[1229,'卢加诺','盧加諾','Lugano','','images/1229/1gtqm1pzk318.png',0],[1237,'卢森','琉森','Luzern','','images/1237/1h6wfe0585w.png',0],[1304,'温特图尔','溫特圖爾','Winterthur','','images/1304/1j5cbkwmw5n.png',0],[2601,'洛桑','洛桑體育隊','Lausanne Sports','','images/2601/1j0ytn4xd41b.png',0],[6423,'乌契','烏契','Stade Ouchy','','images/6423/1h4fagtcgq2n.png',0]];
var TotalBs = [[1,1304,38,21,5,12,55.3,13.2,31.6],[2,1228,38,21,4,13,55.3,10.5,34.2],[3,1229,38,20,3,15,52.6,7.9,39.5],[4,6423,38,20,3,15,52.6,7.9,39.5],[5,449,38,19,1,18,50,2.6,47.4],[6,2601,38,16,2,20,42.1,5.3,52.6],[7,447,38,15,2,21,39.5,5.3,55.3],[8,436,40,14,2,24,35,5,60],[9,433,38,13,5,20,34.2,13.2,52.6],[10,442,38,13,4,21,34.2,10.5,55.3],[11,451,38,12,4,22,31.6,10.5,57.9],[12,1237,38,11,5,22,28.9,13.2,57.9],[13,430,2,1,0,1,50,0,50]];
var HomeBs = [[1,1228,19,14,1,4,73.7,5.3,21.1],[2,1304,19,10,4,5,52.6,21.1,26.3],[3,6423,19,10,2,7,52.6,10.5,36.8],[4,433,19,9,3,7,47.4,15.8,36.8],[5,447,19,9,1,9,47.4,5.3,47.4],[6,449,19,8,0,11,42.1,0,57.9],[7,442,19,7,2,10,36.8,10.5,52.6],[8,1229,19,7,1,11,36.8,5.3,57.9],[9,436,20,7,1,12,35,5,60],[10,2601,19,6,0,13,31.6,0,68.4],[11,451,19,5,3,11,26.3,15.8,57.9],[12,1237,19,5,2,12,26.3,10.5,63.2],[13,430,1,1,0,0,100,0,0]];
var GuestBs = [[1,1229,19,13,2,4,68.4,10.5,21.1],[2,1304,19,11,1,7,57.9,5.3,36.8],[3,449,19,11,1,7,57.9,5.3,36.8],[4,2601,19,10,2,7,52.6,10.5,36.8],[5,6423,19,10,1,8,52.6,5.3,42.1],[6,1228,19,7,3,9,36.8,15.8,47.4],[7,451,19,7,1,11,36.8,5.3,57.9],[8,436,20,7,1,12,35,5,60],[9,1237,19,6,3,10,31.6,15.8,52.6],[10,442,19,6,2,11,31.6,10.5,57.9],[11,447,19,6,1,12,31.6,5.3,63.2],[12,433,19,4,2,13,21.1,10.5,68.4],[13,430,1,0,0,1,0,0,100]];
var TotalBsHalf = [[1,6423,38,16,2,20,42.1,5.3,52.6],[2,1304,38,16,1,21,42.1,2.6,55.3],[3,447,38,14,4,20,36.8,10.5,52.6],[4,433,38,14,1,23,36.8,2.6,60.5],[5,442,38,14,1,23,36.8,2.6,60.5],[6,1228,38,12,4,22,31.6,10.5,57.9],[7,2601,38,12,4,22,31.6,10.5,57.9],[8,449,38,11,10,17,28.9,26.3,44.7],[9,1229,38,10,5,23,26.3,13.2,60.5],[10,451,38,10,4,24,26.3,10.5,63.2],[11,436,40,10,5,25,25,12.5,62.5],[12,1237,38,8,1,29,21.1,2.6,76.3],[13,430,2,1,0,1,50,0,50]];
var HomeBsHalf = [[1,433,19,10,1,8,52.6,5.3,42.1],[2,442,19,9,0,10,47.4,0,52.6],[3,6423,19,7,2,10,36.8,10.5,52.6],[4,1304,19,7,0,12,36.8,0,63.2],[5,447,19,6,3,10,31.6,15.8,52.6],[6,1229,19,6,2,11,31.6,10.5,57.9],[7,1228,19,6,2,11,31.6,10.5,57.9],[8,449,19,5,4,10,26.3,21.1,52.6],[9,436,20,5,3,12,25,15,60],[10,2601,19,5,2,12,26.3,10.5,63.2],[11,1237,19,4,1,14,21.1,5.3,73.7],[12,451,19,3,1,15,15.8,5.3,78.9],[13,430,1,1,0,0,100,0,0]];
var GuestBsHalf = [[1,1304,19,9,1,9,47.4,5.3,47.4],[2,6423,19,9,0,10,47.4,0,52.6],[3,447,19,8,1,10,42.1,5.3,52.6],[4,451,19,7,3,9,36.8,15.8,47.4],[5,2601,19,7,2,10,36.8,10.5,52.6],[6,449,19,6,6,7,31.6,31.6,36.8],[7,1228,19,6,2,11,31.6,10.5,57.9],[8,436,20,5,2,13,25,10,65],[9,442,19,5,1,13,26.3,5.3,68.4],[10,1229,19,4,3,12,21.1,15.8,63.2],[11,433,19,4,0,15,21.1,0,78.9],[12,1237,19,4,0,15,21.1,0,78.9],[13,430,1,0,0,1,0,0,100]];
var addUp = [196,42.6,40,8.7,224,48.7,[55.3,1304,1228],[60,436],[100,430],[68.4,2601],[68.4,1229],[100,430]];
var addUpHalf = [148,32.2,42,9.1,270,58.7,[50,430],[76.3,1237],[100,430],[78.9,451],[47.4,1304,6423],[100,430]];
var lastUpdateTime = '2025-01-18 10:07:11';
