var arrLeague = [23,'葡萄牙超级联赛','葡萄牙超級聯賽','Liga Portugal 1','2021-2022','#006665','league_match/images/1j5w1nhx8v10.png','葡超','葡超','POR D1'];
var arrTeam = [[452,'马里迪莫','馬里迪莫','Maritimo','','images/165095610183.png',0],[457,'博阿维斯塔','博維斯塔','Boavista FC','','images/165095598511.png',0],[459,'布拉加','布拉加','Sporting Braga','','images/165095600132.png',0],[463,'本菲卡','賓菲加','Benfica','','images/165095593478.png',0],[466,'里斯本竞技','士砵亭','Sporting CP','','images/165095607959.png',0],[468,'波尔图','波圖','FC Porto','','images/165095597156.png',0],[486,'埃斯托里尔','伊斯托里爾','Estoril','','images/165095590467.png',0],[919,'吉维森特','基維辛迪','Gil Vicente','','images/919/1gpyrknv73a.png',0],[924,'摩里伦斯','摩里倫斯','Moreirense','','images/165095611817.png',0],[926,'比兰尼塞斯','比蘭倫斯','Belenenses','','images/165095595094.png',0],[927,'吉马良斯','甘馬雷斯','Vitoria Guimaraes','','images/165095604742.png',0],[1002,'圣克拉拉','辛達卡拉','Santa Clara','','images/1jfp59pdzy7.png',0],[1006,'费雷拉','費利拿','Pacos de Ferreira','','images/165095603251.png',0],[1554,'朴迪莫伦斯','樸迪莫倫斯','Portimonense','','images/165095613598.png',0],[2798,'维泽拉','維薛拿','Vizela','','images/2798/1j50e1skc129.png',0],[4970,'法马利康','法馬利卡奧','FC Famalicao','','images/165095601658.png',0],[9046,'阿罗卡','阿洛卡','FC Arouca','','images/16509559199.png',0],[19599,'唐迪拉','唐迪拉','CD Tondela','','images/165095615051.png',0]];
var TotalBs = [[1,19599,34,22,1,11,64.7,2.9,32.4],[2,468,34,22,0,12,64.7,0,35.3],[3,4970,34,20,0,14,58.8,0,41.2],[4,1002,34,19,2,13,55.9,5.9,38.2],[5,463,34,19,1,14,55.9,2.9,41.2],[6,927,34,19,0,15,55.9,0,44.1],[7,919,34,18,1,15,52.9,2.9,44.1],[8,466,34,17,0,17,50,0,50],[9,9046,34,17,0,17,50,0,50],[10,457,34,16,3,15,47.1,8.8,44.1],[11,2798,34,16,1,17,47.1,2.9,50],[12,486,34,15,3,16,44.1,8.8,47.1],[13,924,34,15,0,19,44.1,0,55.9],[14,459,34,15,0,19,44.1,0,55.9],[15,452,34,14,1,19,41.2,2.9,55.9],[16,1554,34,12,1,21,35.3,2.9,61.8],[17,1006,34,11,3,20,32.4,8.8,58.8],[18,926,34,11,1,22,32.4,2.9,64.7]];
var HomeBs = [[1,19599,17,13,0,4,76.5,0,23.5],[2,468,17,13,0,4,76.5,0,23.5],[3,927,17,12,0,5,70.6,0,29.4],[4,4970,17,10,0,7,58.8,0,41.2],[5,1002,17,9,1,7,52.9,5.9,41.2],[6,463,17,9,1,7,52.9,5.9,41.2],[7,486,17,9,0,8,52.9,0,47.1],[8,919,17,9,0,8,52.9,0,47.1],[9,924,17,8,0,9,47.1,0,52.9],[10,9046,17,8,0,9,47.1,0,52.9],[11,459,17,8,0,9,47.1,0,52.9],[12,1006,17,7,2,8,41.2,11.8,47.1],[13,926,17,7,1,9,41.2,5.9,52.9],[14,1554,17,7,1,9,41.2,5.9,52.9],[15,466,17,6,0,11,35.3,0,64.7],[16,457,17,5,2,10,29.4,11.8,58.8],[17,452,17,5,0,12,29.4,0,70.6],[18,2798,17,4,1,12,23.5,5.9,70.6]];
var GuestBs = [[1,2798,17,12,0,5,70.6,0,29.4],[2,457,17,11,1,5,64.7,5.9,29.4],[3,466,17,11,0,6,64.7,0,35.3],[4,1002,17,10,1,6,58.8,5.9,35.3],[5,4970,17,10,0,7,58.8,0,41.2],[6,463,17,10,0,7,58.8,0,41.2],[7,452,17,9,1,7,52.9,5.9,41.2],[8,919,17,9,1,7,52.9,5.9,41.2],[9,19599,17,9,1,7,52.9,5.9,41.2],[10,468,17,9,0,8,52.9,0,47.1],[11,9046,17,9,0,8,52.9,0,47.1],[12,924,17,7,0,10,41.2,0,58.8],[13,459,17,7,0,10,41.2,0,58.8],[14,927,17,7,0,10,41.2,0,58.8],[15,486,17,6,3,8,35.3,17.6,47.1],[16,1554,17,5,0,12,29.4,0,70.6],[17,1006,17,4,1,12,23.5,5.9,70.6],[18,926,17,4,0,13,23.5,0,76.5]];
var TotalBsHalf = [[1,457,34,19,8,7,55.9,23.5,20.6],[2,452,34,19,1,14,55.9,2.9,41.2],[3,468,34,18,5,11,52.9,14.7,32.4],[4,1002,34,18,5,11,52.9,14.7,32.4],[5,926,34,18,4,12,52.9,11.8,35.3],[6,1554,34,17,7,10,50,20.6,29.4],[7,4970,34,17,7,10,50,20.6,29.4],[8,486,34,17,4,13,50,11.8,38.2],[9,1006,34,16,6,12,47.1,17.6,35.3],[10,9046,34,15,8,11,44.1,23.5,32.4],[11,19599,34,15,7,12,44.1,20.6,35.3],[12,2798,34,15,6,13,44.1,17.6,38.2],[13,463,34,15,4,15,44.1,11.8,44.1],[14,924,34,14,7,13,41.2,20.6,38.2],[15,927,34,12,11,11,35.3,32.4,32.4],[16,919,34,12,5,17,35.3,14.7,50],[17,466,34,10,11,13,29.4,32.4,38.2],[18,459,34,9,8,17,26.5,23.5,50]];
var HomeBsHalf = [[1,926,17,11,2,4,64.7,11.8,23.5],[2,1554,17,10,3,4,58.8,17.6,23.5],[3,19599,17,10,3,4,58.8,17.6,23.5],[4,924,17,10,3,4,58.8,17.6,23.5],[5,1006,17,10,2,5,58.8,11.8,29.4],[6,468,17,10,0,7,58.8,0,41.2],[7,457,17,9,5,3,52.9,29.4,17.6],[8,486,17,9,2,6,52.9,11.8,35.3],[9,1002,17,8,4,5,47.1,23.5,29.4],[10,4970,17,8,1,8,47.1,5.9,47.1],[11,452,17,8,1,8,47.1,5.9,47.1],[12,2798,17,7,4,6,41.2,23.5,35.3],[13,927,17,6,6,5,35.3,35.3,29.4],[14,919,17,6,3,8,35.3,17.6,47.1],[15,463,17,6,1,10,35.3,5.9,58.8],[16,9046,17,5,6,6,29.4,35.3,35.3],[17,459,17,4,4,9,23.5,23.5,52.9],[18,466,17,1,7,9,5.9,41.2,52.9]];
var GuestBsHalf = [[1,452,17,11,0,6,64.7,0,35.3],[2,457,17,10,3,4,58.8,17.6,23.5],[3,9046,17,10,2,5,58.8,11.8,29.4],[4,1002,17,10,1,6,58.8,5.9,35.3],[5,4970,17,9,6,2,52.9,35.3,11.8],[6,466,17,9,4,4,52.9,23.5,23.5],[7,463,17,9,3,5,52.9,17.6,29.4],[8,468,17,8,5,4,47.1,29.4,23.5],[9,2798,17,8,2,7,47.1,11.8,41.2],[10,486,17,8,2,7,47.1,11.8,41.2],[11,1554,17,7,4,6,41.2,23.5,35.3],[12,926,17,7,2,8,41.2,11.8,47.1],[13,927,17,6,5,6,35.3,29.4,35.3],[14,1006,17,6,4,7,35.3,23.5,41.2],[15,919,17,6,2,9,35.3,11.8,52.9],[16,19599,17,5,4,8,29.4,23.5,47.1],[17,459,17,5,4,8,29.4,23.5,47.1],[18,924,17,4,4,9,23.5,23.5,52.9]];
var addUp = [298,48.7,18,2.9,296,48.4,[64.7,19599,468],[64.7,926],[76.5,19599,468],[70.6,452,2798],[70.6,2798],[76.5,926]];
var addUpHalf = [276,45.1,114,18.6,222,36.3,[55.9,457,452],[50,919,459],[64.7,926],[58.8,463],[64.7,452],[52.9,919,924]];
var lastUpdateTime = '2025-01-18 15:35:58';
