var arrLeague = [17,'荷兰乙组联赛','荷蘭乙組聯賽','Holland Eerste Divisie','2024-2025','#FFC4E1','league_match/images/20200419030037.jpg','荷乙','荷乙','HOL D2'];
var arrTeam = [[225,'威廉二世','威廉二世','Willem II','','images/225/1gq6hnbe3q23.png',0],[233,'罗达JC','洛達','Roda JC','','images/233/1heh20g0cp16.png',0],[243,'格拉夫夏普','迪加史卓普','De Graafschap','','images/243/1gtg0nv5p6e.png',0],[246,'维迪斯','維迪斯','Vitesse Arnhem','','images/165095712094.png',0],[256,'海牙','海牙','ADO Den Haag','','images/256/1gtg0nv6662e.png',0],[258,'邓伯什','丹博斯治','Den Bosch','','images/258/1jh72ghqsq2.png',0],[270,'SBV精英','SBV精英隊','Excelsior SBV','','images/270/1h5bja71et21.png',0],[275,'赫尔蒙德','靴蒙特','Helmond Sport','','images/275/1ht3wd9jt01z.png',0],[277,'芬洛','芬洛','VVV Venlo','','images/277/1h1n1jqk031t.png',0],[279,'特尔斯达','泰斯達','SC Telstar','','images/279/1h51a204km32.png',0],[281,'奥斯','奧斯','FC Oss','','images/281/1gpyr7b7ta3.png',0],[287,'多德勒支','多德勒支','Dordrecht','','images/287/1hy78m77g92v.png',0],[288,'坎布尔','甘堡爾','SC Cambuur','','images/165095700772.png',0],[290,'马斯特里赫特','馬斯特里赫特','MVV Maastricht','','images/290/1heh20g0cy1q.png',0],[415,'福伦丹','華倫丹','Volendam','','images/415/1h5bja71ejk.png',0],[1092,'FC埃因霍温','FC燕豪芬','FC Eindhoven','','images/1092/1heh20g0c013.png',0],[1093,'埃门','安曼','Emmen','','images/1093/1h5bjb8w50b.png',0],[7214,'阿贾克斯青年队','阿積士青年隊','Jong Ajax (Youth)','','images/7214/1j523s24jh1f.png',0],[7219,'乌德勒支青年队','烏德勒支青年隊','FC Utrecht (Youth)','','images/7219/1gpyr7b7tc21.png',0],[7416,'阿尔克马尔青年队','艾克馬亞青年隊','AZ Alkmaar (Youth)','','images/7416/1h53w1vand1k.png',0],[7580,'埃因霍温青年队','PSV燕豪芬青年隊','Jong PSV Eindhoven (Youth)','','images/7580/1gpyr7b7tc2n.png',0]];
var TotalBs = [[1,1092,38,22,1,15,57.9,2.6,39.5],[2,279,44,22,4,18,50,9.1,40.9],[3,275,38,21,3,14,55.3,7.9,36.8],[4,7580,38,21,2,15,55.3,5.3,39.5],[5,246,38,20,3,15,52.6,7.9,39.5],[6,277,38,20,1,17,52.6,2.6,44.7],[7,415,38,19,4,15,50,10.5,39.5],[8,1093,38,18,4,16,47.4,10.5,42.1],[9,7219,38,18,1,19,47.4,2.6,50],[10,243,40,18,1,21,45,2.5,52.5],[11,7416,38,17,5,16,44.7,13.2,42.1],[12,290,38,17,2,19,44.7,5.3,50],[13,287,42,17,4,21,40.5,9.5,50],[14,270,38,16,4,18,42.1,10.5,47.4],[15,258,42,16,3,23,38.1,7.1,54.8],[16,288,40,14,2,24,35,5,60],[17,233,38,13,5,20,34.2,13.2,52.6],[18,281,38,13,3,22,34.2,7.9,57.9],[19,256,40,12,5,23,30,12.5,57.5],[20,7214,38,8,5,25,21.1,13.2,65.8],[21,225,4,4,0,0,100,0,0]];
var HomeBs = [[1,7580,19,13,0,6,68.4,0,31.6],[2,279,22,13,2,7,59.1,9.1,31.8],[3,1092,19,12,0,7,63.2,0,36.8],[4,287,21,11,2,8,52.4,9.5,38.1],[5,7416,19,10,3,6,52.6,15.8,31.6],[6,290,19,10,2,7,52.6,10.5,36.8],[7,415,19,10,2,7,52.6,10.5,36.8],[8,243,20,10,1,9,50,5,45],[9,246,19,9,2,8,47.4,10.5,42.1],[10,275,19,9,2,8,47.4,10.5,42.1],[11,1093,19,9,2,8,47.4,10.5,42.1],[12,277,19,8,0,11,42.1,0,57.9],[13,270,19,8,0,11,42.1,0,57.9],[14,7219,19,8,0,11,42.1,0,57.9],[15,281,19,6,3,10,31.6,15.8,52.6],[16,256,20,6,3,11,30,15,55],[17,258,21,6,1,14,28.6,4.8,66.7],[18,288,20,5,2,13,25,10,65],[19,233,19,4,3,12,21.1,15.8,63.2],[20,7214,19,4,1,14,21.1,5.3,73.7],[21,225,2,2,0,0,100,0,0]];
var GuestBs = [[1,275,19,12,1,6,63.2,5.3,31.6],[2,277,19,12,1,6,63.2,5.3,31.6],[3,246,19,11,1,7,57.9,5.3,36.8],[4,1092,19,10,1,8,52.6,5.3,42.1],[5,7219,19,10,1,8,52.6,5.3,42.1],[6,258,21,10,2,9,47.6,9.5,42.9],[7,1093,19,9,2,8,47.4,10.5,42.1],[8,233,19,9,2,8,47.4,10.5,42.1],[9,415,19,9,2,8,47.4,10.5,42.1],[10,279,22,9,2,11,40.9,9.1,50],[11,288,20,9,0,11,45,0,55],[12,270,19,8,4,7,42.1,21.1,36.8],[13,7580,19,8,2,9,42.1,10.5,47.4],[14,243,20,8,0,12,40,0,60],[15,7416,19,7,2,10,36.8,10.5,52.6],[16,290,19,7,0,12,36.8,0,63.2],[17,281,19,7,0,12,36.8,0,63.2],[18,256,20,6,2,12,30,10,60],[19,287,21,6,2,13,28.6,9.5,61.9],[20,7214,19,4,4,11,21.1,21.1,57.9],[21,225,2,2,0,0,100,0,0]];
var TotalBsHalf = [[1,415,38,22,0,16,57.9,0,42.1],[2,243,40,20,0,20,50,0,50],[3,275,38,19,3,16,50,7.9,42.1],[4,279,44,19,1,24,43.2,2.3,54.5],[5,7580,38,18,0,20,47.4,0,52.6],[6,7416,38,17,0,21,44.7,0,55.3],[7,1092,38,17,0,21,44.7,0,55.3],[8,270,38,17,0,21,44.7,0,55.3],[9,258,42,17,1,24,40.5,2.4,57.1],[10,7219,38,16,1,21,42.1,2.6,55.3],[11,287,42,16,0,26,38.1,0,61.9],[12,246,38,15,0,23,39.5,0,60.5],[13,288,40,15,0,25,37.5,0,62.5],[14,290,38,14,0,24,36.8,0,63.2],[15,1093,38,14,0,24,36.8,0,63.2],[16,256,40,14,0,26,35,0,65],[17,277,38,13,4,21,34.2,10.5,55.3],[18,7214,38,11,0,27,28.9,0,71.1],[19,233,38,9,0,29,23.7,0,76.3],[20,281,38,8,3,27,21.1,7.9,71.1],[21,225,4,3,1,0,75,25,0]];
var HomeBsHalf = [[1,415,19,12,0,7,63.2,0,36.8],[2,7580,19,11,0,8,57.9,0,42.1],[3,243,20,11,0,9,55,0,45],[4,279,22,11,1,10,50,4.5,45.5],[5,275,19,10,1,8,52.6,5.3,42.1],[6,270,19,10,0,9,52.6,0,47.4],[7,1092,19,9,0,10,47.4,0,52.6],[8,290,19,8,0,11,42.1,0,57.9],[9,7416,19,8,0,11,42.1,0,57.9],[10,287,21,8,0,13,38.1,0,61.9],[11,258,21,8,0,13,38.1,0,61.9],[12,7219,19,7,1,11,36.8,5.3,57.9],[13,1093,19,7,0,12,36.8,0,63.2],[14,256,20,7,0,13,35,0,65],[15,246,19,6,0,13,31.6,0,68.4],[16,281,19,5,2,12,26.3,10.5,63.2],[17,233,19,5,0,14,26.3,0,73.7],[18,288,20,5,0,15,25,0,75],[19,277,19,4,2,13,21.1,10.5,68.4],[20,7214,19,3,0,16,15.8,0,84.2],[21,225,2,2,0,0,100,0,0]];
var GuestBsHalf = [[1,415,19,10,0,9,52.6,0,47.4],[2,288,20,10,0,10,50,0,50],[3,275,19,9,2,8,47.4,10.5,42.1],[4,277,19,9,2,8,47.4,10.5,42.1],[5,246,19,9,0,10,47.4,0,52.6],[6,7219,19,9,0,10,47.4,0,52.6],[7,7416,19,9,0,10,47.4,0,52.6],[8,243,20,9,0,11,45,0,55],[9,258,21,9,1,11,42.9,4.8,52.4],[10,1092,19,8,0,11,42.1,0,57.9],[11,7214,19,8,0,11,42.1,0,57.9],[12,287,21,8,0,13,38.1,0,61.9],[13,279,22,8,0,14,36.4,0,63.6],[14,1093,19,7,0,12,36.8,0,63.2],[15,270,19,7,0,12,36.8,0,63.2],[16,7580,19,7,0,12,36.8,0,63.2],[17,256,20,7,0,13,35,0,65],[18,290,19,6,0,13,31.6,0,68.4],[19,233,19,4,0,15,21.1,0,78.9],[20,281,19,3,1,15,15.8,5.3,78.9],[21,225,2,1,1,0,50,50,0]];
var addUp = [346,44.1,62,7.9,376,48,[100,225],[65.8,7214],[100,225],[73.7,7214],[100,225],[63.2,290,281]];
var addUpHalf = [314,40.1,14,1.8,456,58.2,[75,225],[76.3,233],[100,225],[84.2,7214],[52.6,415],[78.9,233,281]];
var lastUpdateTime = '2025-06-03 05:29:50';
