var arrLeague = [27,'瑞士超级联赛','瑞士超級聯賽','Switzerland Super League','2025-2026','#1ba578','league_match/images/20151127162550.jpg','瑞士超','瑞士超','SUI SL'];
var arrTeam = [[430,'图恩','杜安','Thun','','images/430/1gtqm5nk922e.png',0],[433,'圣加仑','聖加倫','St. Gallen','','images/433/1gtqm1pz3d2d.png',0],[436,'草蜢','草蜢','Grasshopper','','images/436/1h8asqtqsjb.png',0],[442,'年轻人','年輕人','Young Boys','','images/442/1kenbmf3s54.png',0],[444,'阿劳','阿勞','Aarau','','images/444/1ke8ngees924.png',0],[447,'塞尔维特','塞維特','Servette','','images/447/1kenbmf48xh.png',0],[449,'苏黎世','蘇黎世','FC Zurich','','images/449/1kenbmf3sj29.png',0],[451,'巴塞尔','巴素利','Basel','','images/451/1ke8cngsqdh.png',0],[1229,'卢加诺','盧加諾','Lugano','','images/1229/1ke8cngsqy18.png',0],[1237,'卢塞恩','琉森','Luzern','','images/1237/1kenbmf3sjw.png',0],[1304,'温特图尔','溫特圖爾','Winterthur','','images/1304/1ke8ngef9jn.png',0],[1323,'锡永','錫永','FC Sion','','images/1323/1kenbmf4rm26.png',0],[2601,'洛桑','洛桑體育隊','Lausanne Sports','','images/2601/1j0ytn4xd41b.png',0]];
var TotalPanLu = [[1,430,38,20,5,13,25,0,13,12,65.8,0,34.2],[2,1229,38,21,7,10,24,0,14,10,63.2,0,36.8],[3,433,38,19,5,14,23,2,13,10,60.5,5.3,34.2],[4,1323,38,16,8,14,23,2,13,10,60.5,5.3,34.2],[5,447,38,21,4,13,18,1,19,-1,47.4,2.6,50],[6,436,40,5,4,31,18,1,21,-3,45,2.5,52.5],[7,442,38,21,10,7,16,3,19,-3,42.1,7.9,50],[8,1237,38,14,8,16,16,2,20,-4,42.1,5.3,52.6],[9,449,38,10,6,22,16,1,21,-5,42.1,2.6,55.3],[10,1304,38,0,2,36,16,0,22,-6,42.1,0,57.9],[11,2601,38,21,3,14,14,0,24,-10,36.8,0,63.2],[12,444,2,1,0,1,1,0,1,0,50,0,50],[13,451,38,26,8,4,12,4,22,-10,31.6,10.5,57.9]];
var HomePanLu = [[1,430,19,16,1,2,12,0,7,5,63.2,0,36.8],[2,1229,19,16,2,1,12,0,7,5,63.2,0,36.8],[3,442,19,16,3,0,9,2,8,1,47.4,10.5,42.1],[4,1323,19,13,5,1,9,1,9,0,47.4,5.3,47.4],[5,1304,19,0,2,17,9,0,10,-1,47.4,0,52.6],[6,433,19,17,1,1,8,0,11,-3,42.1,0,57.9],[7,436,20,4,3,13,8,0,12,-4,40,0,60],[8,447,19,16,2,1,7,0,12,-5,36.8,0,63.2],[9,449,19,9,4,6,7,0,12,-5,36.8,0,63.2],[10,451,19,15,4,0,5,3,11,-6,26.3,15.8,57.9],[11,2601,19,15,2,2,5,0,14,-9,26.3,0,73.7],[12,1237,19,11,6,2,4,2,13,-9,21.1,10.5,68.4],[13,444,1,1,0,0,0,0,1,-1,0,0,100]];
var GuestPanLu = [[1,433,19,2,4,13,15,2,2,13,78.9,10.5,10.5],[2,1323,19,3,3,13,14,1,4,10,73.7,5.3,21.1],[3,430,19,4,4,11,13,0,6,7,68.4,0,31.6],[4,1229,19,5,5,9,12,0,7,5,63.2,0,36.8],[5,1237,19,3,2,14,12,0,7,5,63.2,0,36.8],[6,447,19,5,2,12,11,1,7,4,57.9,5.3,36.8],[7,444,1,0,0,1,1,0,0,1,100,0,0],[8,436,20,1,1,18,10,1,9,1,50,5,45],[9,449,19,1,2,16,9,1,9,0,47.4,5.3,47.4],[10,2601,19,6,1,12,9,0,10,-1,47.4,0,52.6],[11,451,19,11,4,4,7,1,11,-4,36.8,5.3,57.9],[12,442,19,5,7,7,7,1,11,-4,36.8,5.3,57.9],[13,1304,19,0,0,19,7,0,12,-5,36.8,0,63.2]];
var TotalHalfPanLu = [[1,436,40,3,16,21,19,6,15,4,47.5,15,37.5],[2,1323,38,8,19,11,18,6,14,4,47.4,15.8,36.8],[3,430,38,18,12,8,18,5,15,3,47.4,13.2,39.5],[4,433,38,10,20,8,17,9,12,5,44.7,23.7,31.6],[5,1229,38,17,14,7,17,7,14,3,44.7,18.4,36.8],[6,1237,38,8,17,13,16,8,14,2,42.1,21.1,36.8],[7,449,38,6,16,16,16,7,15,1,42.1,18.4,39.5],[8,1304,38,0,5,33,16,3,19,-3,42.1,7.9,50],[9,451,38,23,12,3,15,5,18,-3,39.5,13.2,47.4],[10,444,2,0,1,1,1,1,0,1,50,50,0],[11,442,38,17,19,2,13,8,17,-4,34.2,21.1,44.7],[12,447,38,17,15,6,13,5,20,-7,34.2,13.2,52.6],[13,2601,38,11,18,9,12,8,18,-6,31.6,21.1,47.4]];
var HomeHalfPanLu = [[1,1229,19,13,6,0,11,3,5,6,57.9,15.8,26.3],[2,430,19,15,3,1,9,1,9,0,47.4,5.3,47.4],[3,1323,19,8,10,1,8,3,8,0,42.1,15.8,42.1],[4,436,20,3,12,5,8,4,8,0,40,20,40],[5,449,19,6,10,3,7,4,8,-1,36.8,21.1,42.1],[6,451,19,13,6,0,7,3,9,-2,36.8,15.8,47.4],[7,442,19,15,4,0,7,3,9,-2,36.8,15.8,47.4],[8,1304,19,0,5,14,7,3,9,-2,36.8,15.8,47.4],[9,433,19,9,9,1,7,2,10,-3,36.8,10.5,52.6],[10,1237,19,6,12,1,6,6,7,-1,31.6,31.6,36.8],[11,447,19,13,5,1,6,3,10,-4,31.6,15.8,52.6],[12,2601,19,9,9,1,6,3,10,-4,31.6,15.8,52.6],[13,444,1,0,1,0,0,1,0,0,0,100,0]];
var GuestHalfPanLu = [[1,436,20,0,4,16,11,2,7,4,55,10,35],[2,433,19,1,11,7,10,7,2,8,52.6,36.8,10.5],[3,1323,19,0,9,10,10,3,6,4,52.6,15.8,31.6],[4,1237,19,2,5,12,10,2,7,3,52.6,10.5,36.8],[5,444,1,0,0,1,1,0,0,1,100,0,0],[6,430,19,3,9,7,9,4,6,3,47.4,21.1,31.6],[7,449,19,0,6,13,9,3,7,2,47.4,15.8,36.8],[8,1304,19,0,0,19,9,0,10,-1,47.4,0,52.6],[9,451,19,10,6,3,8,2,9,-1,42.1,10.5,47.4],[10,447,19,4,10,5,7,2,10,-3,36.8,10.5,52.6],[11,2601,19,2,9,8,6,5,8,-2,31.6,26.3,42.1],[12,442,19,2,15,2,6,5,8,-2,31.6,26.3,42.1],[13,1229,19,4,8,7,6,4,9,-3,31.6,21.1,47.4]];
var addUp = [95,41.3,8,3.5,127,55.2,[65.8,430],[63.2,2601],[63.2,430,1229],[100,444],[100,444],[63.2,1304],[10.5,451],[0,430,1229,1304,2601,444]];
var addUpHalf = [89,38.7,39,17,102,44.3,[50,444],[52.6,447],[57.9,1229],[52.6,433,447,2601],[100,444],[52.6,1304,447],[50,444],[7.9,1304]];
var lastUpdateTime = '2026-05-23 07:00:16';
