var arrLeague = [27,'瑞士超级联赛','瑞士超級聯賽','Switzerland Super League','2025-2026','#1ba578','league_match/images/20151127162550.jpg','瑞士超','瑞士超','SUI SL'];
var arrTeam = [[430,'图恩','杜安','Thun','','images/430/1gtqm5nk922e.png',0],[433,'圣加仑','聖加倫','St. Gallen','','images/433/1gtqm1pz3d2d.png',0],[436,'草蜢','草蜢','Grasshopper','','images/436/1h8asqtqsjb.png',0],[442,'年轻人','年輕人','Young Boys','','images/442/1kenbmf3s54.png',0],[444,'阿劳','阿勞','Aarau','','images/444/1ke8ngees924.png',0],[447,'塞尔维特','塞維特','Servette','','images/447/1kenbmf48xh.png',0],[449,'苏黎世','蘇黎世','FC Zurich','','images/449/1kenbmf3sj29.png',0],[451,'巴塞尔','巴素利','Basel','','images/451/1ke8cngsqdh.png',0],[1229,'卢加诺','盧加諾','Lugano','','images/1229/1ke8cngsqy18.png',0],[1237,'卢塞恩','琉森','Luzern','','images/1237/1kenbmf3sjw.png',0],[1304,'温特图尔','溫特圖爾','Winterthur','','images/1304/1ke8ngef9jn.png',0],[1323,'锡永','錫永','FC Sion','','images/1323/1kenbmf4rm26.png',0],[2601,'洛桑','洛桑體育隊','Lausanne Sports','','images/2601/1j0ytn4xd41b.png',0]];
var TotalBs = [[1,1237,38,21,4,13,55.3,10.5,34.2],[2,436,40,20,1,19,50,2.5,47.5],[3,447,38,19,3,16,50,7.9,42.1],[4,1304,38,19,1,18,50,2.6,47.4],[5,2601,38,18,6,14,47.4,15.8,36.8],[6,430,38,18,4,16,47.4,10.5,42.1],[7,442,38,18,2,18,47.4,5.3,47.4],[8,1323,38,17,1,20,44.7,2.6,52.6],[9,449,38,16,7,15,42.1,18.4,39.5],[10,433,38,16,5,17,42.1,13.2,44.7],[11,1229,38,15,3,20,39.5,7.9,52.6],[12,451,38,13,1,24,34.2,2.6,63.2],[13,444,2,0,0,2,0,0,100]];
var HomeBs = [[1,1237,19,12,2,5,63.2,10.5,26.3],[2,430,19,12,0,7,63.2,0,36.8],[3,436,20,11,1,8,55,5,40],[4,449,19,10,4,5,52.6,21.1,26.3],[5,1229,19,9,3,7,47.4,15.8,36.8],[6,2601,19,9,3,7,47.4,15.8,36.8],[7,447,19,9,2,8,47.4,10.5,42.1],[8,1304,19,8,1,10,42.1,5.3,52.6],[9,442,19,8,0,11,42.1,0,57.9],[10,433,19,6,3,10,31.6,15.8,52.6],[11,1323,19,6,0,13,31.6,0,68.4],[12,451,19,5,0,14,26.3,0,73.7],[13,444,1,0,0,1,0,0,100]];
var GuestBs = [[1,1323,19,11,1,7,57.9,5.3,36.8],[2,1304,19,11,0,8,57.9,0,42.1],[3,433,19,10,2,7,52.6,10.5,36.8],[4,442,19,10,2,7,52.6,10.5,36.8],[5,447,19,10,1,8,52.6,5.3,42.1],[6,2601,19,9,3,7,47.4,15.8,36.8],[7,1237,19,9,2,8,47.4,10.5,42.1],[8,436,20,9,0,11,45,0,55],[9,451,19,8,1,10,42.1,5.3,52.6],[10,430,19,6,4,9,31.6,21.1,47.4],[11,449,19,6,3,10,31.6,15.8,52.6],[12,1229,19,6,0,13,31.6,0,68.4],[13,444,1,0,0,1,0,0,100]];
var TotalBsHalf = [[1,430,38,19,1,18,50,2.6,47.4],[2,442,38,18,0,20,47.4,0,52.6],[3,1237,38,18,0,20,47.4,0,52.6],[4,449,38,17,1,20,44.7,2.6,52.6],[5,447,38,17,0,21,44.7,0,55.3],[6,433,38,17,0,21,44.7,0,55.3],[7,1304,38,16,0,22,42.1,0,57.9],[8,1323,38,15,4,19,39.5,10.5,50],[9,2601,38,15,0,23,39.5,0,60.5],[10,436,40,15,2,23,37.5,5,57.5],[11,451,38,13,0,25,34.2,0,65.8],[12,1229,38,11,0,27,28.9,0,71.1],[13,444,2,1,0,1,50,0,50]];
var HomeBsHalf = [[1,1237,19,11,0,8,57.9,0,42.1],[2,2601,19,10,0,9,52.6,0,47.4],[3,430,19,10,0,9,52.6,0,47.4],[4,449,19,9,1,9,47.4,5.3,47.4],[5,447,19,9,0,10,47.4,0,52.6],[6,433,19,9,0,10,47.4,0,52.6],[7,1323,19,8,2,9,42.1,10.5,47.4],[8,436,20,8,1,11,40,5,55],[9,1229,19,7,0,12,36.8,0,63.2],[10,442,19,6,0,13,31.6,0,68.4],[11,1304,19,5,0,14,26.3,0,73.7],[12,451,19,4,0,15,21.1,0,78.9],[13,444,1,0,0,1,0,0,100]];
var GuestBsHalf = [[1,442,19,12,0,7,63.2,0,36.8],[2,1304,19,11,0,8,57.9,0,42.1],[3,430,19,9,1,9,47.4,5.3,47.4],[4,451,19,9,0,10,47.4,0,52.6],[5,433,19,8,0,11,42.1,0,57.9],[6,447,19,8,0,11,42.1,0,57.9],[7,449,19,8,0,11,42.1,0,57.9],[8,1323,19,7,2,10,36.8,10.5,52.6],[9,436,20,7,1,12,35,5,60],[10,1237,19,7,0,12,36.8,0,63.2],[11,2601,19,5,0,14,26.3,0,73.7],[12,1229,19,4,0,15,21.1,0,78.9],[13,444,1,1,0,0,100,0,0]];
var addUp = [210,45.7,38,8.3,212,46.1,[55.3,1237],[100,444],[63.2,1237,430],[100,444],[57.9,1323,1304],[100,444]];
var addUpHalf = [192,41.7,8,1.7,260,56.5,[50,430,444],[71.1,1229],[57.9,1237],[100,444],[100,444],[78.9,1229]];
var lastUpdateTime = '2026-05-23 07:00:05';
