var arrLeague = [29,'苏格兰超级联赛','蘇格蘭超級聯賽','Scottish Premier League','2024-2025','#57A87B','league_match/images/1j5w1p9pmse.png','苏超','蘇超','SCO PR'];
var arrTeam = [[70,'凯尔特人','些路迪','Celtic FC','','images/165363471972.png',0],[71,'邓迪FC','登地','Dundee','','images/165363469577.png',0],[72,'邓迪联队','登地聯','Dundee United','','images/16536347072.png',0],[73,'阿伯丁','鴨巴甸','Aberdeen','','images/165363467632.png',0],[75,'马瑟韦尔','馬瑟韋爾','Motherwell','','images/165363477927.png',0],[76,'哈茨','赫斯','Heart of Midlothian','','images/165363483555.png',0],[77,'格拉斯哥流浪者','格拉斯哥流浪','Glasgow Rangers','','images/165363474719.png',0],[79,'希伯尼安','喜百年','Hibernian','','images/165363481924.png',0],[81,'基马诺克','基馬諾克','Kilmarnock','','images/81/1h5bjef76b13.png',0],[1366,'罗斯郡','羅斯郡','Ross County','','images/165363476324.png',0],[1463,'圣米伦','聖美倫','Saint Mirren','','images/165363479259.png',0],[1485,'圣约翰斯通','聖莊士東','Saint Johnstone','','images/165363480511.png',0]];
var TotalPanLu = [[1,70,38,38,0,0,23,3,12,11,60.5,7.9,31.6],[2,72,38,13,6,19,22,1,15,7,57.9,2.6,39.5],[3,73,38,19,7,12,20,1,17,3,52.6,2.6,44.7],[4,1463,38,12,5,21,19,2,17,2,50,5.3,44.7],[5,71,38,10,6,22,19,0,19,0,50,0,50],[6,79,38,19,7,12,18,3,17,1,47.4,7.9,44.7],[7,75,38,9,7,22,18,2,18,0,47.4,5.3,47.4],[8,1366,38,4,4,30,18,0,20,-2,47.4,0,52.6],[9,76,38,26,2,10,17,3,18,-1,44.7,7.9,47.4],[10,1485,38,2,5,31,17,1,20,-3,44.7,2.6,52.6],[11,81,38,15,5,18,15,2,21,-6,39.5,5.3,55.3],[12,77,38,34,0,4,13,0,25,-12,34.2,0,65.8]];
var HomePanLu = [[1,70,19,19,0,0,13,2,4,9,68.4,10.5,21.1],[2,73,19,13,2,4,12,1,6,6,63.2,5.3,31.6],[3,79,19,15,0,4,12,0,7,5,63.2,0,36.8],[4,75,18,8,5,5,10,2,6,4,55.6,11.1,33.3],[5,1366,19,4,3,12,10,0,9,1,52.6,0,47.4],[6,72,19,13,1,5,10,0,9,1,52.6,0,47.4],[7,1463,20,10,3,7,10,1,9,1,50,5,45],[8,81,19,11,4,4,9,2,8,1,47.4,10.5,42.1],[9,76,19,16,0,3,9,1,9,0,47.4,5.3,47.4],[10,1485,19,2,5,12,9,0,10,-1,47.4,0,52.6],[11,77,19,17,0,2,8,0,11,-3,42.1,0,57.9],[12,71,19,9,4,6,8,0,11,-3,42.1,0,57.9]];
var GuestPanLu = [[1,72,19,0,5,14,12,1,6,6,63.2,5.3,31.6],[2,71,19,1,2,16,11,0,8,3,57.9,0,42.1],[3,70,19,19,0,0,10,1,8,2,52.6,5.3,42.1],[4,1463,18,2,2,14,9,1,8,1,50,5.6,44.4],[5,76,19,10,2,7,8,2,9,-1,42.1,10.5,47.4],[6,1485,19,0,0,19,8,1,10,-2,42.1,5.3,52.6],[7,1366,19,0,1,18,8,0,11,-3,42.1,0,57.9],[8,73,19,6,5,8,8,0,11,-3,42.1,0,57.9],[9,75,20,1,2,17,8,0,12,-4,40,0,60],[10,79,19,4,7,8,6,3,10,-4,31.6,15.8,52.6],[11,81,19,4,1,14,6,0,13,-7,31.6,0,68.4],[12,77,19,17,0,2,5,0,14,-9,26.3,0,73.7]];
var TotalHalfPanLu = [[1,70,38,37,1,0,21,4,13,8,55.3,10.5,34.2],[2,71,38,6,16,16,20,2,16,4,52.6,5.3,42.1],[3,79,38,15,13,10,18,9,11,7,47.4,23.7,28.9],[4,1463,38,5,18,15,18,7,13,5,47.4,18.4,34.2],[5,1366,38,2,12,24,17,7,14,3,44.7,18.4,36.8],[6,76,38,20,11,7,17,5,16,1,44.7,13.2,42.1],[7,75,38,5,15,18,16,5,17,-1,42.1,13.2,44.7],[8,77,38,34,1,3,15,1,22,-7,39.5,2.6,57.9],[9,1485,38,0,11,27,14,4,20,-6,36.8,10.5,52.6],[10,73,38,13,16,9,13,6,19,-6,34.2,15.8,50],[11,72,38,5,19,14,12,14,12,0,31.6,36.8,31.6],[12,81,38,11,17,10,12,6,20,-8,31.6,15.8,52.6]];
var HomeHalfPanLu = [[1,70,19,19,0,0,11,4,4,7,57.9,21.1,21.1],[2,79,19,12,3,4,11,2,6,5,57.9,10.5,31.6],[3,76,19,15,1,3,11,0,8,3,57.9,0,42.1],[4,75,18,5,9,4,10,1,7,3,55.6,5.6,38.9],[5,77,19,17,1,1,10,1,8,2,52.6,5.3,42.1],[6,81,19,9,7,3,9,3,7,2,47.4,15.8,36.8],[7,71,19,6,10,3,9,1,9,0,47.4,5.3,47.4],[8,1485,19,0,11,8,7,2,10,-3,36.8,10.5,52.6],[9,1366,19,2,9,8,6,5,8,-2,31.6,26.3,42.1],[10,73,19,12,3,4,6,3,10,-4,31.6,15.8,52.6],[11,1463,20,5,11,4,6,6,8,-2,30,30,40],[12,72,19,5,10,4,5,7,7,-2,26.3,36.8,36.8]];
var GuestHalfPanLu = [[1,1463,18,0,7,11,12,1,5,7,66.7,5.6,27.8],[2,1366,19,0,3,16,11,2,6,5,57.9,10.5,31.6],[3,71,19,0,6,13,11,1,7,4,57.9,5.3,36.8],[4,70,19,18,1,0,10,0,9,1,52.6,0,47.4],[5,72,19,0,9,10,7,7,5,2,36.8,36.8,26.3],[6,79,19,3,10,6,7,7,5,2,36.8,36.8,26.3],[7,73,19,1,13,5,7,3,9,-2,36.8,15.8,47.4],[8,1485,19,0,0,19,7,2,10,-3,36.8,10.5,52.6],[9,76,19,5,10,4,6,5,8,-2,31.6,26.3,42.1],[10,75,20,0,6,14,6,4,10,-4,30,20,50],[11,77,19,17,0,2,5,0,14,-9,26.3,0,73.7],[12,81,19,2,10,7,3,3,13,-10,15.8,15.8,68.4]];
var addUp = [120,52.6,9,3.9,99,43.4,[60.5,70],[65.8,77],[68.4,70],[57.9,77,71],[63.2,72],[73.7,77],[7.9,70,79,76],[0,71,1366,77]];
var addUpHalf = [101,44.3,35,15.4,92,40.4,[55.3,70],[57.9,77],[57.9,70,79,76],[52.6,1485,73],[66.7,1463],[73.7,77],[36.8,72],[2.6,77]];
var lastUpdateTime = '2025-06-21 09:40:41';
