var arrLeague = [29,'苏格兰超级联赛','蘇格蘭超級聯賽','Scottish Premier League','2024-2025','#57A87B','league_match/images/1j5w1p9pmse.png','苏超','蘇超','SCO PR'];
var arrTeam = [[70,'凯尔特人','些路迪','Celtic FC','','images/165363471972.png',0],[71,'邓迪FC','登地','Dundee','','images/165363469577.png',0],[72,'邓迪联队','登地聯','Dundee United','','images/16536347072.png',0],[73,'阿伯丁','鴨巴甸','Aberdeen','','images/165363467632.png',0],[75,'马瑟韦尔','馬瑟韋爾','Motherwell','','images/165363477927.png',0],[76,'哈茨','赫斯','Heart of Midlothian','','images/165363483555.png',0],[77,'格拉斯哥流浪者','格拉斯哥流浪','Glasgow Rangers','','images/165363474719.png',0],[79,'希伯尼安','喜百年','Hibernian','','images/165363481924.png',0],[81,'基马诺克','基馬諾克','Kilmarnock','','images/81/1h5bjef76b13.png',0],[1366,'罗斯郡','羅斯郡','Ross County','','images/165363476324.png',0],[1463,'圣米伦','聖美倫','Saint Mirren','','images/165363479259.png',0],[1485,'圣约翰斯通','聖莊士東','Saint Johnstone','','images/165363480511.png',0]];
var TotalBs = [[1,71,38,26,0,12,68.4,0,31.6],[2,75,38,25,0,13,65.8,0,34.2],[3,1485,38,23,0,15,60.5,0,39.5],[4,1463,38,22,1,15,57.9,2.6,39.5],[5,79,38,22,0,16,57.9,0,42.1],[6,73,38,22,0,16,57.9,0,42.1],[7,70,38,20,1,17,52.6,2.6,44.7],[8,76,38,20,0,18,52.6,0,47.4],[9,1366,38,20,0,18,52.6,0,47.4],[10,77,38,19,0,19,50,0,50],[11,81,38,17,0,21,44.7,0,55.3],[12,72,38,16,0,22,42.1,0,57.9]];
var HomeBs = [[1,71,19,15,0,4,78.9,0,21.1],[2,79,19,13,0,6,68.4,0,31.6],[3,75,18,12,0,6,66.7,0,33.3],[4,73,19,12,0,7,63.2,0,36.8],[5,1463,20,12,0,8,60,0,40],[6,1485,19,11,0,8,57.9,0,42.1],[7,70,19,10,1,8,52.6,5.3,42.1],[8,76,19,10,0,9,52.6,0,47.4],[9,72,19,9,0,10,47.4,0,52.6],[10,1366,19,9,0,10,47.4,0,52.6],[11,77,19,7,0,12,36.8,0,63.2],[12,81,19,6,0,13,31.6,0,68.4]];
var GuestBs = [[1,75,20,13,0,7,65,0,35],[2,77,19,12,0,7,63.2,0,36.8],[3,1485,19,12,0,7,63.2,0,36.8],[4,81,19,11,0,8,57.9,0,42.1],[5,1366,19,11,0,8,57.9,0,42.1],[6,71,19,11,0,8,57.9,0,42.1],[7,1463,18,10,1,7,55.6,5.6,38.9],[8,70,19,10,0,9,52.6,0,47.4],[9,73,19,10,0,9,52.6,0,47.4],[10,76,19,10,0,9,52.6,0,47.4],[11,79,19,9,0,10,47.4,0,52.6],[12,72,19,7,0,12,36.8,0,63.2]];
var TotalBsHalf = [[1,70,38,21,0,17,55.3,0,44.7],[2,71,38,20,10,8,52.6,26.3,21.1],[3,79,38,19,7,12,50,18.4,31.6],[4,77,38,19,1,18,50,2.6,47.4],[5,1463,38,18,8,12,47.4,21.1,31.6],[6,75,38,15,14,9,39.5,36.8,23.7],[7,1485,38,14,15,9,36.8,39.5,23.7],[8,1366,38,13,12,13,34.2,31.6,34.2],[9,73,38,13,11,14,34.2,28.9,36.8],[10,72,38,13,6,19,34.2,15.8,50],[11,76,38,10,17,11,26.3,44.7,28.9],[12,81,38,9,15,14,23.7,39.5,36.8]];
var HomeBsHalf = [[1,70,19,12,0,7,63.2,0,36.8],[2,71,19,11,5,3,57.9,26.3,15.8],[3,79,19,11,4,4,57.9,21.1,21.1],[4,1463,20,10,1,9,50,5,45],[5,75,18,9,5,4,50,27.8,22.2],[6,73,19,9,3,7,47.4,15.8,36.8],[7,72,19,7,4,8,36.8,21.1,42.1],[8,77,19,7,0,12,36.8,0,63.2],[9,1485,19,5,9,5,26.3,47.4,26.3],[10,1366,19,5,7,7,26.3,36.8,36.8],[11,76,19,3,12,4,15.8,63.2,21.1],[12,81,19,3,8,8,15.8,42.1,42.1]];
var GuestBsHalf = [[1,77,19,12,1,6,63.2,5.3,31.6],[2,1485,19,9,6,4,47.4,31.6,21.1],[3,71,19,9,5,5,47.4,26.3,26.3],[4,70,19,9,0,10,47.4,0,52.6],[5,1463,18,8,7,3,44.4,38.9,16.7],[6,1366,19,8,5,6,42.1,26.3,31.6],[7,79,19,8,3,8,42.1,15.8,42.1],[8,76,19,7,5,7,36.8,26.3,36.8],[9,75,20,6,9,5,30,45,25],[10,81,19,6,7,6,31.6,36.8,31.6],[11,72,19,6,2,11,31.6,10.5,57.9],[12,73,19,4,8,7,21.1,42.1,36.8]];
var addUp = [252,55.3,2,0.4,202,44.3,[68.4,71],[57.9,72],[78.9,71],[68.4,81],[65,75],[63.2,72]];
var addUpHalf = [184,40.4,116,25.4,156,34.2,[55.3,70],[50,72],[63.2,70],[63.2,77],[63.2,77],[57.9,72]];
var lastUpdateTime = '2025-06-21 09:40:41';
