var arrLeague = [31,'西班牙甲组联赛','西班牙甲組聯賽','Spanish La Liga','2023-2024','#006633','league_match/images/1jry4wps4v7.png','西甲','西甲','SPA D1'];
var arrTeam = [[82,'皇家马德里','皇家馬德里','Real Madrid','','images/164871252161.png',0],[84,'巴塞罗那','巴塞隆拿','FC Barcelona','','images/164871253294.png',0],[86,'塞维利亚','西維爾','Sevilla','','images/164871255158.png',0],[91,'巴伦西亚','華倫西亞','Valencia','','images/164871269140.png',0],[92,'毕尔巴鄂竞技','畢爾包','Athletic Bilbao','','images/164871258463.png',0],[94,'奥萨苏纳','奧沙辛拿','Osasuna','','images/164871260392.png',0],[96,'皇家贝蒂斯','貝迪斯','Real Betis','','images/164871261858.png',0],[98,'赫塔菲','加泰','Getafe','','images/164871263258.png',0],[101,'马洛卡','馬略卡','Mallorca','','images/164871266038.png',0],[106,'皇家社会','皇家蘇斯達','Real Sociedad','','images/164871271877.png',0],[107,'比利亚雷亚尔','維拉利爾','Villarreal','','images/164871273527.png',0],[109,'马德里竞技','馬德里體育會','Atletico Madrid','','images/164871274624.png',0],[114,'塞尔塔','切爾達','Celta Vigo','','images/164871275971.png',0],[121,'格拉纳达','格蘭納達','Granada CF','','images/164871277443.png',0],[137,'阿拉维斯','艾拉維斯','Alaves','','images/164871280016.png',0],[141,'阿尔梅里亚','艾美利亞','Almeria','','images/141/1j3c1nh1083.png',0],[143,'加的斯','卡迪斯','Cadiz','','images/164871281668.png',0],[982,'赫罗纳','傑羅納','Girona','','images/982/1hke8brgq5m.png',0],[991,'拉斯帕尔马斯','拉斯彭馬斯','Las Palmas','','images/991/1h71m9g00a1e.png',0],[994,'巴列卡诺','華歷簡奴','Rayo Vallecano','','images/164871283245.png',0]];
var TotalBs = [[1,141,38,24,0,14,63.2,0,36.8],[2,107,38,23,2,13,60.5,5.3,34.2],[3,982,38,22,2,14,57.9,5.3,36.8],[4,114,38,21,1,16,55.3,2.6,42.1],[5,109,38,20,2,16,52.6,5.3,42.1],[6,82,38,19,2,17,50,5.3,44.7],[7,84,38,18,4,16,47.4,10.5,42.1],[8,121,38,18,2,18,47.4,5.3,47.4],[9,86,38,18,1,19,47.4,2.6,50],[10,94,38,17,4,17,44.7,10.5,44.7],[11,98,38,16,6,16,42.1,15.8,42.1],[12,91,38,16,2,20,42.1,5.3,52.6],[13,92,38,16,2,20,42.1,5.3,52.6],[14,96,38,15,2,21,39.5,5.3,55.3],[15,106,38,15,2,21,39.5,5.3,55.3],[16,101,38,14,4,20,36.8,10.5,52.6],[17,994,38,13,5,20,34.2,13.2,52.6],[18,137,38,11,4,23,28.9,10.5,60.5],[19,991,38,11,4,23,28.9,10.5,60.5],[20,143,38,11,3,24,28.9,7.9,63.2]];
var HomeBs = [[1,109,19,13,1,5,68.4,5.3,26.3],[2,141,19,13,0,6,68.4,0,31.6],[3,107,19,12,2,5,63.2,10.5,26.3],[4,982,19,12,1,6,63.2,5.3,31.6],[5,82,19,11,0,8,57.9,0,42.1],[6,92,19,11,0,8,57.9,0,42.1],[7,86,19,10,1,8,52.6,5.3,42.1],[8,121,19,9,2,8,47.4,10.5,42.1],[9,84,19,8,2,9,42.1,10.5,47.4],[10,114,19,8,0,11,42.1,0,57.9],[11,994,19,7,2,10,36.8,10.5,52.6],[12,91,19,7,0,12,36.8,0,63.2],[13,96,19,7,0,12,36.8,0,63.2],[14,98,19,6,4,9,31.6,21.1,47.4],[15,991,19,6,4,9,31.6,21.1,47.4],[16,137,19,6,3,10,31.6,15.8,52.6],[17,143,19,6,1,12,31.6,5.3,63.2],[18,94,19,6,1,12,31.6,5.3,63.2],[19,106,19,6,0,13,31.6,0,68.4],[20,101,19,5,3,11,26.3,15.8,57.9]];
var GuestBs = [[1,114,19,13,1,5,68.4,5.3,26.3],[2,94,19,11,3,5,57.9,15.8,26.3],[3,141,19,11,0,8,57.9,0,42.1],[4,107,19,11,0,8,57.9,0,42.1],[5,98,19,10,2,7,52.6,10.5,36.8],[6,84,19,10,2,7,52.6,10.5,36.8],[7,982,19,10,1,8,52.6,5.3,42.1],[8,91,19,9,2,8,47.4,10.5,42.1],[9,106,19,9,2,8,47.4,10.5,42.1],[10,101,19,9,1,9,47.4,5.3,47.4],[11,121,19,9,0,10,47.4,0,52.6],[12,82,19,8,2,9,42.1,10.5,47.4],[13,96,19,8,2,9,42.1,10.5,47.4],[14,86,19,8,0,11,42.1,0,57.9],[15,109,19,7,1,11,36.8,5.3,57.9],[16,994,19,6,3,10,31.6,15.8,52.6],[17,143,19,5,2,12,26.3,10.5,63.2],[18,92,19,5,2,12,26.3,10.5,63.2],[19,137,19,5,1,13,26.3,5.3,68.4],[20,991,19,5,0,14,26.3,0,73.7]];
var TotalBsHalf = [[1,98,38,24,4,10,63.2,10.5,26.3],[2,94,38,21,5,12,55.3,13.2,31.6],[3,121,38,20,8,10,52.6,21.1,26.3],[4,106,38,20,7,11,52.6,18.4,28.9],[5,96,38,20,7,11,52.6,18.4,28.9],[6,137,38,20,3,15,52.6,7.9,39.5],[7,141,38,19,9,10,50,23.7,26.3],[8,982,38,19,7,12,50,18.4,31.6],[9,101,38,19,2,17,50,5.3,44.7],[10,86,38,18,8,12,47.4,21.1,31.6],[11,107,38,18,7,13,47.4,18.4,34.2],[12,92,38,17,8,13,44.7,21.1,34.2],[13,109,38,16,12,10,42.1,31.6,26.3],[14,91,38,16,6,16,42.1,15.8,42.1],[15,994,38,16,4,18,42.1,10.5,47.4],[16,114,38,15,8,15,39.5,21.1,39.5],[17,143,38,15,6,17,39.5,15.8,44.7],[18,82,38,15,4,19,39.5,10.5,50],[19,991,38,13,8,17,34.2,21.1,44.7],[20,84,38,11,7,20,28.9,18.4,52.6]];
var HomeBsHalf = [[1,121,19,11,3,5,57.9,15.8,26.3],[2,137,19,11,2,6,57.9,10.5,31.6],[3,98,19,11,2,6,57.9,10.5,31.6],[4,994,19,11,2,6,57.9,10.5,31.6],[5,101,19,11,1,7,57.9,5.3,36.8],[6,982,19,11,0,8,57.9,0,42.1],[7,109,19,10,5,4,52.6,26.3,21.1],[8,94,19,10,3,6,52.6,15.8,31.6],[9,92,19,9,4,6,47.4,21.1,31.6],[10,106,19,9,4,6,47.4,21.1,31.6],[11,143,19,9,2,8,47.4,10.5,42.1],[12,91,19,9,1,9,47.4,5.3,47.4],[13,107,19,8,5,6,42.1,26.3,31.6],[14,141,19,8,5,6,42.1,26.3,31.6],[15,86,19,8,4,7,42.1,21.1,36.8],[16,114,19,7,7,5,36.8,36.8,26.3],[17,96,19,7,6,6,36.8,31.6,31.6],[18,82,19,6,2,11,31.6,10.5,57.9],[19,991,19,5,5,9,26.3,26.3,47.4],[20,84,19,5,2,12,26.3,10.5,63.2]];
var GuestBsHalf = [[1,98,19,13,2,4,68.4,10.5,21.1],[2,96,19,13,1,5,68.4,5.3,26.3],[3,141,19,11,4,4,57.9,21.1,21.1],[4,106,19,11,3,5,57.9,15.8,26.3],[5,94,19,11,2,6,57.9,10.5,31.6],[6,86,19,10,4,5,52.6,21.1,26.3],[7,107,19,10,2,7,52.6,10.5,36.8],[8,121,19,9,5,5,47.4,26.3,26.3],[9,82,19,9,2,8,47.4,10.5,42.1],[10,137,19,9,1,9,47.4,5.3,47.4],[11,982,19,8,7,4,42.1,36.8,21.1],[12,92,19,8,4,7,42.1,21.1,36.8],[13,991,19,8,3,8,42.1,15.8,42.1],[14,101,19,8,1,10,42.1,5.3,52.6],[15,114,19,8,1,10,42.1,5.3,52.6],[16,91,19,7,5,7,36.8,26.3,36.8],[17,109,19,6,7,6,31.6,36.8,31.6],[18,84,19,6,5,8,31.6,26.3,42.1],[19,143,19,6,4,9,31.6,21.1,47.4],[20,994,19,5,2,12,26.3,10.5,63.2]];
var addUp = [338,44.5,54,7.1,368,48.4,[63.2,141],[63.2,143],[68.4,109,141],[68.4,106],[68.4,114],[73.7,991]];
var addUpHalf = [352,46.3,130,17.1,278,36.6,[63.2,98],[52.6,84],[57.9,121,137,98,994,101,982],[63.2,84],[68.4,98,96],[63.2,994]];
var lastUpdateTime = '2025-05-03 10:23:15';
