var arrLeague = [16,'荷兰甲组联赛','荷蘭甲組聯賽','Holland Eredivisie','2016-2017','#FF6699','league_match/images/20210531104733.png','荷甲','荷甲','HOL D1'];
var arrTeam = [[225,'威廉二世','威廉二世','Willem II','','images/225/1gq6hnbe3q23.png',0],[233,'罗达JC','洛達','Roda JC','','images/233/1heh20g0cp16.png',0],[234,'阿尔克马尔','艾克馬亞','AZ Alkmaar','','images/165095691021.png',0],[235,'海伦芬','海倫維恩','SC Heerenveen','','images/165095697544.png',0],[236,'格罗宁根','高寧根','Groningen','','images/16509569590.png',0],[237,'乌德勒支','烏德勒支','FC Utrecht','','images/165095716992.png',0],[239,'奈梅亨','NEC尼美根','NEC Nijmegen','','images/165095704158.png',0],[246,'维迪斯','維迪斯','Vitesse Arnhem','','images/165095712094.png',0],[250,'特温特','川迪','FC Twente Enschede','','images/165095707230.png',0],[252,'费耶诺德','飛燕諾','Feyenoord','','images/165095692730.png',0],[253,'阿贾克斯','阿積士','AFC Ajax','','images/253/1gtg0nv66q2p.png',0],[254,'埃因霍温','PSV燕豪芬','PSV Eindhoven','','images/254/1gtg0nv5pw24.png',0],[256,'海牙','海牙','ADO Den Haag','','images/256/1gtg0nv6662e.png',0],[270,'SBV精英','SBV精英隊','Excelsior SBV','','images/270/1h5bja71et21.png',0],[273,'鹿特丹斯巴达','鹿特丹斯巴達','Sparta Rotterdam','','images/165095702458.png',0],[278,'赫拉克莱斯','荷華高斯','Heracles Almelo','','images/165095718777.png',0],[280,'前进之鹰','伊高斯','Go Ahead Eagles','','images/16509570569.png',0],[414,'兹沃勒','施禾尼','PEC Zwolle','','images/16509571534.png',0]];
var TotalBs = [[1,235,36,23,3,10,63.9,8.3,27.8],[2,278,34,20,2,12,58.8,5.9,35.3],[3,280,34,20,2,12,58.8,5.9,35.3],[4,234,38,20,3,15,52.6,7.9,39.5],[5,414,34,19,2,13,55.9,5.9,38.2],[6,273,34,18,1,15,52.9,2.9,44.1],[7,252,34,18,0,16,52.9,0,47.1],[8,256,34,18,0,16,52.9,0,47.1],[9,250,34,17,2,15,50,5.9,44.1],[10,270,34,17,1,16,50,2.9,47.1],[11,239,34,17,0,17,50,0,50],[12,236,36,17,1,18,47.2,2.8,50],[13,237,38,15,6,17,39.5,15.8,44.7],[14,246,34,15,2,17,44.1,5.9,50],[15,253,34,14,2,18,41.2,5.9,52.9],[16,233,34,14,0,20,41.2,0,58.8],[17,254,34,13,3,18,38.2,8.8,52.9],[18,225,34,11,0,23,32.4,0,67.6]];
var HomeBs = [[1,280,17,11,1,5,64.7,5.9,29.4],[2,252,17,11,0,6,64.7,0,35.3],[3,278,17,10,2,5,58.8,11.8,29.4],[4,250,17,10,1,6,58.8,5.9,35.3],[5,246,17,10,1,6,58.8,5.9,35.3],[6,239,17,10,0,7,58.8,0,41.2],[7,234,19,10,1,8,52.6,5.3,42.1],[8,253,17,9,1,7,52.9,5.9,41.2],[9,235,18,9,1,8,50,5.6,44.4],[10,273,17,9,0,8,52.9,0,47.1],[11,414,17,8,2,7,47.1,11.8,41.2],[12,270,17,8,0,9,47.1,0,52.9],[13,225,17,7,0,10,41.2,0,58.8],[14,236,18,7,0,11,38.9,0,61.1],[15,237,19,6,4,9,31.6,21.1,47.4],[16,254,17,6,1,10,35.3,5.9,58.8],[17,256,17,6,0,11,35.3,0,64.7],[18,233,17,6,0,11,35.3,0,64.7]];
var GuestBs = [[1,235,18,14,2,2,77.8,11.1,11.1],[2,256,17,12,0,5,70.6,0,29.4],[3,414,17,11,0,6,64.7,0,35.3],[4,278,17,10,0,7,58.8,0,41.2],[5,236,18,10,1,7,55.6,5.6,38.9],[6,234,19,10,2,7,52.6,10.5,36.8],[7,273,17,9,1,7,52.9,5.9,41.2],[8,270,17,9,1,7,52.9,5.9,41.2],[9,280,17,9,1,7,52.9,5.9,41.2],[10,237,19,9,2,8,47.4,10.5,42.1],[11,233,17,8,0,9,47.1,0,52.9],[12,254,17,7,2,8,41.2,11.8,47.1],[13,250,17,7,1,9,41.2,5.9,52.9],[14,239,17,7,0,10,41.2,0,58.8],[15,252,17,7,0,10,41.2,0,58.8],[16,246,17,5,1,11,29.4,5.9,64.7],[17,253,17,5,1,11,29.4,5.9,64.7],[18,225,17,4,0,13,23.5,0,76.5]];
var TotalBsHalf = [[1,256,34,18,3,13,52.9,8.8,38.2],[2,270,33,17,4,12,51.5,12.1,36.4],[3,252,34,16,1,17,47.1,2.9,50],[4,236,35,15,5,15,42.9,14.3,42.9],[5,250,34,15,0,19,44.1,0,55.9],[6,235,35,14,0,21,40,0,60],[7,234,37,14,1,22,37.8,2.7,59.5],[8,239,33,13,7,13,39.4,21.2,39.4],[9,414,33,13,4,16,39.4,12.1,48.5],[10,253,33,13,1,19,39.4,3,57.6],[11,237,38,13,5,20,34.2,13.2,52.6],[12,278,33,12,8,13,36.4,24.2,39.4],[13,273,33,12,6,15,36.4,18.2,45.5],[14,246,34,12,7,15,35.3,20.6,44.1],[15,280,34,11,5,18,32.4,14.7,52.9],[16,254,34,10,1,23,29.4,2.9,67.6],[17,233,33,7,10,16,21.2,30.3,48.5],[18,225,34,6,6,22,17.6,17.6,64.7]];
var HomeBsHalf = [[1,270,17,11,2,4,64.7,11.8,23.5],[2,252,17,10,1,6,58.8,5.9,35.3],[3,239,17,9,4,4,52.9,23.5,23.5],[4,253,17,9,0,8,52.9,0,47.1],[5,234,19,9,0,10,47.4,0,52.6],[6,236,18,8,3,7,44.4,16.7,38.9],[7,246,17,8,2,7,47.1,11.8,41.2],[8,256,17,7,1,9,41.2,5.9,52.9],[9,250,17,7,0,10,41.2,0,58.8],[10,414,17,7,0,10,41.2,0,58.8],[11,273,17,6,3,8,35.3,17.6,47.1],[12,280,17,5,5,7,29.4,29.4,41.2],[13,237,19,5,2,12,26.3,10.5,63.2],[14,278,17,4,5,8,23.5,29.4,47.1],[15,225,17,4,3,10,23.5,17.6,58.8],[16,254,17,4,0,13,23.5,0,76.5],[17,235,18,3,0,15,16.7,0,83.3],[18,233,17,2,6,9,11.8,35.3,52.9]];
var GuestBsHalf = [[1,256,17,11,2,4,64.7,11.8,23.5],[2,235,17,11,0,6,64.7,0,35.3],[3,278,16,8,3,5,50,18.8,31.2],[4,237,19,8,3,8,42.1,15.8,42.1],[5,250,17,8,0,9,47.1,0,52.9],[6,236,17,7,2,8,41.2,11.8,47.1],[7,414,16,6,4,6,37.5,25,37.5],[8,273,16,6,3,7,37.5,18.8,43.8],[9,270,16,6,2,8,37.5,12.5,50],[10,254,17,6,1,10,35.3,5.9,58.8],[11,280,17,6,0,11,35.3,0,64.7],[12,252,17,6,0,11,35.3,0,64.7],[13,233,16,5,4,7,31.2,25,43.8],[14,234,18,5,1,12,27.8,5.6,66.7],[15,246,17,4,5,8,23.5,29.4,47.1],[16,239,16,4,3,9,25,18.8,56.2],[17,253,16,4,1,11,25,6.2,68.8],[18,225,17,2,3,12,11.8,17.6,70.6]];
var addUp = [306,49,30,4.8,288,46.2,[63.9,235],[67.6,225],[64.7,280,252],[64.7,256,233],[77.8,235],[76.5,225]];
var addUpHalf = [231,37.6,74,12.1,309,50.3,[52.9,256],[67.6,254],[64.7,270],[83.3,235],[64.7,256,235],[70.6,225]];
var lastUpdateTime = '2025-01-19 14:53:14';
