var arrLeague = [22,'挪威超级联赛','挪威超級聯賽','Norwegian Tippeligaen','2023','#666666','league_match/images/20200420075346.jpg','挪超','挪超','NOR D1'];
var arrTeam = [[472,'博德闪耀','波杜基林特','Bodo Glimt','','images/472/1gq6j9e9em1s.png',0],[475,'斯塔贝克','史達比克','Stabaek','','images/475/1gq6j9e9y51x.png',0],[479,'奥德格伦兰','奧特格寧蘭','Odd Grenland','','images/479/1hw70bzw2q11.png',0],[485,'瓦勒伦加','華拿倫加','Valerenga','','images/485/1gxmbkap742v.png',0],[495,'维京','維京','Viking','','images/495/1gv9q9y3qv1r.png',0],[496,'汉坎','咸卡姆','Ham-Kam','','images/496/1gxmbm1ncxw.png',0],[498,'布兰','白蘭恩','Brann','','images/498/1gxmbm1ncsv.png',0],[505,'莫尔德','莫迪','Molde','','images/505/1gxmbm1nc618.png',0],[507,'罗森博格','洛辛堡','Rosenborg','','images/507/1gxmbm1ncb32.png',0],[509,'利勒斯特罗姆','利尼史特朗','Lillestrom','','images/509/1gxmbm1nc124.png',0],[514,'特罗姆瑟','特羅素','Tromso IL','','images/514/1gxmbm1ncd32.png',0],[1280,'奥勒松','阿利辛特','Aalesund FK','','images/1280/1gxmbm1ncng.png',0],[1282,'桑德菲杰','辛迪夫佐特','Sandefjord','','images/1282/1gqv25gza42a.png',0],[1285,'斯托姆加斯特','史卓加斯特','Stromsgodset','','images/1285/1gxmbm1ncn10.png',0],[2255,'萨普斯堡','薩普斯堡','Sarpsborg 08','','images/2255/1gxmbm1ncd2y.png',0],[2822,'海于格松','侯格辛特','Haugesund','','images/2822/1gxmbm1nc6q.png',0]];
var TotalPanLu = [[1,472,30,28,0,2,18,0,12,6,60,0,40],[2,1285,30,8,3,19,18,0,12,6,60,0,40],[3,514,30,10,6,14,17,7,6,11,56.7,23.3,20],[4,2822,30,6,3,21,16,5,9,7,53.3,16.7,30],[5,479,30,6,5,19,16,1,13,3,53.3,3.3,43.3],[6,495,30,18,2,10,16,1,13,3,53.3,3.3,43.3],[7,498,30,26,2,2,16,1,13,3,53.3,3.3,43.3],[8,496,30,7,0,23,15,0,15,0,50,0,50],[9,509,30,18,3,9,14,1,15,-1,46.7,3.3,50],[10,1282,30,4,5,21,13,4,13,0,43.3,13.3,43.3],[11,507,30,16,4,10,13,2,15,-2,43.3,6.7,50],[12,505,30,27,1,2,13,1,16,-3,43.3,3.3,53.3],[13,475,30,5,6,19,11,5,14,-3,36.7,16.7,46.7],[14,2255,30,16,5,9,11,2,17,-6,36.7,6.7,56.7],[15,485,30,14,5,11,9,3,18,-9,30,10,60],[16,1280,30,5,2,23,7,1,22,-15,23.3,3.3,73.3]];
var HomePanLu = [[1,479,15,6,2,7,9,0,6,3,60,0,40],[2,496,15,7,0,8,9,0,6,3,60,0,40],[3,509,15,12,1,2,9,0,6,3,60,0,40],[4,1285,15,8,1,6,9,0,6,3,60,0,40],[5,498,15,15,0,0,8,1,6,2,53.3,6.7,40],[6,472,15,15,0,0,8,0,7,1,53.3,0,46.7],[7,495,15,11,1,3,8,0,7,1,53.3,0,46.7],[8,514,15,8,4,3,7,4,4,3,46.7,26.7,26.7],[9,2822,15,6,3,6,7,3,5,2,46.7,20,33.3],[10,1282,15,4,5,6,7,3,5,2,46.7,20,33.3],[11,507,15,12,1,2,7,1,7,0,46.7,6.7,46.7],[12,2255,15,12,1,2,7,0,8,-1,46.7,0,53.3],[13,505,15,15,0,0,7,0,8,-1,46.7,0,53.3],[14,475,15,5,4,6,6,3,6,0,40,20,40],[15,1280,15,5,2,8,5,1,9,-4,33.3,6.7,60],[16,485,15,11,1,3,2,1,12,-10,13.3,6.7,80]];
var GuestPanLu = [[1,514,15,2,2,11,10,3,2,8,66.7,20,13.3],[2,472,15,13,0,2,10,0,5,5,66.7,0,33.3],[3,2822,15,0,0,15,9,2,4,5,60,13.3,26.7],[4,1285,15,0,2,13,9,0,6,3,60,0,40],[5,495,15,7,1,7,8,1,6,2,53.3,6.7,40],[6,498,15,11,2,2,8,0,7,1,53.3,0,46.7],[7,485,15,3,4,8,7,2,6,1,46.7,13.3,40],[8,479,15,0,3,12,7,1,7,0,46.7,6.7,46.7],[9,507,15,4,3,8,6,1,8,-2,40,6.7,53.3],[10,505,15,12,1,2,6,1,8,-2,40,6.7,53.3],[11,1282,15,0,0,15,6,1,8,-2,40,6.7,53.3],[12,496,15,0,0,15,6,0,9,-3,40,0,60],[13,475,15,0,2,13,5,2,8,-3,33.3,13.3,53.3],[14,509,15,6,2,7,5,1,9,-4,33.3,6.7,60],[15,2255,15,4,4,7,4,2,9,-5,26.7,13.3,60],[16,1280,15,0,0,15,2,0,13,-11,13.3,0,86.7]];
var TotalHalfPanLu = [[1,2255,30,13,8,9,17,2,11,6,56.7,6.7,36.7],[2,472,30,27,2,1,16,1,13,3,53.3,3.3,43.3],[3,2822,30,3,9,18,15,8,7,8,50,26.7,23.3],[4,1285,30,4,9,17,15,6,9,6,50,20,30],[5,505,30,25,4,1,15,0,15,0,50,0,50],[6,479,30,6,11,13,14,7,9,5,46.7,23.3,30],[7,1282,30,1,10,19,14,6,10,4,46.7,20,33.3],[8,498,30,23,5,2,14,1,15,-1,46.7,3.3,50],[9,514,30,7,14,9,13,8,9,4,43.3,26.7,30],[10,496,30,4,5,21,13,2,15,-2,43.3,6.7,50],[11,475,30,5,11,14,12,8,10,2,40,26.7,33.3],[12,1280,30,1,8,21,11,7,12,-1,36.7,23.3,40],[13,509,30,16,9,5,10,4,16,-6,33.3,13.3,53.3],[14,507,30,12,9,9,10,1,19,-9,33.3,3.3,63.3],[15,485,30,10,10,10,9,5,16,-7,30,16.7,53.3],[16,495,30,17,8,5,7,4,19,-12,23.3,13.3,63.3]];
var HomeHalfPanLu = [[1,2255,15,10,3,2,9,0,6,3,60,0,40],[2,1282,15,1,9,5,8,5,2,6,53.3,33.3,13.3],[3,472,15,15,0,0,8,0,7,1,53.3,0,46.7],[4,505,15,14,1,0,8,0,7,1,53.3,0,46.7],[5,498,15,14,1,0,8,0,7,1,53.3,0,46.7],[6,475,15,5,6,4,7,4,4,3,46.7,26.7,26.7],[7,1285,15,4,6,5,7,3,5,2,46.7,20,33.3],[8,514,15,6,7,2,7,2,6,1,46.7,13.3,40],[9,479,15,6,4,5,7,2,6,1,46.7,13.3,40],[10,496,15,4,4,7,7,1,7,0,46.7,6.7,46.7],[11,2822,15,3,7,5,6,6,3,3,40,40,20],[12,509,15,11,3,1,6,2,7,-1,40,13.3,46.7],[13,507,15,11,2,2,6,0,9,-3,40,0,60],[14,1280,15,1,7,7,4,7,4,0,26.7,46.7,26.7],[15,485,15,9,3,3,4,1,10,-6,26.7,6.7,66.7],[16,495,15,11,3,1,1,2,12,-11,6.7,13.3,80]];
var GuestHalfPanLu = [[1,2822,15,0,2,13,9,2,4,5,60,13.3,26.7],[2,1285,15,0,3,12,8,3,4,4,53.3,20,26.7],[3,2255,15,3,5,7,8,2,5,3,53.3,13.3,33.3],[4,472,15,12,2,1,8,1,6,2,53.3,6.7,40],[5,479,15,0,7,8,7,5,3,4,46.7,33.3,20],[6,1280,15,0,1,14,7,0,8,-1,46.7,0,53.3],[7,505,15,11,3,1,7,0,8,-1,46.7,0,53.3],[8,514,15,1,7,7,6,6,3,3,40,40,20],[9,495,15,6,5,4,6,2,7,-1,40,13.3,46.7],[10,496,15,0,1,14,6,1,8,-2,40,6.7,53.3],[11,1282,15,0,1,14,6,1,8,-2,40,6.7,53.3],[12,498,15,9,4,2,6,1,8,-2,40,6.7,53.3],[13,485,15,1,7,7,5,4,6,-1,33.3,26.7,40],[14,475,15,0,5,10,5,4,6,-1,33.3,26.7,40],[15,509,15,5,6,4,4,2,9,-5,26.7,13.3,60],[16,507,15,1,7,7,4,1,10,-6,26.7,6.7,66.7]];
var addUp = [115,47.9,17,7.1,108,45,[60,472,1285],[73.3,1280],[60,479,496,509,1285],[80,485],[66.7,514,472],[86.7,1280],[23.3,514],[0,472,1285,496]];
var addUpHalf = [103,42.9,35,14.6,102,42.5,[56.7,2255],[63.3,507,495],[60,2255],[80,495],[60,2822],[66.7,507],[26.7,2822,514,475],[0,505]];
var lastUpdateTime = '2025-01-18 10:41:41';
