var arrLeague = [22,'挪威超级联赛','挪威超級聯賽','Norwegian Tippeligaen','2023','#666666','league_match/images/20200420075346.jpg','挪超','挪超','NOR D1'];
var arrTeam = [[472,'博德闪耀','波杜基林特','Bodo Glimt','','images/472/1gq6j9e9em1s.png',0],[475,'斯塔贝克','史達比克','Stabaek','','images/475/1gq6j9e9y51x.png',0],[479,'奥德格伦兰','奧特格寧蘭','Odd Grenland','','images/479/1hw70bzw2q11.png',0],[485,'瓦勒伦加','華拿倫加','Valerenga','','images/485/1gxmbkap742v.png',0],[495,'维京','維京','Viking','','images/495/1gv9q9y3qv1r.png',0],[496,'汉坎','咸卡姆','Ham-Kam','','images/496/1gxmbm1ncxw.png',0],[498,'布兰','白蘭恩','Brann','','images/498/1gxmbm1ncsv.png',0],[505,'莫尔德','莫迪','Molde','','images/505/1gxmbm1nc618.png',0],[507,'罗森博格','洛辛堡','Rosenborg','','images/507/1gxmbm1ncb32.png',0],[509,'利勒斯特罗姆','利尼史特朗','Lillestrom','','images/509/1gxmbm1nc124.png',0],[514,'特罗姆瑟','特羅素','Tromso IL','','images/514/1gxmbm1ncd32.png',0],[1280,'奥勒松','阿利辛特','Aalesund FK','','images/1280/1gxmbm1ncng.png',0],[1282,'桑德菲杰','辛迪夫佐特','Sandefjord','','images/1282/1gqv25gza42a.png',0],[1285,'斯托姆加斯特','史卓加斯特','Stromsgodset','','images/1285/1gxmbm1ncn10.png',0],[2255,'萨普斯堡','薩普斯堡','Sarpsborg 08','','images/2255/1gxmbm1ncd2y.png',0],[2822,'海于格松','侯格辛特','Haugesund','','images/2822/1gxmbm1nc6q.png',0]];
var TotalBs = [[1,507,30,20,0,10,66.7,0,33.3],[2,505,30,19,1,10,63.3,3.3,33.3],[3,2255,30,18,1,11,60,3.3,36.7],[4,509,30,18,1,11,60,3.3,36.7],[5,472,30,18,1,11,60,3.3,36.7],[6,1280,30,17,2,11,56.7,6.7,36.7],[7,514,30,17,1,12,56.7,3.3,40],[8,485,30,17,1,12,56.7,3.3,40],[9,1282,30,16,2,12,53.3,6.7,40],[10,495,30,15,2,13,50,6.7,43.3],[11,496,30,15,1,14,50,3.3,46.7],[12,475,30,15,1,14,50,3.3,46.7],[13,479,30,14,2,14,46.7,6.7,46.7],[14,498,30,14,2,14,46.7,6.7,46.7],[15,2822,30,13,1,16,43.3,3.3,53.3],[16,1285,30,8,1,21,26.7,3.3,70]];
var HomeBs = [[1,2255,15,11,0,4,73.3,0,26.7],[2,509,15,11,0,4,73.3,0,26.7],[3,485,15,9,1,5,60,6.7,33.3],[4,507,15,9,0,6,60,0,40],[5,495,15,9,0,6,60,0,40],[6,514,15,9,0,6,60,0,40],[7,505,15,9,0,6,60,0,40],[8,498,15,8,2,5,53.3,13.3,33.3],[9,2822,15,8,1,6,53.3,6.7,40],[10,472,15,8,0,7,53.3,0,46.7],[11,1282,15,8,0,7,53.3,0,46.7],[12,496,15,7,1,7,46.7,6.7,46.7],[13,1280,15,6,2,7,40,13.3,46.7],[14,475,15,5,1,9,33.3,6.7,60],[15,479,15,5,1,9,33.3,6.7,60],[16,1285,15,5,1,9,33.3,6.7,60]];
var GuestBs = [[1,507,15,11,0,4,73.3,0,26.7],[2,1280,15,11,0,4,73.3,0,26.7],[3,472,15,10,1,4,66.7,6.7,26.7],[4,505,15,10,1,4,66.7,6.7,26.7],[5,475,15,10,0,5,66.7,0,33.3],[6,479,15,9,1,5,60,6.7,33.3],[7,1282,15,8,2,5,53.3,13.3,33.3],[8,514,15,8,1,6,53.3,6.7,40],[9,485,15,8,0,7,53.3,0,46.7],[10,496,15,8,0,7,53.3,0,46.7],[11,2255,15,7,1,7,46.7,6.7,46.7],[12,509,15,7,1,7,46.7,6.7,46.7],[13,495,15,6,2,7,40,13.3,46.7],[14,498,15,6,0,9,40,0,60],[15,2822,15,5,0,10,33.3,0,66.7],[16,1285,15,3,0,12,20,0,80]];
var TotalBsHalf = [[1,472,30,17,0,13,56.7,0,43.3],[2,505,30,15,1,14,50,3.3,46.7],[3,1280,30,14,4,12,46.7,13.3,40],[4,507,30,13,7,10,43.3,23.3,33.3],[5,475,30,13,3,14,43.3,10,46.7],[6,1282,30,13,2,15,43.3,6.7,50],[7,2255,30,13,2,15,43.3,6.7,50],[8,498,30,12,3,15,40,10,50],[9,485,30,12,3,15,40,10,50],[10,495,30,11,1,18,36.7,3.3,60],[11,479,30,10,5,15,33.3,16.7,50],[12,509,30,10,2,18,33.3,6.7,60],[13,496,30,9,7,14,30,23.3,46.7],[14,514,30,6,10,14,20,33.3,46.7],[15,2822,30,6,7,17,20,23.3,56.7],[16,1285,30,6,5,19,20,16.7,63.3]];
var HomeBsHalf = [[1,2255,15,8,1,6,53.3,6.7,40],[2,505,15,8,0,7,53.3,0,46.7],[3,507,15,7,5,3,46.7,33.3,20],[4,485,15,7,1,7,46.7,6.7,46.7],[5,509,15,7,0,8,46.7,0,53.3],[6,472,15,7,0,8,46.7,0,53.3],[7,495,15,6,0,9,40,0,60],[8,498,15,6,0,9,40,0,60],[9,1280,15,5,3,7,33.3,20,46.7],[10,2822,15,5,2,8,33.3,13.3,53.3],[11,1282,15,5,1,9,33.3,6.7,60],[12,1285,15,4,4,7,26.7,26.7,46.7],[13,479,15,4,3,8,26.7,20,53.3],[14,496,15,4,3,8,26.7,20,53.3],[15,475,15,4,2,9,26.7,13.3,60],[16,514,15,3,6,6,20,40,40]];
var GuestBsHalf = [[1,472,15,10,0,5,66.7,0,33.3],[2,475,15,9,1,5,60,6.7,33.3],[3,1280,15,9,1,5,60,6.7,33.3],[4,1282,15,8,1,6,53.3,6.7,40],[5,505,15,7,1,7,46.7,6.7,46.7],[6,498,15,6,3,6,40,20,40],[7,479,15,6,2,7,40,13.3,46.7],[8,507,15,6,2,7,40,13.3,46.7],[9,496,15,5,4,6,33.3,26.7,40],[10,485,15,5,2,8,33.3,13.3,53.3],[11,495,15,5,1,9,33.3,6.7,60],[12,2255,15,5,1,9,33.3,6.7,60],[13,514,15,3,4,8,20,26.7,53.3],[14,509,15,3,2,10,20,13.3,66.7],[15,1285,15,2,1,12,13.3,6.7,80],[16,2822,15,1,5,9,6.7,33.3,60]];
var addUp = [254,52.9,20,4.2,206,42.9,[66.7,507],[70,1285],[73.3,2255,509],[60,475,479,1285],[73.3,507,1280],[80,1285]];
var addUpHalf = [180,37.5,62,12.9,238,49.6,[56.7,472],[63.3,1285],[53.3,2255,505],[60,495,498,1282,475],[66.7,472],[80,1285]];
var lastUpdateTime = '2025-01-18 10:41:50';
