var arrLeague = [25,'日本职业联赛J1','日本職業聯賽J1','J1 League','2020','#009900','league_match/images/20130413112735.jpg','日职联','日職聯','JPN D1'];
var arrTeam = [[181,'名古屋鲸八','名古屋八鯨','Nagoya Grampus','','images/181/1jbn72rjkc0.png',0],[184,'大分三神','大分三神','Oita Trinita','','images/184/1hr8p7294be.png',0],[188,'浦和红钻','浦和紅鑽','Urawa Red Diamonds','','images/188/1gtzcts2pj1a.png',0],[190,'鹿岛鹿角','鹿島鹿角','Kashima Antlers','','images/190/1gtzcts261m.png',0],[193,'大阪樱花','大阪櫻花','Cerezo Osaka','','images/193/1gtzcts26h14.png',0],[196,'横滨水手','橫濱水手','Yokohama Marinos','','images/196/1gtzcts26eq.png',0],[201,'FC东京','FC東京','FC Tokyo','','images/201/1gtzcts2ptm.png',0],[203,'神户胜利船','神戶勝利船','Vissel Kobe','','images/203/1gtzcts1qh1b.png',0],[204,'清水鼓动','清水心跳','Shimizu S-Pulse','','images/204/1gtzcts2p01p.png',0],[206,'广岛三箭','廣島三箭','Hiroshima Sanfrecce','','images/206/1gtzcts1qj1h.png',0],[207,'大阪钢巴','大阪飛腳','Gamba Osaka','','images/207/1gtzd3qtya20.png',0],[209,'柏太阳神','柏雷素爾','Kashiwa Reysol','','images/209/1gtzcts3612j.png',0],[1612,'湘南海洋','湘南比馬','Shonan Bellmare','','images/1612/1gtzcts2pg27.png',0],[1989,'川崎前锋','川崎前鋒','Kawasaki Frontale','','images/1989/1gtzcts26x2r.png',0],[3164,'鸟栖沙岩','鳥栖沙岩','Sagan Tosu','','images/3164/1gtzcts2pxc.png',0],[3193,'仙台维加泰','仙台維加泰','Vegalta Sendai','','images/3193/1h53w49ppqd.png',0],[3195,'札幌冈萨多','札幌岡薩多','Consadole Sapporo','','images/3195/1gtzcts2ps14.png',0],[3415,'横滨FC','FC橫濱','Yokohama FC','','images/3415/1gtzd3qtyj1b.png',0]];
var TotalBs = [[1,196,34,22,1,11,64.7,2.9,32.4],[2,1989,34,21,1,12,61.8,2.9,35.3],[3,204,34,20,4,10,58.8,11.8,29.4],[4,203,34,20,1,13,58.8,2.9,38.2],[5,209,34,19,2,13,55.9,5.9,38.2],[6,3193,34,19,0,15,55.9,0,44.1],[7,201,34,18,0,16,52.9,0,47.1],[8,3415,34,17,2,15,50,5.9,44.1],[9,207,34,17,1,16,50,2.9,47.1],[10,190,34,17,1,16,50,2.9,47.1],[11,3195,34,16,2,16,47.1,5.9,47.1],[12,188,34,16,1,17,47.1,2.9,50],[13,193,34,15,1,18,44.1,2.9,52.9],[14,184,34,14,0,20,41.2,0,58.8],[15,3164,34,14,0,20,41.2,0,58.8],[16,206,34,14,0,20,41.2,0,58.8],[17,1612,34,12,2,20,35.3,5.9,58.8],[18,181,34,11,1,22,32.4,2.9,64.7]];
var HomeBs = [[1,204,17,12,3,2,70.6,17.6,11.8],[2,1989,17,12,1,4,70.6,5.9,23.5],[3,196,17,11,1,5,64.7,5.9,29.4],[4,209,17,10,1,6,58.8,5.9,35.3],[5,206,17,10,0,7,58.8,0,41.2],[6,3193,17,10,0,7,58.8,0,41.2],[7,203,17,10,0,7,58.8,0,41.2],[8,3415,17,9,1,7,52.9,5.9,41.2],[9,207,17,9,0,8,52.9,0,47.1],[10,201,17,9,0,8,52.9,0,47.1],[11,3195,17,7,2,8,41.2,11.8,47.1],[12,190,17,7,0,10,41.2,0,58.8],[13,181,17,7,0,10,41.2,0,58.8],[14,3164,17,7,0,10,41.2,0,58.8],[15,188,17,7,0,10,41.2,0,58.8],[16,193,17,6,0,11,35.3,0,64.7],[17,1612,17,4,1,12,23.5,5.9,70.6],[18,184,17,4,0,13,23.5,0,76.5]];
var GuestBs = [[1,196,17,11,0,6,64.7,0,35.3],[2,190,17,10,1,6,58.8,5.9,35.3],[3,203,17,10,1,6,58.8,5.9,35.3],[4,184,17,10,0,7,58.8,0,41.2],[5,209,17,9,1,7,52.9,5.9,41.2],[6,188,17,9,1,7,52.9,5.9,41.2],[7,193,17,9,1,7,52.9,5.9,41.2],[8,3193,17,9,0,8,52.9,0,47.1],[9,3195,17,9,0,8,52.9,0,47.1],[10,1989,17,9,0,8,52.9,0,47.1],[11,201,17,9,0,8,52.9,0,47.1],[12,3415,17,8,1,8,47.1,5.9,47.1],[13,207,17,8,1,8,47.1,5.9,47.1],[14,204,17,8,1,8,47.1,5.9,47.1],[15,1612,17,8,1,8,47.1,5.9,47.1],[16,3164,17,7,0,10,41.2,0,58.8],[17,181,17,4,1,12,23.5,5.9,70.6],[18,206,17,4,0,13,23.5,0,76.5]];
var TotalBsHalf = [[1,196,34,17,1,16,50,2.9,47.1],[2,207,34,15,9,10,44.1,26.5,29.4],[3,203,34,15,6,13,44.1,17.6,38.2],[4,3415,34,14,11,9,41.2,32.4,26.5],[5,204,34,14,3,17,41.2,8.8,50],[6,190,34,13,8,13,38.2,23.5,38.2],[7,184,34,11,12,11,32.4,35.3,32.4],[8,3195,34,11,10,13,32.4,29.4,38.2],[9,181,34,11,7,16,32.4,20.6,47.1],[10,209,34,11,7,16,32.4,20.6,47.1],[11,1989,34,11,4,19,32.4,11.8,55.9],[12,3193,34,10,12,12,29.4,35.3,35.3],[13,188,34,10,7,17,29.4,20.6,50],[14,1612,34,10,3,21,29.4,8.8,61.8],[15,206,34,9,13,12,26.5,38.2,35.3],[16,3164,34,9,8,17,26.5,23.5,50],[17,193,34,8,10,16,23.5,29.4,47.1],[18,201,34,7,13,14,20.6,38.2,41.2]];
var HomeBsHalf = [[1,196,17,9,1,7,52.9,5.9,41.2],[2,3415,17,8,7,2,47.1,41.2,11.8],[3,181,17,8,1,8,47.1,5.9,47.1],[4,206,17,7,7,3,41.2,41.2,17.6],[5,204,17,7,2,8,41.2,11.8,47.1],[6,209,17,7,1,9,41.2,5.9,52.9],[7,207,17,6,5,6,35.3,29.4,35.3],[8,1989,17,6,0,11,35.3,0,64.7],[9,203,17,5,6,6,29.4,35.3,35.3],[10,190,17,5,5,7,29.4,29.4,41.2],[11,3164,17,5,4,8,29.4,23.5,47.1],[12,3195,17,5,4,8,29.4,23.5,47.1],[13,193,17,5,4,8,29.4,23.5,47.1],[14,188,17,5,4,8,29.4,23.5,47.1],[15,184,17,4,7,6,23.5,41.2,35.3],[16,3193,17,4,5,8,23.5,29.4,47.1],[17,1612,17,4,2,11,23.5,11.8,64.7],[18,201,17,3,7,7,17.6,41.2,41.2]];
var GuestBsHalf = [[1,203,17,10,0,7,58.8,0,41.2],[2,207,17,9,4,4,52.9,23.5,23.5],[3,190,17,8,3,6,47.1,17.6,35.3],[4,196,17,8,0,9,47.1,0,52.9],[5,184,17,7,5,5,41.2,29.4,29.4],[6,204,17,7,1,9,41.2,5.9,52.9],[7,3193,17,6,7,4,35.3,41.2,23.5],[8,3195,17,6,6,5,35.3,35.3,29.4],[9,3415,17,6,4,7,35.3,23.5,41.2],[10,1612,17,6,1,10,35.3,5.9,58.8],[11,1989,17,5,4,8,29.4,23.5,47.1],[12,188,17,5,3,9,29.4,17.6,52.9],[13,209,17,4,6,7,23.5,35.3,41.2],[14,201,17,4,6,7,23.5,35.3,41.2],[15,3164,17,4,4,9,23.5,23.5,52.9],[16,181,17,3,6,8,17.6,35.3,47.1],[17,193,17,3,6,8,17.6,35.3,47.1],[18,206,17,2,6,9,11.8,35.3,52.9]];
var addUp = [302,49.3,20,3.3,290,47.4,[64.7,196],[64.7,181],[70.6,204,1989],[76.5,184],[64.7,196],[76.5,206]];
var addUpHalf = [206,33.7,144,23.5,262,42.8,[50,196],[61.8,1612],[52.9,196],[64.7,1989,1612],[58.8,203],[58.8,1612]];
var lastUpdateTime = '2025-01-18 17:49:04';
