var arrLeague = [16,'荷兰甲组联赛','荷蘭甲組聯賽','Holland Eredivisie','2023-2024','#FF6699','league_match/images/20210531104733.png','荷甲','荷甲','HOL D1'];
var arrTeam = [[234,'阿尔克马尔','艾克馬亞','AZ Alkmaar','','images/165095691021.png',0],[235,'海伦芬','海倫維恩','SC Heerenveen','','images/165095697544.png',0],[237,'乌德勒支','烏德勒支','FC Utrecht','','images/165095716992.png',0],[239,'奈梅亨','NEC尼美根','NEC Nijmegen','','images/165095704158.png',0],[241,'瓦尔韦克','RKC華域克','RKC Waalwijk','','images/165095708910.png',0],[246,'维迪斯','維迪斯','Vitesse Arnhem','','images/165095712094.png',0],[250,'特温特','川迪','FC Twente Enschede','','images/165095707230.png',0],[252,'费耶诺德','飛燕諾','Feyenoord','','images/165095692730.png',0],[253,'阿贾克斯','阿積士','AFC Ajax','','images/253/1gtg0nv66q2p.png',0],[254,'埃因霍温','PSV燕豪芬','PSV Eindhoven','','images/254/1gtg0nv5pw24.png',0],[270,'SBV精英','SBV精英隊','Excelsior SBV','','images/270/1h5bja71et21.png',0],[273,'鹿特丹斯巴达','鹿特丹斯巴達','Sparta Rotterdam','','images/165095702458.png',0],[274,'福图纳锡塔德','幸運薛達','Fortuna Sittard','','images/165095694366.png',0],[278,'赫拉克莱斯','荷華高斯','Heracles Almelo','','images/165095718777.png',0],[280,'前进之鹰','伊高斯','Go Ahead Eagles','','images/16509570569.png',0],[414,'兹沃勒','施禾尼','PEC Zwolle','','images/16509571534.png',0],[415,'福伦丹','華倫丹','Volendam','','images/415/1h5bja71ejk.png',0],[2596,'阿尔梅勒城','阿梅爾城','Almere City FC','','images/2596/1hj4yssc3c1a.png',0]];
var TotalBs = [[1,253,33,21,2,10,63.6,6.1,30.3],[2,270,34,21,3,10,61.8,8.8,29.4],[3,278,34,20,2,12,58.8,5.9,35.3],[4,239,34,20,2,12,58.8,5.9,35.3],[5,235,34,19,2,13,55.9,5.9,38.2],[6,234,33,18,2,13,54.5,6.1,39.4],[7,246,34,18,1,15,52.9,2.9,44.1],[8,273,35,18,1,16,51.4,2.9,45.7],[9,250,34,17,5,12,50,14.7,35.3],[10,414,34,17,4,13,50,11.8,38.2],[11,254,34,17,3,14,50,8.8,41.2],[12,415,34,17,1,16,50,2.9,47.1],[13,252,34,16,3,15,47.1,8.8,44.1],[14,274,34,16,2,16,47.1,5.9,47.1],[15,2596,34,15,0,19,44.1,0,55.9],[16,237,36,15,0,21,41.7,0,58.3],[17,280,36,13,3,20,36.1,8.3,55.6],[18,241,33,12,2,19,36.4,6.1,57.6]];
var HomeBs = [[1,235,17,11,1,5,64.7,5.9,29.4],[2,239,18,11,1,6,61.1,5.6,33.3],[3,278,17,10,1,6,58.8,5.9,35.3],[4,415,17,10,1,6,58.8,5.9,35.3],[5,270,17,10,0,7,58.8,0,41.2],[6,280,17,9,2,6,52.9,11.8,35.3],[7,273,17,9,1,7,52.9,5.9,41.2],[8,234,16,9,0,7,56.2,0,43.8],[9,2596,17,9,0,8,52.9,0,47.1],[10,250,17,8,3,6,47.1,17.6,35.3],[11,253,17,8,2,7,47.1,11.8,41.2],[12,252,17,8,2,7,47.1,11.8,41.2],[13,274,17,8,0,9,47.1,0,52.9],[14,237,19,8,0,11,42.1,0,57.9],[15,414,17,7,3,7,41.2,17.6,41.2],[16,254,17,7,2,8,41.2,11.8,47.1],[17,246,17,7,0,10,41.2,0,58.8],[18,241,16,6,0,10,37.5,0,62.5]];
var GuestBs = [[1,253,16,13,0,3,81.2,0,18.8],[2,270,17,11,3,3,64.7,17.6,17.6],[3,246,17,11,1,5,64.7,5.9,29.4],[4,254,17,10,1,6,58.8,5.9,35.3],[5,278,17,10,1,6,58.8,5.9,35.3],[6,414,17,10,1,6,58.8,5.9,35.3],[7,239,16,9,1,6,56.2,6.2,37.5],[8,234,17,9,2,6,52.9,11.8,35.3],[9,250,17,9,2,6,52.9,11.8,35.3],[10,273,18,9,0,9,50,0,50],[11,274,17,8,2,7,47.1,11.8,41.2],[12,252,17,8,1,8,47.1,5.9,47.1],[13,235,17,8,1,8,47.1,5.9,47.1],[14,237,17,7,0,10,41.2,0,58.8],[15,415,17,7,0,10,41.2,0,58.8],[16,241,17,6,2,9,35.3,11.8,52.9],[17,2596,17,6,0,11,35.3,0,64.7],[18,280,19,4,1,14,21.1,5.3,73.7]];
var TotalBsHalf = [[1,253,32,17,1,14,53.1,3.1,43.8],[2,235,34,17,2,15,50,5.9,44.1],[3,254,34,17,0,17,50,0,50],[4,252,33,16,0,17,48.5,0,51.5],[5,278,34,15,2,17,44.1,5.9,50],[6,246,34,14,3,17,41.2,8.8,50],[7,270,34,14,1,19,41.2,2.9,55.9],[8,237,36,13,3,20,36.1,8.3,55.6],[9,239,34,13,0,21,38.2,0,61.8],[10,280,36,13,2,21,36.1,5.6,58.3],[11,415,34,13,0,21,38.2,0,61.8],[12,234,33,12,3,18,36.4,9.1,54.5],[13,250,34,12,1,21,35.3,2.9,61.8],[14,2596,34,12,1,21,35.3,2.9,61.8],[15,273,35,10,6,19,28.6,17.1,54.3],[16,241,33,10,4,19,30.3,12.1,57.6],[17,274,34,7,6,21,20.6,17.6,61.8],[18,414,34,7,3,24,20.6,8.8,70.6]];
var HomeBsHalf = [[1,235,17,11,1,5,64.7,5.9,29.4],[2,278,17,9,1,7,52.9,5.9,41.2],[3,254,17,9,0,8,52.9,0,47.1],[4,252,17,9,0,8,52.9,0,47.1],[5,280,17,9,0,8,52.9,0,47.1],[6,253,16,8,0,8,50,0,50],[7,239,18,7,0,11,38.9,0,61.1],[8,234,16,6,1,9,37.5,6.2,56.2],[9,246,17,6,2,9,35.3,11.8,52.9],[10,415,17,6,0,11,35.3,0,64.7],[11,2596,17,6,0,11,35.3,0,64.7],[12,250,17,6,0,11,35.3,0,64.7],[13,237,19,6,1,12,31.6,5.3,63.2],[14,274,17,5,3,9,29.4,17.6,52.9],[15,270,17,5,1,11,29.4,5.9,64.7],[16,414,17,4,1,12,23.5,5.9,70.6],[17,273,17,2,5,10,11.8,29.4,58.8],[18,241,16,2,3,11,12.5,18.8,68.8]];
var GuestBsHalf = [[1,253,16,9,1,6,56.2,6.2,37.5],[2,270,17,9,0,8,52.9,0,47.1],[3,241,17,8,1,8,47.1,5.9,47.1],[4,246,17,8,1,8,47.1,5.9,47.1],[5,254,17,8,0,9,47.1,0,52.9],[6,273,18,8,1,9,44.4,5.6,50],[7,237,17,7,2,8,41.2,11.8,47.1],[8,252,16,7,0,9,43.8,0,56.2],[9,415,17,7,0,10,41.2,0,58.8],[10,234,17,6,2,9,35.3,11.8,52.9],[11,2596,17,6,1,10,35.3,5.9,58.8],[12,250,17,6,1,10,35.3,5.9,58.8],[13,239,16,6,0,10,37.5,0,62.5],[14,278,17,6,1,10,35.3,5.9,58.8],[15,235,17,6,1,10,35.3,5.9,58.8],[16,280,19,4,2,13,21.1,10.5,68.4],[17,414,17,3,2,12,17.6,11.8,70.6],[18,274,17,2,3,12,11.8,17.6,70.6]];
var addUp = [310,50.5,38,6.2,266,43.3,[63.6,253],[58.3,237],[64.7,235],[62.5,241],[81.2,253],[73.7,280]];
var addUpHalf = [232,37.9,38,6.2,342,55.9,[53.1,253],[70.6,414],[64.7,235],[70.6,414],[56.2,253],[70.6,414,274]];
var lastUpdateTime = '2025-01-18 10:07:11';
