var arrLeague = [27,'瑞士超级联赛','瑞士超級聯賽','Switzerland Super League','2015-2016','#1ba578','league_match/images/20151127162550.jpg','瑞士超','瑞士超','SUI SL'];
var arrTeam = [[430,'图恩','杜安','Thun','','images/430/1gtqm5nk922e.png',0],[433,'圣加仑','聖加倫','St. Gallen','','images/433/1gtqm1pz3d2d.png',0],[436,'草蜢','草蜢','Grasshopper','','images/436/1h8asqtqsjb.png',0],[442,'年青人','年青人','Young Boys','','images/442/1gxmbma5rq4.png',0],[449,'苏黎世','蘇黎世','FC Zurich','','images/449/1jh4aqszf629.png',0],[451,'巴塞尔','巴素利','Basel','','images/451/1gv1yreqw0h.png',0],[1229,'卢加诺','盧加諾','Lugano','','images/1229/1gtqm1pzk318.png',0],[1237,'卢森','琉森','Luzern','','images/1237/1h6wfe0585w.png',0],[1238,'瓦杜兹','華杜茲','Vaduz','','images/1238/1h56c4js3q1.png',0],[1323,'锡昂','錫永','FC Sion','','images/1323/1hkrdvr1r626.png',0]];
var TotalPanLu = [[1,451,36,35,0,1,23,2,11,12,63.9,5.6,30.6],[2,1238,36,2,4,30,19,3,14,5,52.8,8.3,38.9],[3,442,36,26,5,5,19,1,16,3,52.8,2.8,44.4],[4,1237,36,19,3,14,18,0,18,0,50,0,50],[5,1323,36,17,7,12,17,3,16,1,47.2,8.3,44.4],[6,436,36,20,4,12,17,1,18,-1,47.2,2.8,50],[7,1229,36,3,3,30,16,1,19,-3,44.4,2.8,52.8],[8,433,36,11,5,20,16,1,19,-3,44.4,2.8,52.8],[9,430,36,11,6,19,15,3,18,-3,41.7,8.3,50],[10,449,36,15,5,16,11,3,22,-11,30.6,8.3,61.1]];
var HomePanLu = [[1,451,18,18,0,0,12,1,5,7,66.7,5.6,27.8],[2,1323,18,14,2,2,11,0,7,4,61.1,0,38.9],[3,442,18,17,0,1,11,0,7,4,61.1,0,38.9],[4,1238,18,2,4,12,10,3,5,5,55.6,16.7,27.8],[5,1229,18,3,3,12,9,1,8,1,50,5.6,44.4],[6,436,18,15,1,2,9,0,9,0,50,0,50],[7,433,18,9,4,5,8,1,9,-1,44.4,5.6,50],[8,1237,18,14,2,2,8,0,10,-2,44.4,0,55.6],[9,430,18,10,3,5,7,1,10,-3,38.9,5.6,55.6],[10,449,18,13,2,3,5,2,11,-6,27.8,11.1,61.1]];
var GuestPanLu = [[1,451,18,17,0,1,11,1,6,5,61.1,5.6,33.3],[2,1237,18,5,1,12,10,0,8,2,55.6,0,44.4],[3,1238,18,0,0,18,9,0,9,0,50,0,50],[4,430,18,1,3,14,8,2,8,0,44.4,11.1,44.4],[5,436,18,5,3,10,8,1,9,-1,44.4,5.6,50],[6,442,18,9,5,4,8,1,9,-1,44.4,5.6,50],[7,433,18,2,1,15,8,0,10,-2,44.4,0,55.6],[8,1229,18,0,0,18,7,0,11,-4,38.9,0,61.1],[9,1323,18,3,5,10,6,3,9,-3,33.3,16.7,50],[10,449,18,2,3,13,6,1,11,-5,33.3,5.6,61.1]];
var TotalHalfPanLu = [[1,1238,36,2,10,24,19,6,11,8,52.8,16.7,30.6],[2,1229,36,2,9,25,19,5,12,7,52.8,13.9,33.3],[3,433,36,3,14,19,18,3,15,3,50,8.3,41.7],[4,436,36,11,18,7,17,5,14,3,47.2,13.9,38.9],[5,442,36,21,11,4,16,3,17,-1,44.4,8.3,47.2],[6,430,36,7,14,15,15,7,14,1,41.7,19.4,38.9],[7,451,36,29,6,1,15,1,20,-5,41.7,2.8,55.6],[8,449,36,10,17,9,14,9,13,1,38.9,25,36.1],[9,1323,36,14,14,8,13,3,20,-7,36.1,8.3,55.6],[10,1237,36,18,13,5,11,4,21,-10,30.6,11.1,58.3]];
var HomeHalfPanLu = [[1,1238,18,2,8,8,9,5,4,5,50,27.8,22.2],[2,1229,18,2,9,7,9,5,4,5,50,27.8,22.2],[3,442,18,17,1,0,9,0,9,0,50,0,50],[4,436,18,9,8,1,8,2,8,0,44.4,11.1,44.4],[5,433,18,3,11,4,8,2,8,0,44.4,11.1,44.4],[6,451,18,18,0,0,8,0,10,-2,44.4,0,55.6],[7,449,18,10,7,1,7,5,6,1,38.9,27.8,33.3],[8,430,18,6,9,3,7,3,8,-1,38.9,16.7,44.4],[9,1323,18,12,5,1,7,0,11,-4,38.9,0,61.1],[10,1237,18,13,5,0,6,1,11,-5,33.3,5.6,61.1]];
var GuestHalfPanLu = [[1,1238,18,0,2,16,10,1,7,3,55.6,5.6,38.9],[2,433,18,0,3,15,10,1,7,3,55.6,5.6,38.9],[3,1229,18,0,0,18,10,0,8,2,55.6,0,44.4],[4,436,18,2,10,6,9,3,6,3,50,16.7,33.3],[5,430,18,1,5,12,8,4,6,2,44.4,22.2,33.3],[6,449,18,0,10,8,7,4,7,0,38.9,22.2,38.9],[7,442,18,4,10,4,7,3,8,-1,38.9,16.7,44.4],[8,451,18,11,6,1,7,1,10,-3,38.9,5.6,55.6],[9,1323,18,2,9,7,6,3,9,-3,33.3,16.7,50],[10,1237,18,5,8,5,5,3,10,-5,27.8,16.7,55.6]];
var addUp = [90,50,9,5,81,45,[63.9,451],[61.1,449],[66.7,451],[61.1,449],[61.1,451],[61.1,1229,449],[8.3,1238,1323,430,449],[0,1237]];
var addUpHalf = [78,43.3,23,12.8,79,43.9,[52.8,1238,1229],[58.3,1237],[50,1238,1229,442],[61.1,1323,1237],[55.6,1238,433,1229],[55.6,451,1237],[25,449],[2.8,451]];
var lastUpdateTime = '2025-01-19 16:30:04';
