var arrLeague = [27,'瑞士超级联赛','瑞士超級聯賽','Switzerland Super League','2015-2016','#1ba578','league_match/images/20151127162550.jpg','瑞士超','瑞士超','SUI SL'];
var arrTeam = [[430,'图恩','杜安','Thun','','images/430/1gtqm5nk922e.png',0],[433,'圣加仑','聖加倫','St. Gallen','','images/433/1gtqm1pz3d2d.png',0],[436,'草蜢','草蜢','Grasshopper','','images/436/1h8asqtqsjb.png',0],[442,'年青人','年青人','Young Boys','','images/442/1gxmbma5rq4.png',0],[449,'苏黎世','蘇黎世','FC Zurich','','images/449/1jh4aqszf629.png',0],[451,'巴塞尔','巴素利','Basel','','images/451/1gv1yreqw0h.png',0],[1229,'卢加诺','盧加諾','Lugano','','images/1229/1gtqm1pzk318.png',0],[1237,'卢森','琉森','Luzern','','images/1237/1h6wfe0585w.png',0],[1238,'瓦杜兹','華杜茲','Vaduz','','images/1238/1h56c4js3q1.png',0],[1323,'锡昂','錫永','FC Sion','','images/1323/1hkrdvr1r626.png',0]];
var TotalBs = [[1,449,36,21,2,13,58.3,5.6,36.1],[2,451,36,20,4,12,55.6,11.1,33.3],[3,1229,36,19,3,14,52.8,8.3,38.9],[4,442,36,18,3,15,50,8.3,41.7],[5,436,36,17,4,15,47.2,11.1,41.7],[6,1237,36,17,4,15,47.2,11.1,41.7],[7,1323,36,17,3,16,47.2,8.3,44.4],[8,430,36,17,2,17,47.2,5.6,47.2],[9,433,36,17,1,18,47.2,2.8,50],[10,1238,36,15,2,19,41.7,5.6,52.8]];
var HomeBs = [[1,442,18,12,1,5,66.7,5.6,27.8],[2,1237,18,11,2,5,61.1,11.1,27.8],[3,449,18,10,0,8,55.6,0,44.4],[4,1229,18,10,0,8,55.6,0,44.4],[5,1323,18,9,2,7,50,11.1,38.9],[6,433,18,9,1,8,50,5.6,44.4],[7,451,18,8,3,7,44.4,16.7,38.9],[8,436,18,8,2,8,44.4,11.1,44.4],[9,430,18,6,2,10,33.3,11.1,55.6],[10,1238,18,6,1,11,33.3,5.6,61.1]];
var GuestBs = [[1,451,18,12,1,5,66.7,5.6,27.8],[2,449,18,11,2,5,61.1,11.1,27.8],[3,430,18,11,0,7,61.1,0,38.9],[4,1229,18,9,3,6,50,16.7,33.3],[5,436,18,9,2,7,50,11.1,38.9],[6,1238,18,9,1,8,50,5.6,44.4],[7,1323,18,8,1,9,44.4,5.6,50],[8,433,18,8,0,10,44.4,0,55.6],[9,1237,18,6,2,10,33.3,11.1,55.6],[10,442,18,6,2,10,33.3,11.1,55.6]];
var TotalBsHalf = [[1,436,35,18,1,16,51.4,2.9,45.7],[2,442,35,17,2,16,48.6,5.7,45.7],[3,451,36,17,2,17,47.2,5.6,47.2],[4,430,36,14,6,16,38.9,16.7,44.4],[5,433,35,14,4,17,40,11.4,48.6],[6,449,36,14,3,19,38.9,8.3,52.8],[7,1229,36,14,0,22,38.9,0,61.1],[8,1238,35,12,3,20,34.3,8.6,57.1],[9,1237,36,10,4,22,27.8,11.1,61.1],[10,1323,35,7,13,15,20,37.1,42.9]];
var HomeBsHalf = [[1,442,18,12,0,6,66.7,0,33.3],[2,1229,18,9,0,9,50,0,50],[3,430,18,8,4,6,44.4,22.2,33.3],[4,1237,18,7,1,10,38.9,5.6,55.6],[5,436,18,7,0,11,38.9,0,61.1],[6,433,18,6,3,9,33.3,16.7,50],[7,449,18,6,2,10,33.3,11.1,55.6],[8,451,18,5,1,12,27.8,5.6,66.7],[9,1238,18,5,0,13,27.8,0,72.2],[10,1323,18,4,8,6,22.2,44.4,33.3]];
var GuestBsHalf = [[1,451,18,12,1,5,66.7,5.6,27.8],[2,436,17,11,1,5,64.7,5.9,29.4],[3,433,17,8,1,8,47.1,5.9,47.1],[4,449,18,8,1,9,44.4,5.6,50],[5,1238,17,7,3,7,41.2,17.6,41.2],[6,430,18,6,2,10,33.3,11.1,55.6],[7,442,17,5,2,10,29.4,11.8,58.8],[8,1229,18,5,0,13,27.8,0,72.2],[9,1323,17,3,5,9,17.6,29.4,52.9],[10,1237,18,3,3,12,16.7,16.7,66.7]];
var addUp = [178,49.4,28,7.8,154,42.8,[58.3,449],[52.8,1238],[66.7,442],[61.1,1238],[66.7,451],[55.6,433,1237,442]];
var addUpHalf = [137,38.6,38,10.7,180,50.7,[51.4,436],[61.1,1229,1237],[66.7,442],[72.2,1238],[66.7,451],[72.2,1229]];
var lastUpdateTime = '2025-01-19 16:30:18';
