var arrLeague = [31,'西班牙甲组联赛','西班牙甲組聯賽','Spanish La Liga','2012-2013','#006633','league_match/images/1h56j6h3ep1.png','西甲','西甲','SPA D1'];
var arrTeam = [[82,'皇家马德里','皇家馬德里','Real Madrid','','images/164871252161.png',0],[84,'巴塞罗那','巴塞隆拿','FC Barcelona','','images/164871253294.png',0],[86,'塞维利亚','西維爾','Sevilla','','images/164871255158.png',0],[91,'巴伦西亚','華倫西亞','Valencia','','images/164871269140.png',0],[92,'毕尔巴鄂竞技','畢爾包','Athletic Bilbao','','images/164871258463.png',0],[93,'拉科鲁尼亚','拉科魯尼亞','Deportivo La Coruna','','images/93/1gzsyrzfkg7.png',0],[94,'奥萨苏纳','奧沙辛拿','Osasuna','','images/164871260392.png',0],[96,'皇家贝蒂斯','貝迪斯','Real Betis','','images/164871261858.png',0],[98,'赫塔菲','加泰','Getafe','','images/164871263258.png',0],[100,'西班牙人','愛斯賓奴','RCD Espanyol','','images/164871556292.png',0],[101,'马洛卡','馬略卡','Mallorca','','images/164871266038.png',0],[102,'马拉加','馬拉加','Malaga','','images/102/1h8qpskkvvk.png',0],[103,'莱万特','利雲特','Levante','','images/164871559313.png',0],[106,'皇家社会','皇家蘇斯達','Real Sociedad','','images/164871271877.png',0],[109,'马德里竞技','馬德里體育會','Atletico Madrid','','images/164871274624.png',0],[111,'萨拉戈萨','薩拉戈薩','Real Zaragoza','','images/111/1heh20pr771z.png',0],[114,'塞尔塔','切爾達','Celta Vigo','','images/164871275971.png',0],[121,'格拉纳达','格蘭納達','Granada CF','','images/164871277443.png',0],[123,'巴拉多利德','華拉度列','Real Valladolid','','images/123/1j8kb6vyqp2f.png',0],[994,'巴列卡诺','華歷簡奴','Rayo Vallecano','','images/164871283245.png',0]];
var TotalBs = [[1,84,38,24,2,12,63.2,5.3,31.6],[2,994,38,24,0,14,63.2,0,36.8],[3,86,38,23,0,15,60.5,0,39.5],[4,106,38,22,0,16,57.9,0,42.1],[5,92,38,20,1,17,52.6,2.6,44.7],[6,91,38,20,0,18,52.6,0,47.4],[7,96,38,20,0,18,52.6,0,47.4],[8,101,38,20,0,18,52.6,0,47.4],[9,102,38,20,0,18,52.6,0,47.4],[10,123,38,20,0,18,52.6,0,47.4],[11,82,38,19,4,15,50,10.5,39.5],[12,121,38,18,0,20,47.4,0,52.6],[13,111,38,18,0,20,47.4,0,52.6],[14,98,38,18,0,20,47.4,0,52.6],[15,93,38,17,0,21,44.7,0,55.3],[16,103,38,16,1,21,42.1,2.6,55.3],[17,100,38,16,0,22,42.1,0,57.9],[18,109,38,15,2,21,39.5,5.3,55.3],[19,114,38,14,0,24,36.8,0,63.2],[20,94,38,14,0,24,36.8,0,63.2]];
var HomeBs = [[1,86,19,14,0,5,73.7,0,26.3],[2,82,19,13,1,5,68.4,5.3,26.3],[3,84,19,13,0,6,68.4,0,31.6],[4,91,19,12,0,7,63.2,0,36.8],[5,994,19,12,0,7,63.2,0,36.8],[6,106,19,11,0,8,57.9,0,42.1],[7,102,19,11,0,8,57.9,0,42.1],[8,103,19,10,1,8,52.6,5.3,42.1],[9,111,19,10,0,9,52.6,0,47.4],[10,92,19,9,1,9,47.4,5.3,47.4],[11,101,19,9,0,10,47.4,0,52.6],[12,100,19,9,0,10,47.4,0,52.6],[13,123,19,9,0,10,47.4,0,52.6],[14,109,19,8,2,9,42.1,10.5,47.4],[15,96,19,8,0,11,42.1,0,57.9],[16,98,19,8,0,11,42.1,0,57.9],[17,121,19,7,0,12,36.8,0,63.2],[18,93,19,6,0,13,31.6,0,68.4],[19,114,19,6,0,13,31.6,0,68.4],[20,94,19,4,0,15,21.1,0,78.9]];
var GuestBs = [[1,96,19,12,0,7,63.2,0,36.8],[2,994,19,12,0,7,63.2,0,36.8],[3,84,19,11,2,6,57.9,10.5,31.6],[4,106,19,11,0,8,57.9,0,42.1],[5,92,19,11,0,8,57.9,0,42.1],[6,121,19,11,0,8,57.9,0,42.1],[7,93,19,11,0,8,57.9,0,42.1],[8,101,19,11,0,8,57.9,0,42.1],[9,123,19,11,0,8,57.9,0,42.1],[10,98,19,10,0,9,52.6,0,47.4],[11,94,19,10,0,9,52.6,0,47.4],[12,102,19,9,0,10,47.4,0,52.6],[13,86,19,9,0,10,47.4,0,52.6],[14,114,19,8,0,11,42.1,0,57.9],[15,111,19,8,0,11,42.1,0,57.9],[16,91,19,8,0,11,42.1,0,57.9],[17,100,19,7,0,12,36.8,0,63.2],[18,109,19,7,0,12,36.8,0,63.2],[19,82,19,6,3,10,31.6,15.8,52.6],[20,103,19,6,0,13,31.6,0,68.4]];
var TotalBsHalf = [[1,84,38,22,0,16,57.9,0,42.1],[2,82,38,20,0,18,52.6,0,47.4],[3,111,38,19,10,9,50,26.3,23.7],[4,106,37,19,5,13,51.4,13.5,35.1],[5,96,40,18,11,11,45,27.5,27.5],[6,86,38,18,6,14,47.4,15.8,36.8],[7,91,37,17,9,11,45.9,24.3,29.7],[8,93,38,17,9,12,44.7,23.7,31.6],[9,994,38,17,8,13,44.7,21.1,34.2],[10,123,37,16,9,12,43.2,24.3,32.4],[11,101,38,16,10,12,42.1,26.3,31.6],[12,100,40,15,14,11,37.5,35,27.5],[13,109,37,15,5,17,40.5,13.5,45.9],[14,92,37,14,10,13,37.8,27,35.1],[15,121,38,14,9,15,36.8,23.7,39.5],[16,102,37,14,7,16,37.8,18.9,43.2],[17,103,38,12,13,13,31.6,34.2,34.2],[18,114,38,11,10,17,28.9,26.3,44.7],[19,98,37,11,9,17,29.7,24.3,45.9],[20,94,37,9,6,22,24.3,16.2,59.5]];
var HomeBsHalf = [[1,82,19,14,0,5,73.7,0,26.3],[2,84,19,14,0,5,73.7,0,26.3],[3,91,19,11,3,5,57.9,15.8,26.3],[4,109,19,11,1,7,57.9,5.3,36.8],[5,96,19,9,5,5,47.4,26.3,26.3],[6,86,19,9,3,7,47.4,15.8,36.8],[7,994,19,9,3,7,47.4,15.8,36.8],[8,101,19,8,6,5,42.1,31.6,26.3],[9,123,19,8,6,5,42.1,31.6,26.3],[10,111,19,8,5,6,42.1,26.3,31.6],[11,121,19,8,4,7,42.1,21.1,36.8],[12,106,19,8,2,9,42.1,10.5,47.4],[13,100,19,7,8,4,36.8,42.1,21.1],[14,103,19,7,6,6,36.8,31.6,31.6],[15,102,19,5,6,8,26.3,31.6,42.1],[16,114,19,5,5,9,26.3,26.3,47.4],[17,93,19,5,5,9,26.3,26.3,47.4],[18,98,19,5,4,10,26.3,21.1,52.6],[19,92,19,4,5,10,21.1,26.3,52.6],[20,94,19,2,3,14,10.5,15.8,73.7],[21,96,1,1,0,0,100,0,0],[22,96,1,1,0,0,100,0,0],[23,100,1,0,1,0,0,100,0]];
var GuestBsHalf = [[1,93,19,12,4,3,63.2,21.1,15.8],[2,111,19,11,5,3,57.9,26.3,15.8],[3,106,18,11,3,4,61.1,16.7,22.2],[4,92,18,10,5,3,55.6,27.8,16.7],[5,86,19,9,3,7,47.4,15.8,36.8],[6,102,18,9,1,8,50,5.6,44.4],[7,994,19,8,5,6,42.1,26.3,31.6],[8,101,19,8,4,7,42.1,21.1,36.8],[9,123,18,8,3,7,44.4,16.7,38.9],[10,84,19,8,0,11,42.1,0,57.9],[11,94,18,7,3,8,38.9,16.7,44.4],[12,96,18,6,6,6,33.3,33.3,33.3],[13,91,18,6,6,6,33.3,33.3,33.3],[14,98,18,6,5,7,33.3,27.8,38.9],[15,100,18,6,5,7,33.3,27.8,38.9],[16,121,19,6,5,8,31.6,26.3,42.1],[17,114,19,6,5,8,31.6,26.3,42.1],[18,82,19,6,0,13,31.6,0,68.4],[19,103,19,5,7,7,26.3,36.8,36.8],[20,109,18,4,4,10,22.2,22.2,55.6],[21,96,1,1,0,0,100,0,0],[22,100,1,1,0,0,100,0,0],[23,100,1,1,0,0,100,0,0]];
var addUp = [378,49.7,10,1.3,372,48.9,[63.2,84,994],[63.2,114,94],[73.7,86],[78.9,94],[63.2,96,994],[68.4,103]];
var addUpHalf = [314,41.5,160,21.2,282,37.3,[57.9,84],[59.5,94],[100,96,96],[73.7,94],[100,96,100,100],[68.4,82]];
var lastUpdateTime = '2025-01-20 14:33:57';
