var arrLeague = [27,'瑞士超级联赛','瑞士超級聯賽','Switzerland Super League','2019-2020','#1ba578','league_match/images/20151127162550.jpg','瑞士超','瑞士超','SUI SL'];
var arrTeam = [[430,'图恩','杜安','Thun','','images/430/1gtqm5nk922e.png',0],[433,'圣加仑','聖加倫','St. Gallen','','images/433/1gtqm1pz3d2d.png',0],[438,'纳沙泰尔','納沙泰爾','Neuchatel Xamax','','images/438/1gq924y4xt17.png',0],[442,'年青人','年青人','Young Boys','','images/442/1gxmbma5rq4.png',0],[447,'塞尔维特','塞維特','Servette','','images/447/1gtg0nzm9kh.png',0],[449,'苏黎世','蘇黎世','FC Zurich','','images/449/1jh4aqszf629.png',0],[451,'巴塞尔','巴素利','Basel','','images/451/1gv1yreqw0h.png',0],[1229,'卢加诺','盧加諾','Lugano','','images/1229/1gtqm1pzk318.png',0],[1237,'卢森','琉森','Luzern','','images/1237/1h6wfe0585w.png',0],[1323,'锡昂','錫永','FC Sion','','images/1323/1hkrdvr1r626.png',0]];
var TotalPanLu = [[1,433,36,19,6,11,23,3,10,13,63.9,8.3,27.8],[2,1229,36,12,6,18,19,1,16,3,52.8,2.8,44.4],[3,1237,36,14,6,16,18,1,17,1,50,2.8,47.2],[4,447,36,16,6,14,17,2,17,0,47.2,5.6,47.2],[5,430,36,4,6,26,17,0,19,-2,47.2,0,52.8],[6,449,35,11,6,18,16,2,17,-1,45.7,5.7,48.6],[7,451,35,30,3,2,16,1,18,-2,45.7,2.9,51.4],[8,1323,36,10,6,20,15,4,17,-2,41.7,11.1,47.2],[9,438,36,3,5,28,14,5,17,-3,38.9,13.9,47.2],[10,442,36,34,2,0,12,5,19,-7,33.3,13.9,52.8]];
var HomePanLu = [[1,433,18,12,3,3,12,1,5,7,66.7,5.6,27.8],[2,442,18,18,0,0,10,1,7,3,55.6,5.6,38.9],[3,447,18,12,1,5,10,1,7,3,55.6,5.6,38.9],[4,430,18,3,6,9,10,0,8,2,55.6,0,44.4],[5,451,17,15,2,0,9,0,8,1,52.9,0,47.1],[6,1237,18,11,2,5,9,1,8,1,50,5.6,44.4],[7,1229,18,11,2,5,8,0,10,-2,44.4,0,55.6],[8,449,18,10,2,6,8,0,10,-2,44.4,0,55.6],[9,1323,18,9,3,6,5,3,10,-5,27.8,16.7,55.6],[10,438,18,3,5,10,4,5,9,-5,22.2,27.8,50]];
var GuestPanLu = [[1,433,18,7,3,8,11,2,5,6,61.1,11.1,27.8],[2,1229,18,1,4,13,11,1,6,5,61.1,5.6,33.3],[3,1323,18,1,3,14,10,1,7,3,55.6,5.6,38.9],[4,438,18,0,0,18,10,0,8,2,55.6,0,44.4],[5,1237,18,3,4,11,9,0,9,0,50,0,50],[6,449,17,1,4,12,8,2,7,1,47.1,11.8,41.2],[7,451,18,15,1,2,7,1,10,-3,38.9,5.6,55.6],[8,447,18,4,5,9,7,1,10,-3,38.9,5.6,55.6],[9,430,18,1,0,17,7,0,11,-4,38.9,0,61.1],[10,442,18,16,2,0,2,4,12,-10,11.1,22.2,66.7]];
var TotalHalfPanLu = [[1,433,36,16,12,8,20,3,13,7,55.6,8.3,36.1],[2,442,36,32,4,0,19,1,16,3,52.8,2.8,44.4],[3,438,36,1,13,22,18,4,14,4,50,11.1,38.9],[4,430,36,1,16,19,18,4,14,4,50,11.1,38.9],[5,449,35,7,11,17,15,6,14,1,42.9,17.1,40],[6,1323,36,4,14,18,15,7,14,1,41.7,19.4,38.9],[7,447,36,11,16,9,14,6,16,-2,38.9,16.7,44.4],[8,451,35,30,3,2,13,0,22,-9,37.1,0,62.9],[9,1229,36,10,14,12,13,6,17,-4,36.1,16.7,47.2],[10,1237,36,8,15,13,12,7,17,-5,33.3,19.4,47.2]];
var HomeHalfPanLu = [[1,442,18,18,0,0,11,0,7,4,61.1,0,38.9],[2,430,18,0,12,6,10,2,6,4,55.6,11.1,33.3],[3,451,17,15,2,0,9,0,8,1,52.9,0,47.1],[4,433,18,11,5,2,9,1,8,1,50,5.6,44.4],[5,438,18,1,11,6,8,4,6,2,44.4,22.2,33.3],[6,449,18,7,5,6,7,2,9,-2,38.9,11.1,50],[7,447,18,10,5,3,5,4,9,-4,27.8,22.2,50],[8,1323,18,4,8,6,5,4,9,-4,27.8,22.2,50],[9,1237,18,8,6,4,5,2,11,-6,27.8,11.1,61.1],[10,1229,18,9,5,4,4,3,11,-7,22.2,16.7,61.1]];
var GuestHalfPanLu = [[1,433,18,5,7,6,11,2,5,6,61.1,11.1,27.8],[2,1323,18,0,6,12,10,3,5,5,55.6,16.7,27.8],[3,438,18,0,2,16,10,0,8,2,55.6,0,44.4],[4,1229,18,1,9,8,9,3,6,3,50,16.7,33.3],[5,447,18,1,11,6,9,2,7,2,50,11.1,38.9],[6,449,17,0,6,11,8,4,5,3,47.1,23.5,29.4],[7,430,18,1,4,13,8,2,8,0,44.4,11.1,44.4],[8,442,18,14,4,0,8,1,9,-1,44.4,5.6,50],[9,1237,18,0,9,9,7,5,6,1,38.9,27.8,33.3],[10,451,18,15,1,2,4,0,14,-10,22.2,0,77.8]];
var addUp = [85,47.5,12,6.7,82,45.8,[63.9,433],[52.8,430,442],[66.7,433],[55.6,1229,449,1323],[61.1,433,1229],[66.7,442],[13.9,438,442],[0,430]];
var addUpHalf = [73,40.8,22,12.3,84,46.9,[55.6,433],[62.9,451],[61.1,442],[61.1,1237,1229],[61.1,433],[77.8,451],[19.4,1323,1237],[0,451]];
var lastUpdateTime = '2025-01-19 09:03:28';
