var arrLeague = [27,'瑞士超级联赛','瑞士超級聯賽','Switzerland Super League','2019-2020','#1ba578','league_match/images/20151127162550.jpg','瑞士超','瑞士超','SUI SL'];
var arrTeam = [[430,'图恩','杜安','Thun','','images/430/1gtqm5nk922e.png',0],[433,'圣加仑','聖加倫','St. Gallen','','images/433/1gtqm1pz3d2d.png',0],[438,'纳沙泰尔','納沙泰爾','Neuchatel Xamax','','images/438/1gq924y4xt17.png',0],[442,'年青人','年青人','Young Boys','','images/442/1gxmbma5rq4.png',0],[447,'塞尔维特','塞維特','Servette','','images/447/1gtg0nzm9kh.png',0],[449,'苏黎世','蘇黎世','FC Zurich','','images/449/1jh4aqszf629.png',0],[451,'巴塞尔','巴素利','Basel','','images/451/1gv1yreqw0h.png',0],[1229,'卢加诺','盧加諾','Lugano','','images/1229/1gtqm1pzk318.png',0],[1237,'卢森','琉森','Luzern','','images/1237/1h6wfe0585w.png',0],[1323,'锡昂','錫永','FC Sion','','images/1323/1hkrdvr1r626.png',0]];
var TotalBs = [[1,433,36,24,3,9,66.7,8.3,25],[2,449,35,22,0,13,62.9,0,37.1],[3,430,36,19,2,15,52.8,5.6,41.7],[4,442,36,18,2,16,50,5.6,44.4],[5,451,35,16,6,13,45.7,17.1,37.1],[6,1237,36,16,1,19,44.4,2.8,52.8],[7,1323,36,16,1,19,44.4,2.8,52.8],[8,438,36,15,4,17,41.7,11.1,47.2],[9,447,36,15,3,18,41.7,8.3,50],[10,1229,36,15,2,19,41.7,5.6,52.8]];
var HomeBs = [[1,433,18,14,1,3,77.8,5.6,16.7],[2,449,18,13,0,5,72.2,0,27.8],[3,1237,18,11,1,6,61.1,5.6,33.3],[4,442,18,10,1,7,55.6,5.6,38.9],[5,430,18,10,0,8,55.6,0,44.4],[6,451,17,8,3,6,47.1,17.6,35.3],[7,1323,18,8,0,10,44.4,0,55.6],[8,1229,18,6,0,12,33.3,0,66.7],[9,438,18,4,4,10,22.2,22.2,55.6],[10,447,18,4,2,12,22.2,11.1,66.7]];
var GuestBs = [[1,447,18,11,1,6,61.1,5.6,33.3],[2,438,18,11,0,7,61.1,0,38.9],[3,433,18,10,2,6,55.6,11.1,33.3],[4,430,18,9,2,7,50,11.1,38.9],[5,1229,18,9,2,7,50,11.1,38.9],[6,449,17,9,0,8,52.9,0,47.1],[7,451,18,8,3,7,44.4,16.7,38.9],[8,1323,18,8,1,9,44.4,5.6,50],[9,442,18,8,1,9,44.4,5.6,50],[10,1237,18,5,0,13,27.8,0,72.2]];
var TotalBsHalf = [[1,433,36,21,2,13,58.3,5.6,36.1],[2,447,36,20,3,13,55.6,8.3,36.1],[3,449,35,18,4,13,51.4,11.4,37.1],[4,430,36,15,0,21,41.7,0,58.3],[5,438,36,14,4,18,38.9,11.1,50],[6,1323,36,14,3,19,38.9,8.3,52.8],[7,442,36,14,1,21,38.9,2.8,58.3],[8,451,35,14,0,21,40,0,60],[9,1237,36,13,4,19,36.1,11.1,52.8],[10,1229,36,11,5,20,30.6,13.9,55.6]];
var HomeBsHalf = [[1,449,18,11,2,5,61.1,11.1,27.8],[2,433,18,11,1,6,61.1,5.6,33.3],[3,430,18,10,0,8,55.6,0,44.4],[4,1237,18,8,1,9,44.4,5.6,50],[5,442,18,8,0,10,44.4,0,55.6],[6,1323,18,6,3,9,33.3,16.7,50],[7,438,18,6,2,10,33.3,11.1,55.6],[8,1229,18,6,2,10,33.3,11.1,55.6],[9,451,17,6,0,11,35.3,0,64.7],[10,447,18,5,2,11,27.8,11.1,61.1]];
var GuestBsHalf = [[1,447,18,15,1,2,83.3,5.6,11.1],[2,433,18,10,1,7,55.6,5.6,38.9],[3,438,18,8,2,8,44.4,11.1,44.4],[4,1323,18,8,0,10,44.4,0,55.6],[5,451,18,8,0,10,44.4,0,55.6],[6,449,17,7,2,8,41.2,11.8,47.1],[7,442,18,6,1,11,33.3,5.6,61.1],[8,1229,18,5,3,10,27.8,16.7,55.6],[9,1237,18,5,3,10,27.8,16.7,55.6],[10,430,18,5,0,13,27.8,0,72.2]];
var addUp = [176,49.2,24,6.7,158,44.1,[66.7,433],[52.8,1237,1323,1229],[77.8,433],[66.7,1229,447],[61.1,447,438],[72.2,1237]];
var addUpHalf = [154,43,26,7.3,178,49.7,[58.3,433],[60,451],[61.1,449,433],[64.7,451],[83.3,447],[72.2,430]];
var lastUpdateTime = '2025-01-19 09:03:41';
