var arrLeague = [23,'葡萄牙超级联赛','葡萄牙超級聯賽','Liga Portugal 1','2014-2015','#006665','league_match/images/1j5w1nhx8v10.png','葡超','葡超','POR D1'];
var arrTeam = [[440,'塞图巴尔','塞圖巴爾','Vitoria Setubal','','images/440/1hg209ez7sa.png',0],[443,'科英布拉大学','科英布拉大學','Academica Coimbra','','images/443/1j2j8ygkkf2c.png',0],[452,'马里迪莫','馬里迪莫','Maritimo','','images/165095610183.png',0],[457,'博阿维斯塔','博維斯塔','Boavista FC','','images/165095598511.png',0],[459,'布拉加','布拉加','Sporting Braga','','images/165095600132.png',0],[463,'本菲卡','賓菲加','Benfica','','images/165095593478.png',0],[466,'里斯本竞技','士砵亭','Sporting CP','','images/165095607959.png',0],[468,'波尔图','波圖','FC Porto','','images/165095597156.png',0],[476,'里奥阿维','里奧阿維','Rio Ave','','images/476/1hdajkkb221n.png',0],[483,'佩纳菲尔','彭拿費爾','Penafiel','','images/483/1gs4bh7pg22d.png',0],[486,'埃斯托里尔','伊斯托里爾','Estoril','','images/165095590467.png',0],[919,'吉维森特','基維辛迪','Gil Vicente','','images/919/1gpyrknv73a.png',0],[924,'摩里伦斯','摩里倫斯','Moreirense','','images/165095611817.png',0],[926,'比兰尼塞斯','比蘭倫斯','Belenenses','','images/165095595094.png',0],[927,'吉马良斯','甘馬雷斯','Vitoria Guimaraes','','images/165095604742.png',0],[951,'葡萄牙国民','國民隊','Nacional da Madeira','','images/951/1gxsf273jh2z.png',0],[1006,'费雷拉','費利拿','Pacos de Ferreira','','images/165095603251.png',0],[9046,'阿罗卡','阿洛卡','FC Arouca','','images/16509559199.png',0]];
var TotalBs = [[1,463,34,19,2,13,55.9,5.9,38.2],[2,483,34,19,1,14,55.9,2.9,41.2],[3,927,34,18,0,16,52.9,0,47.1],[4,951,34,18,0,16,52.9,0,47.1],[5,486,34,17,0,17,50,0,50],[6,452,34,17,0,17,50,0,50],[7,1006,34,16,1,17,47.1,2.9,50],[8,466,34,15,1,18,44.1,2.9,52.9],[9,459,34,15,0,19,44.1,0,55.9],[10,476,34,15,0,19,44.1,0,55.9],[11,457,34,14,2,18,41.2,5.9,52.9],[12,468,34,14,0,20,41.2,0,58.8],[13,440,34,13,2,19,38.2,5.9,55.9],[14,9046,34,13,1,20,38.2,2.9,58.8],[15,919,34,13,1,20,38.2,2.9,58.8],[16,924,34,13,1,20,38.2,2.9,58.8],[17,443,34,12,3,19,35.3,8.8,55.9],[18,926,34,11,1,22,32.4,2.9,64.7]];
var HomeBs = [[1,483,17,11,1,5,64.7,5.9,29.4],[2,452,17,10,0,7,58.8,0,41.2],[3,463,17,9,2,6,52.9,11.8,35.3],[4,1006,17,9,1,7,52.9,5.9,41.2],[5,459,17,9,0,8,52.9,0,47.1],[6,468,17,8,0,9,47.1,0,52.9],[7,9046,17,8,0,9,47.1,0,52.9],[8,951,17,8,0,9,47.1,0,52.9],[9,466,17,7,1,9,41.2,5.9,52.9],[10,927,17,7,0,10,41.2,0,58.8],[11,486,17,7,0,10,41.2,0,58.8],[12,457,17,7,0,10,41.2,0,58.8],[13,440,17,7,0,10,41.2,0,58.8],[14,476,17,7,0,10,41.2,0,58.8],[15,919,17,6,1,10,35.3,5.9,58.8],[16,443,17,6,1,10,35.3,5.9,58.8],[17,924,17,5,1,11,29.4,5.9,64.7],[18,926,17,5,0,12,29.4,0,70.6]];
var GuestBs = [[1,927,17,11,0,6,64.7,0,35.3],[2,486,17,10,0,7,58.8,0,41.2],[3,951,17,10,0,7,58.8,0,41.2],[4,463,17,10,0,7,58.8,0,41.2],[5,476,17,8,0,9,47.1,0,52.9],[6,483,17,8,0,9,47.1,0,52.9],[7,466,17,8,0,9,47.1,0,52.9],[8,924,17,8,0,9,47.1,0,52.9],[9,457,17,7,2,8,41.2,11.8,47.1],[10,1006,17,7,0,10,41.2,0,58.8],[11,919,17,7,0,10,41.2,0,58.8],[12,452,17,7,0,10,41.2,0,58.8],[13,443,17,6,2,9,35.3,11.8,52.9],[14,440,17,6,2,9,35.3,11.8,52.9],[15,926,17,6,1,10,35.3,5.9,58.8],[16,459,17,6,0,11,35.3,0,64.7],[17,468,17,6,0,11,35.3,0,64.7],[18,9046,17,5,1,11,29.4,5.9,64.7]];
var TotalBsHalf = [[1,486,34,20,5,9,58.8,14.7,26.5],[2,951,34,18,5,11,52.9,14.7,32.4],[3,9046,34,18,3,13,52.9,8.8,38.2],[4,440,33,18,2,13,54.5,6.1,39.4],[5,927,33,17,5,11,51.5,15.2,33.3],[6,483,33,17,4,12,51.5,12.1,36.4],[7,924,33,17,3,13,51.5,9.1,39.4],[8,926,33,17,2,14,51.5,6.1,42.4],[9,919,34,17,2,15,50,5.9,44.1],[10,476,34,16,2,16,47.1,5.9,47.1],[11,457,33,15,5,13,45.5,15.2,39.4],[12,443,34,15,1,18,44.1,2.9,52.9],[13,463,34,14,10,10,41.2,29.4,29.4],[14,466,33,14,8,11,42.4,24.2,33.3],[15,452,33,14,8,11,42.4,24.2,33.3],[16,1006,33,14,7,12,42.4,21.2,36.4],[17,459,34,12,8,14,35.3,23.5,41.2],[18,468,34,10,9,15,29.4,26.5,44.1]];
var HomeBsHalf = [[1,9046,17,11,1,5,64.7,5.9,29.4],[2,483,17,10,2,5,58.8,11.8,29.4],[3,926,17,10,1,6,58.8,5.9,35.3],[4,440,17,10,1,6,58.8,5.9,35.3],[5,486,17,9,3,5,52.9,17.6,29.4],[6,924,17,9,2,6,52.9,11.8,35.3],[7,443,17,9,1,7,52.9,5.9,41.2],[8,466,17,8,3,6,47.1,17.6,35.3],[9,463,17,8,2,7,47.1,11.8,41.2],[10,951,17,8,2,7,47.1,11.8,41.2],[11,919,17,8,1,8,47.1,5.9,47.1],[12,476,17,8,1,8,47.1,5.9,47.1],[13,457,17,8,1,8,47.1,5.9,47.1],[14,927,17,7,3,7,41.2,17.6,41.2],[15,1006,17,6,6,5,35.3,35.3,29.4],[16,452,17,6,6,5,35.3,35.3,29.4],[17,459,17,5,5,7,29.4,29.4,41.2],[18,468,17,4,4,9,23.5,23.5,52.9]];
var GuestBsHalf = [[1,486,17,11,2,4,64.7,11.8,23.5],[2,927,16,10,2,4,62.5,12.5,25],[3,951,17,10,3,4,58.8,17.6,23.5],[4,919,17,9,1,7,52.9,5.9,41.2],[5,452,16,8,2,6,50,12.5,37.5],[6,440,16,8,1,7,50,6.2,43.8],[7,924,16,8,1,7,50,6.2,43.8],[8,1006,16,8,1,7,50,6.2,43.8],[9,476,17,8,1,8,47.1,5.9,47.1],[10,457,16,7,4,5,43.8,25,31.2],[11,459,17,7,3,7,41.2,17.6,41.2],[12,483,16,7,2,7,43.8,12.5,43.8],[13,926,16,7,1,8,43.8,6.2,50],[14,9046,17,7,2,8,41.2,11.8,47.1],[15,463,17,6,8,3,35.3,47.1,17.6],[16,466,16,6,5,5,37.5,31.2,31.2],[17,468,17,6,5,6,35.3,29.4,35.3],[18,443,17,6,0,11,35.3,0,64.7]];
var addUp = [272,44.4,16,2.6,324,52.9,[55.9,463,483],[64.7,926],[64.7,483],[70.6,926],[64.7,927],[64.7,459,468,9046]];
var addUpHalf = [283,46.9,89,14.8,231,38.3,[58.8,486],[52.9,443],[64.7,9046],[52.9,468],[64.7,486],[64.7,443]];
var lastUpdateTime = '2025-01-20 09:02:31';
