var arrLeague = [9,'德国乙组联赛','德國乙組聯賽','German Bundesliga 2','2025-2026','#CA00CA','league_match/images/20181221085736.png','德乙','德乙','GER D2'];
var arrTeam = [[90,'比勒菲尔德','比勒費爾德','Arminia Bielefeld','','images/164870990786.png',0],[95,'波鸿','波琴','VfL Bochum','','images/164870992655.png',0],[136,'纽伦堡','紐倫堡','Nurnberg','','images/1jpxzps4my2p.png',0],[139,'柏林赫塔','哈化柏林','Hertha Berlin','','images/16487114635.png',0],[149,'沃尔夫斯堡','沃爾夫斯堡','VfL Wolfsburg','','images/164871147946.png',0],[151,'沙尔克04','史浩克零四','Schalke 04','','images/1jpxzww7782b.png',0],[169,'汉诺威96','漢諾威','Hannover 96','','images/1jpxznbnvm1g.png',0],[175,'凯泽斯劳滕','凱沙羅頓','Kaiserslautern','','images/1jpxzhw9dj2g.png',0],[425,'德累斯顿','特雷斯登','Dynamo Dresden','','images/2013120100028.jpg',0],[458,'菲尔特','格雷特霍夫','Greuther Furth','','images/16487115697.png',0],[487,'卡尔斯鲁厄','卡斯魯厄','Karlsruher SC','','images/1jpxzv8kmk1g.png',0],[500,'埃森','艾遜','Rot-Weiss Essen','','images/2013120124756.jpg',0],[1076,'埃弗斯堡','艾華斯堡','SV Elversberg','','images/1jpxzt6nhh1v.png',0],[1080,'达姆施塔特','達斯泰特','Darmstadt','','images/1jpxzyrmc3e.png',0],[1086,'普鲁士明斯特','普斯辛蒙斯達','Preuben Munster','','images/1jpy006mrp18.png',0],[1116,'布伦瑞克','布倫斯維克','Eintracht Braunschweig','','images/1jpy01kgh829.png',0],[1117,'荷尔斯泰因','基爾','Holstein Kiel','','images/1jqk6a01g11r.png',0],[1344,'杜塞尔多夫','杜斯多夫','Fortuna Dusseldorf','','images/1jpxzrp1n31y.png',0],[1720,'帕德博恩','柏德博恩','SC Paderborn 07','','images/1jpxzg2bmq1d.png',0],[2760,'马格德堡','馬德堡','Magdeburg','','images/1jpxzkr46sp.png',0]];
var TotalBs = [[1,487,34,21,2,11,61.8,5.9,32.4],[2,425,34,20,4,10,58.8,11.8,29.4],[3,169,34,20,3,11,58.8,8.8,32.4],[4,1086,34,20,0,14,58.8,0,41.2],[5,175,34,19,1,14,55.9,2.9,41.2],[6,90,34,18,0,16,52.9,0,47.1],[7,1076,34,18,0,16,52.9,0,47.1],[8,1720,36,18,2,16,50,5.6,44.4],[9,1080,34,17,1,16,50,2.9,47.1],[10,1116,34,17,0,17,50,0,50],[11,458,36,16,5,15,44.4,13.9,41.7],[12,136,34,15,3,16,44.1,8.8,47.1],[13,1117,34,15,3,16,44.1,8.8,47.1],[14,1344,34,14,5,15,41.2,14.7,44.1],[15,95,34,14,2,18,41.2,5.9,52.9],[16,151,34,14,2,18,41.2,5.9,52.9],[17,2760,34,13,5,16,38.2,14.7,47.1],[18,139,34,13,2,19,38.2,5.9,55.9],[19,149,2,0,0,2,0,0,100],[20,500,2,0,0,2,0,0,100]];
var HomeBs = [[1,487,17,12,0,5,70.6,0,29.4],[2,90,17,11,0,6,64.7,0,35.3],[3,175,17,10,1,6,58.8,5.9,35.3],[4,1720,18,10,2,6,55.6,11.1,33.3],[5,1086,17,10,0,7,58.8,0,41.2],[6,425,17,9,2,6,52.9,11.8,35.3],[7,169,17,9,2,6,52.9,11.8,35.3],[8,1116,17,9,0,8,52.9,0,47.1],[9,1076,17,9,0,8,52.9,0,47.1],[10,458,18,8,2,8,44.4,11.1,44.4],[11,95,17,8,1,8,47.1,5.9,47.1],[12,136,17,8,1,8,47.1,5.9,47.1],[13,1117,17,8,0,9,47.1,0,52.9],[14,1080,17,8,0,9,47.1,0,52.9],[15,1344,17,7,4,6,41.2,23.5,35.3],[16,151,17,7,1,9,41.2,5.9,52.9],[17,2760,17,5,3,9,29.4,17.6,52.9],[18,139,17,3,1,13,17.6,5.9,76.5],[19,149,1,0,0,1,0,0,100],[20,500,1,0,0,1,0,0,100]];
var GuestBs = [[1,425,17,11,2,4,64.7,11.8,23.5],[2,169,17,11,1,5,64.7,5.9,29.4],[3,139,17,10,1,6,58.8,5.9,35.3],[4,1086,17,10,0,7,58.8,0,41.2],[5,487,17,9,2,6,52.9,11.8,35.3],[6,1080,17,9,1,7,52.9,5.9,41.2],[7,1076,17,9,0,8,52.9,0,47.1],[8,175,17,9,0,8,52.9,0,47.1],[9,458,18,8,3,7,44.4,16.7,38.9],[10,2760,17,8,2,7,47.1,11.8,41.2],[11,1116,17,8,0,9,47.1,0,52.9],[12,1720,18,8,0,10,44.4,0,55.6],[13,1117,17,7,3,7,41.2,17.6,41.2],[14,136,17,7,2,8,41.2,11.8,47.1],[15,1344,17,7,1,9,41.2,5.9,52.9],[16,151,17,7,1,9,41.2,5.9,52.9],[17,90,17,7,0,10,41.2,0,58.8],[18,95,17,6,1,10,35.3,5.9,58.8],[19,149,1,0,0,1,0,0,100],[20,500,1,0,0,1,0,0,100]];
var TotalBsHalf = [[1,425,34,17,6,11,50,17.6,32.4],[2,1080,34,16,0,18,47.1,0,52.9],[3,169,34,15,2,17,44.1,5.9,50],[4,1117,34,14,6,14,41.2,17.6,41.2],[5,151,34,13,5,16,38.2,14.7,47.1],[6,95,34,13,4,17,38.2,11.8,50],[7,136,34,13,4,17,38.2,11.8,50],[8,90,34,13,3,18,38.2,8.8,52.9],[9,487,34,13,2,19,38.2,5.9,55.9],[10,458,36,13,2,21,36.1,5.6,58.3],[11,2760,34,13,0,21,38.2,0,61.8],[12,1086,34,12,10,12,35.3,29.4,35.3],[13,1076,34,12,5,17,35.3,14.7,50],[14,1720,36,12,2,22,33.3,5.6,61.1],[15,1116,34,11,8,15,32.4,23.5,44.1],[16,175,34,11,2,21,32.4,5.9,61.8],[17,139,34,11,2,21,32.4,5.9,61.8],[18,1344,34,9,5,20,26.5,14.7,58.8],[19,149,2,1,0,1,50,0,50],[20,500,2,0,0,2,0,0,100]];
var HomeBsHalf = [[1,458,18,10,2,6,55.6,11.1,33.3],[2,425,17,9,3,5,52.9,17.6,29.4],[3,1720,18,9,1,8,50,5.6,44.4],[4,95,17,8,1,8,47.1,5.9,47.1],[5,1080,17,8,0,9,47.1,0,52.9],[6,1117,17,7,2,8,41.2,11.8,47.1],[7,487,17,7,1,9,41.2,5.9,52.9],[8,175,17,7,0,10,41.2,0,58.8],[9,169,17,6,1,10,35.3,5.9,58.8],[10,1076,17,6,1,10,35.3,5.9,58.8],[11,90,17,6,1,10,35.3,5.9,58.8],[12,2760,17,6,0,11,35.3,0,64.7],[13,1116,17,5,5,7,29.4,29.4,41.2],[14,151,17,5,3,9,29.4,17.6,52.9],[15,136,17,5,2,10,29.4,11.8,58.8],[16,1086,17,4,8,5,23.5,47.1,29.4],[17,1344,17,4,2,11,23.5,11.8,64.7],[18,139,17,4,1,12,23.5,5.9,70.6],[19,149,1,0,0,1,0,0,100],[20,500,1,0,0,1,0,0,100]];
var GuestBsHalf = [[1,169,17,9,1,7,52.9,5.9,41.2],[2,425,17,8,3,6,47.1,17.6,35.3],[3,136,17,8,2,7,47.1,11.8,41.2],[4,151,17,8,2,7,47.1,11.8,41.2],[5,1086,17,8,2,7,47.1,11.8,41.2],[6,1080,17,8,0,9,47.1,0,52.9],[7,1117,17,7,4,6,41.2,23.5,35.3],[8,90,17,7,2,8,41.2,11.8,47.1],[9,139,17,7,1,9,41.2,5.9,52.9],[10,2760,17,7,0,10,41.2,0,58.8],[11,1076,17,6,4,7,35.3,23.5,41.2],[12,1116,17,6,3,8,35.3,17.6,47.1],[13,487,17,6,1,10,35.3,5.9,58.8],[14,1344,17,5,3,9,29.4,17.6,52.9],[15,95,17,5,3,9,29.4,17.6,52.9],[16,175,17,4,2,11,23.5,11.8,64.7],[17,1720,18,3,1,14,16.7,5.6,77.8],[18,458,18,3,0,15,16.7,0,83.3],[19,149,1,1,0,0,100,0,0],[20,500,1,0,0,1,0,0,100]];
var addUp = [302,48.7,40,6.5,278,44.8,[61.8,487],[100,149,500],[70.6,487],[100,149,500],[64.7,425,169],[100,149,500]];
var addUpHalf = [232,37.4,68,11,320,51.6,[50,425,149],[100,500],[55.6,458],[100,149,500],[100,149],[100,500]];
var lastUpdateTime = '2026-05-28 07:00:03';
