var arrLeague = [34,'意大利甲组联赛','意大利甲組聯賽','Italian Serie A','2023-2024','#0088FF','league_match/images/166674813339.png','意甲','意甲','ITA D1'];
var arrTeam = [[150,'AC米兰','AC米蘭','AC Milan','','images/164868995643.png',0],[152,'国际米兰','國際米蘭','Inter Milan','','images/152/1jgj8z3paw1g.png',0],[154,'亚特兰大','阿特蘭大','Atalanta','','images/164868998143.png',0],[158,'莱切','萊切','Lecce','','images/158/1j3kr3v3jc2v.png',0],[166,'尤文图斯','祖雲達斯','Juventus','','images/166/1grmmxq1wa2k.png',0],[174,'罗马','羅馬','AS Roma','','images/164869002671.png',0],[176,'佛罗伦萨','費倫天拿','Fiorentina','','images/176/1hxqrpz41w1v.png',0],[182,'拉齐奥','拉素','Lazio','','images/164869050583.png',0],[183,'卡利亚里','卡利亞里','Cagliari','','images/164869052873.png',0],[185,'博洛尼亚','博洛尼亞','Bologna','','images/16486905420.png',0],[187,'乌迪内斯','烏甸尼斯','Udinese','','images/164869056546.png',0],[523,'恩波利','恩波里','Empoli','','images/164869059384.png',0],[552,'热那亚','熱拿亞','Genoa','','images/164869068648.png',0],[558,'都灵','拖連奴','Torino','','images/164869071877.png',0],[559,'维罗纳','維羅納','Verona','','images/164869073462.png',0],[562,'萨勒尼塔纳','沙蘭力坦拿','Salernitana','','images/164869074763.png',0],[1359,'弗洛西诺尼','費辛隆尼','Frosinone','','images/1359/1heh20t0qh1c.png',0],[1419,'那不勒斯','拿玻里','Napoli','','images/1419/1j9ah1053g16.png',0],[2667,'蒙扎','莫沙','Monza','','images/2667/1j37hkshsw2.png',0],[2960,'萨索洛','莎索羅','Sassuolo','','images/164869078921.png',0]];
var TotalBs = [[1,150,38,25,0,13,65.8,0,34.2],[2,154,38,23,2,13,60.5,5.3,34.2],[3,174,37,22,2,13,59.5,5.4,35.1],[4,562,38,22,3,13,57.9,7.9,34.2],[5,1359,38,22,1,15,57.9,2.6,39.5],[6,183,38,21,1,16,55.3,2.6,42.1],[7,176,38,20,0,18,52.6,0,47.4],[8,1419,38,19,2,17,50,5.3,44.7],[9,152,38,19,1,18,50,2.6,47.4],[10,2960,38,19,1,18,50,2.6,47.4],[11,559,38,18,1,19,47.4,2.6,50],[12,552,38,16,2,20,42.1,5.3,52.6],[13,185,38,16,1,21,42.1,2.6,55.3],[14,182,38,15,1,22,39.5,2.6,57.9],[15,166,38,15,1,22,39.5,2.6,57.9],[16,2667,38,15,0,23,39.5,0,60.5],[17,158,38,14,1,23,36.8,2.6,60.5],[18,187,37,13,2,22,35.1,5.4,59.5],[19,558,38,12,4,22,31.6,10.5,57.9],[20,523,38,12,0,26,31.6,0,68.4]];
var HomeBs = [[1,1359,19,13,1,5,68.4,5.3,26.3],[2,176,19,13,0,6,68.4,0,31.6],[3,154,19,12,1,6,63.2,5.3,31.6],[4,562,19,12,1,6,63.2,5.3,31.6],[5,183,19,12,0,7,63.2,0,36.8],[6,559,19,11,0,8,57.9,0,42.1],[7,1419,19,10,2,7,52.6,10.5,36.8],[8,174,19,10,1,8,52.6,5.3,42.1],[9,150,19,10,0,9,52.6,0,47.4],[10,2960,19,9,0,10,47.4,0,52.6],[11,187,18,8,1,9,44.4,5.6,50],[12,152,19,8,1,10,42.1,5.3,52.6],[13,552,19,8,1,10,42.1,5.3,52.6],[14,2667,19,8,0,11,42.1,0,57.9],[15,185,19,7,1,11,36.8,5.3,57.9],[16,158,19,7,0,12,36.8,0,63.2],[17,523,19,6,0,13,31.6,0,68.4],[18,558,19,5,3,11,26.3,15.8,57.9],[19,182,19,5,0,14,26.3,0,73.7],[20,166,19,5,0,14,26.3,0,73.7]];
var GuestBs = [[1,150,19,15,0,4,78.9,0,21.1],[2,174,18,12,1,5,66.7,5.6,27.8],[3,154,19,11,1,7,57.9,5.3,36.8],[4,152,19,11,0,8,57.9,0,42.1],[5,562,19,10,2,7,52.6,10.5,36.8],[6,2960,19,10,1,8,52.6,5.3,42.1],[7,182,19,10,1,8,52.6,5.3,42.1],[8,166,19,10,1,8,52.6,5.3,42.1],[9,183,19,9,1,9,47.4,5.3,47.4],[10,185,19,9,0,10,47.4,0,52.6],[11,1359,19,9,0,10,47.4,0,52.6],[12,1419,19,9,0,10,47.4,0,52.6],[13,552,19,8,1,10,42.1,5.3,52.6],[14,559,19,7,1,11,36.8,5.3,57.9],[15,558,19,7,1,11,36.8,5.3,57.9],[16,158,19,7,1,11,36.8,5.3,57.9],[17,2667,19,7,0,12,36.8,0,63.2],[18,176,19,7,0,12,36.8,0,63.2],[19,523,19,6,0,13,31.6,0,68.4],[20,187,19,5,1,13,26.3,5.3,68.4]];
var TotalBsHalf = [[1,150,38,21,6,11,55.3,15.8,28.9],[2,185,38,19,8,11,50,21.1,28.9],[3,154,38,18,9,11,47.4,23.7,28.9],[4,562,38,18,8,12,47.4,21.1,31.6],[5,552,38,17,9,12,44.7,23.7,31.6],[6,174,37,17,8,12,45.9,21.6,32.4],[7,1359,38,15,10,13,39.5,26.3,34.2],[8,187,37,15,8,14,40.5,21.6,37.8],[9,2960,38,15,7,16,39.5,18.4,42.1],[10,176,38,14,15,9,36.8,39.5,23.7],[11,183,38,14,9,15,36.8,23.7,39.5],[12,2667,38,13,12,13,34.2,31.6,34.2],[13,559,38,13,11,14,34.2,28.9,36.8],[14,158,38,13,9,16,34.2,23.7,42.1],[15,166,38,12,11,15,31.6,28.9,39.5],[16,152,38,12,11,15,31.6,28.9,39.5],[17,182,38,12,11,15,31.6,28.9,39.5],[18,1419,38,12,8,18,31.6,21.1,47.4],[19,558,38,11,3,24,28.9,7.9,63.2],[20,523,38,7,13,18,18.4,34.2,47.4]];
var HomeBsHalf = [[1,552,19,10,6,3,52.6,31.6,15.8],[2,174,19,10,4,5,52.6,21.1,26.3],[3,183,19,10,4,5,52.6,21.1,26.3],[4,176,19,9,5,5,47.4,26.3,26.3],[5,2960,19,9,4,6,47.4,21.1,31.6],[6,187,18,9,3,6,50,16.7,33.3],[7,154,19,9,3,7,47.4,15.8,36.8],[8,1359,19,8,6,5,42.1,31.6,26.3],[9,185,19,8,6,5,42.1,31.6,26.3],[10,1419,19,8,1,10,42.1,5.3,52.6],[11,559,19,7,6,6,36.8,31.6,31.6],[12,150,19,7,5,7,36.8,26.3,36.8],[13,158,19,6,6,7,31.6,31.6,36.8],[14,562,19,6,5,8,31.6,26.3,42.1],[15,523,19,6,5,8,31.6,26.3,42.1],[16,152,19,6,3,10,31.6,15.8,52.6],[17,2667,19,5,10,4,26.3,52.6,21.1],[18,166,19,5,4,10,26.3,21.1,52.6],[19,182,19,4,4,11,21.1,21.1,57.9],[20,558,19,2,3,14,10.5,15.8,73.7]];
var GuestBsHalf = [[1,150,19,14,1,4,73.7,5.3,21.1],[2,562,19,12,3,4,63.2,15.8,21.1],[3,185,19,11,2,6,57.9,10.5,31.6],[4,154,19,9,6,4,47.4,31.6,21.1],[5,558,19,9,0,10,47.4,0,52.6],[6,182,19,8,7,4,42.1,36.8,21.1],[7,2667,19,8,2,9,42.1,10.5,47.4],[8,166,19,7,7,5,36.8,36.8,26.3],[9,174,18,7,4,7,38.9,22.2,38.9],[10,1359,19,7,4,8,36.8,21.1,42.1],[11,552,19,7,3,9,36.8,15.8,47.4],[12,158,19,7,3,9,36.8,15.8,47.4],[13,152,19,6,8,5,31.6,42.1,26.3],[14,187,19,6,5,8,31.6,26.3,42.1],[15,559,19,6,5,8,31.6,26.3,42.1],[16,2960,19,6,3,10,31.6,15.8,52.6],[17,176,19,5,10,4,26.3,52.6,21.1],[18,1419,19,4,7,8,21.1,36.8,42.1],[19,183,19,4,5,10,21.1,26.3,52.6],[20,523,19,1,8,10,5.3,42.1,52.6]];
var addUp = [358,47.2,26,3.4,374,49.3,[65.8,150],[68.4,523],[68.4,1359,176],[73.7,182,166],[78.9,150],[68.4,523,187]];
var addUpHalf = [288,38,186,24.5,284,37.5,[55.3,150],[63.2,558],[52.6,552,174,183],[73.7,558],[73.7,150],[52.6,558,2960,183,523]];
var lastUpdateTime = '2025-02-11 14:07:19';
