var arrLeague = [36,'英格兰超级联赛','英格蘭超級聯賽','English Premier League','2014-2015','#FF3333','league_match/images/164577482086.png','英超','英超','ENG PR'];
var arrTeam = [[18,'西布罗姆维奇','西布朗','West Bromwich(WBA)','','images/164869092720.png',0],[19,'阿森纳','阿仙奴','Arsenal','','images/164577419697.png',0],[20,'阿斯顿维拉','阿士東維拉','Aston Villa','','images/1hzrbdqcqe1x.png',0],[24,'切尔西','車路士','Chelsea','','images/164577409120.png',0],[25,'利物浦','利物浦','Liverpool','','images/1j6np822z82a.png',0],[26,'曼彻斯特城','曼城','Manchester City','','images/164577478031.png',0],[27,'曼彻斯特联','曼聯','Manchester United','','images/164577479190.png',0],[28,'纽卡斯尔联','紐卡素','Newcastle United','','images/164577474623.png',0],[30,'南安普敦','修咸頓','Southampton','','images/164577463784.png',0],[31,'埃弗顿','愛華頓','Everton','','images/164577449385.png',0],[33,'托特纳姆热刺','熱刺','Tottenham Hotspur','','images/1jdbdk17e62x.png',0],[35,'水晶宫','水晶宮','Crystal Palace','','images/164577426766.png',0],[46,'伯恩利','般尼','Burnley','','images/1h99zdamy01a.png',0],[50,'女王公园巡游者','昆士柏流浪','Queens Park Rangers (QPR)','','images/164869102143.png',0],[58,'斯托克城','史篤城','Stoke City','','images/58/1j2fnq1y362w.png',0],[59,'莱斯特城','李斯特城','Leicester City','','images/164577432827.png',0],[62,'西汉姆联','韋斯咸','West Ham United','','images/164577453830.png',0],[65,'桑德兰','新特蘭','Sunderland A.F.C','','images/165900273323.png',0],[384,'赫尔城','侯城','Hull City','','images/164869127959.png',0],[1194,'斯旺西','史雲斯','Swansea City','','images/16590027546.png',0]];
var TotalBs = [[1,33,38,27,0,11,71.1,0,28.9],[2,50,38,22,2,14,57.9,5.3,36.8],[3,19,38,21,3,14,55.3,7.9,36.8],[4,27,38,20,1,17,52.6,2.6,44.7],[5,26,38,19,3,16,50,7.9,42.1],[6,25,38,19,1,18,50,2.6,47.4],[7,35,38,19,1,18,50,2.6,47.4],[8,28,38,19,0,19,50,0,50],[9,31,38,18,0,20,47.4,0,52.6],[10,62,38,18,0,20,47.4,0,52.6],[11,58,38,17,0,21,44.7,0,55.3],[12,59,38,16,1,21,42.1,2.6,55.3],[13,20,38,16,1,21,42.1,2.6,55.3],[14,24,38,16,1,21,42.1,2.6,55.3],[15,18,38,15,2,21,39.5,5.3,55.3],[16,1194,38,15,1,22,39.5,2.6,57.9],[17,30,38,14,0,24,36.8,0,63.2],[18,384,38,13,2,23,34.2,5.3,60.5],[19,46,38,13,1,24,34.2,2.6,63.2],[20,65,38,13,0,25,34.2,0,65.8]];
var HomeBs = [[1,27,19,12,1,6,63.2,5.3,31.6],[2,33,19,12,0,7,63.2,0,36.8],[3,19,19,10,3,6,52.6,15.8,31.6],[4,25,19,10,1,8,52.6,5.3,42.1],[5,58,19,10,0,9,52.6,0,47.4],[6,35,19,10,0,9,52.6,0,47.4],[7,18,19,10,0,9,52.6,0,47.4],[8,20,19,9,0,10,47.4,0,52.6],[9,50,19,9,0,10,47.4,0,52.6],[10,31,19,9,0,10,47.4,0,52.6],[11,28,19,9,0,10,47.4,0,52.6],[12,59,19,9,0,10,47.4,0,52.6],[13,30,19,8,0,11,42.1,0,57.9],[14,62,19,8,0,11,42.1,0,57.9],[15,1194,19,8,0,11,42.1,0,57.9],[16,26,19,7,3,9,36.8,15.8,47.4],[17,384,19,7,1,11,36.8,5.3,57.9],[18,65,19,7,0,12,36.8,0,63.2],[19,46,19,6,0,13,31.6,0,68.4],[20,24,19,5,1,13,26.3,5.3,68.4]];
var GuestBs = [[1,33,19,15,0,4,78.9,0,21.1],[2,50,19,13,2,4,68.4,10.5,21.1],[3,26,19,12,0,7,63.2,0,36.8],[4,19,19,11,0,8,57.9,0,42.1],[5,24,19,11,0,8,57.9,0,42.1],[6,28,19,10,0,9,52.6,0,47.4],[7,62,19,10,0,9,52.6,0,47.4],[8,35,19,9,1,9,47.4,5.3,47.4],[9,31,19,9,0,10,47.4,0,52.6],[10,25,19,9,0,10,47.4,0,52.6],[11,27,19,8,0,11,42.1,0,57.9],[12,1194,19,7,1,11,36.8,5.3,57.9],[13,46,19,7,1,11,36.8,5.3,57.9],[14,59,19,7,1,11,36.8,5.3,57.9],[15,20,19,7,1,11,36.8,5.3,57.9],[16,58,19,7,0,12,36.8,0,63.2],[17,384,19,6,1,12,31.6,5.3,63.2],[18,65,19,6,0,13,31.6,0,68.4],[19,30,19,6,0,13,31.6,0,68.4],[20,18,19,5,2,12,26.3,10.5,63.2]];
var TotalBsHalf = [[1,58,38,22,6,10,57.9,15.8,26.3],[2,18,37,19,3,15,51.4,8.1,40.5],[3,59,38,18,5,15,47.4,13.2,39.5],[4,65,36,18,3,15,50,8.3,41.7],[5,50,37,18,4,15,48.6,10.8,40.5],[6,28,38,17,10,11,44.7,26.3,28.9],[7,35,38,17,7,14,44.7,18.4,36.8],[8,33,37,16,11,10,43.2,29.7,27],[9,27,37,16,7,14,43.2,18.9,37.8],[10,384,38,16,5,17,42.1,13.2,44.7],[11,26,38,16,2,20,42.1,5.3,52.6],[12,24,38,15,10,13,39.5,26.3,34.2],[13,30,37,15,8,14,40.5,21.6,37.8],[14,19,38,15,8,15,39.5,21.1,39.5],[15,20,38,14,12,12,36.8,31.6,31.6],[16,1194,37,14,11,12,37.8,29.7,32.4],[17,31,38,14,11,13,36.8,28.9,34.2],[18,46,37,14,7,16,37.8,18.9,43.2],[19,62,37,12,10,15,32.4,27,40.5],[20,25,37,12,8,17,32.4,21.6,45.9]];
var HomeBsHalf = [[1,58,19,12,3,4,63.2,15.8,21.1],[2,384,19,11,4,4,57.9,21.1,21.1],[3,65,19,11,2,6,57.9,10.5,31.6],[4,18,19,10,3,6,52.6,15.8,31.6],[5,27,19,10,3,6,52.6,15.8,31.6],[6,59,19,10,3,6,52.6,15.8,31.6],[7,35,19,9,5,5,47.4,26.3,26.3],[8,1194,19,8,6,5,42.1,31.6,26.3],[9,33,19,8,5,6,42.1,26.3,31.6],[10,24,19,8,4,7,42.1,21.1,36.8],[11,28,19,8,2,9,42.1,10.5,47.4],[12,20,19,7,7,5,36.8,36.8,26.3],[13,50,19,7,3,9,36.8,15.8,47.4],[14,26,19,7,0,12,36.8,0,63.2],[15,31,19,6,6,7,31.6,31.6,36.8],[16,30,19,6,5,8,31.6,26.3,42.1],[17,25,19,6,4,9,31.6,21.1,47.4],[18,46,19,6,2,11,31.6,10.5,57.9],[19,19,19,6,2,11,31.6,10.5,57.9],[20,62,19,5,6,8,26.3,31.6,42.1]];
var GuestBsHalf = [[1,50,18,11,1,6,61.1,5.6,33.3],[2,58,19,10,3,6,52.6,15.8,31.6],[3,28,19,9,8,2,47.4,42.1,10.5],[4,19,19,9,6,4,47.4,31.6,21.1],[5,30,18,9,3,6,50,16.7,33.3],[6,26,19,9,2,8,47.4,10.5,42.1],[7,18,18,9,0,9,50,0,50],[8,33,18,8,6,4,44.4,33.3,22.2],[9,46,18,8,5,5,44.4,27.8,27.8],[10,31,19,8,5,6,42.1,26.3,31.6],[11,35,19,8,2,9,42.1,10.5,47.4],[12,59,19,8,2,9,42.1,10.5,47.4],[13,24,19,7,6,6,36.8,31.6,31.6],[14,20,19,7,5,7,36.8,26.3,36.8],[15,62,18,7,4,7,38.9,22.2,38.9],[16,65,17,7,1,9,41.2,5.9,52.9],[17,1194,18,6,5,7,33.3,27.8,38.9],[18,27,18,6,4,8,33.3,22.2,44.4],[19,25,18,6,4,8,33.3,22.2,44.4],[20,384,19,5,1,13,26.3,5.3,68.4]];
var addUp = [350,46.1,20,2.6,390,51.3,[71.1,33],[65.8,65],[63.2,27,33],[68.4,46,24],[78.9,33],[68.4,65,30]];
var addUpHalf = [318,42.5,148,19.8,283,37.8,[57.9,58],[52.6,26],[63.2,58],[63.2,26],[61.1,50],[68.4,384]];
var lastUpdateTime = '2025-01-20 09:02:31';
