var arrLeague = [5,'比利时甲组联赛','比利時甲組聯賽','Belgian Pro League','2017-2018','#FC9B0A','league_match/images/1j5w1nybsp9.png','比甲','比甲','BEL D1'];
var arrTeam = [[122,'沙勒罗瓦','查內爾','Charleroi','','images/122/1j3veftrymp.png',0],[130,'标准列日','標準列治','Standard Liege','','images/130/1j3veftre2e.png',0],[140,'根特','真特','KAA Gent','','images/140/1gv1yqjs390.png',0],[145,'洛克伦','洛格倫','Lokeren','','images/20130413143949.jpg',0],[147,'亨克','亨克','Racing Genk','','images/147/1h54k7bfph11.png',0],[148,'布鲁日','布魯日','Club Brugge','','images/148/1hxqrpwvs12q.png',0],[153,'安德莱赫特','安德列治','Anderlecht','','images/153/1gv1yqjs302r.png',0],[156,'圣图尔登','聖圖爾登','Sint-Truidense','','images/156/1hcgsmb1gpc.png',0],[159,'利尔斯','利亞斯','Lierse','','images/159/1h53w17xg22e.png',0],[170,'奥斯坦德','奧斯坦德','Oostende','','images/170/1gq201wpefs.png',0],[1242,'科特赖克','哥積克','Kortrijk','','images/1242/1j22rz4and1t.png',0],[1244,'梅赫伦','梅赫倫','Mechelen','','images/1244/1gtqkzv9ys23.png',0],[1245,'华斯兰德','華斯蘭比華倫','Red Star Waasland','','images/1245/1gqbpxar3q1m.png',0],[1316,'欧本','歐本','KAS Eupen','','images/1316/1j5hhgvw2cv.png',0],[1319,'威尔郡','威爾郡','Zulte-Waregem','','images/1319/1j5hhgvw2dj.png',0],[1686,'安特卫普','安特衛普','Royal Antwerp','','images/1686/1gtqkzv9yt13.png',0],[2606,'奥德赫维里','奧特希費利','Oud Heverlee','','images/2606/1gq15c96p07.png',0],[8564,'摩斯高伦','苗斯干','Mouscron Peruwelz','','images/20130403150504.jpg',0],[17189,'比斯查','比斯查','Beerschot Wilrijk','','images/17189/1j3s147sky21.png',0]];
var TotalBs = [[1,1319,41,26,3,12,63.4,7.3,29.3],[2,1245,40,25,2,13,62.5,5,32.5],[3,8564,40,25,0,15,62.5,0,37.5],[4,148,40,24,2,14,60,5,35],[5,1316,40,24,1,15,60,2.5,37.5],[6,145,41,24,0,17,58.5,0,41.5],[7,153,40,23,1,16,57.5,2.5,40],[8,170,40,22,1,17,55,2.5,42.5],[9,1242,40,21,4,15,52.5,10,37.5],[10,1686,40,21,2,17,52.5,5,42.5],[11,130,40,21,0,19,52.5,0,47.5],[12,122,40,18,0,22,45,0,55],[13,147,41,18,0,23,43.9,0,56.1],[14,156,40,17,0,23,42.5,0,57.5],[15,140,40,16,0,24,40,0,60],[16,1244,30,10,1,19,33.3,3.3,63.3],[17,17189,10,7,0,3,70,0,30],[18,2606,10,5,2,3,50,20,30],[19,159,9,5,1,3,55.6,11.1,33.3]];
var HomeBs = [[1,8564,20,15,0,5,75,0,25],[2,148,20,14,2,4,70,10,20],[3,1245,20,14,0,6,70,0,30],[4,1319,20,13,2,5,65,10,25],[5,170,20,12,1,7,60,5,35],[6,1316,20,12,0,8,60,0,40],[7,130,20,11,0,9,55,0,45],[8,145,20,11,0,9,55,0,45],[9,1686,20,10,1,9,50,5,45],[10,153,20,10,1,9,50,5,45],[11,1242,20,9,2,9,45,10,45],[12,122,20,9,0,11,45,0,55],[13,156,20,8,0,12,40,0,60],[14,140,20,8,0,12,40,0,60],[15,147,21,7,0,14,33.3,0,66.7],[16,159,5,4,0,1,80,0,20],[17,1244,15,4,0,11,26.7,0,73.3],[18,17189,5,3,0,2,60,0,40],[19,2606,5,2,1,2,40,20,40]];
var GuestBs = [[1,153,20,13,0,7,65,0,35],[2,1319,21,13,1,7,61.9,4.8,33.3],[3,145,21,13,0,8,61.9,0,38.1],[4,1242,20,12,2,6,60,10,30],[5,1316,20,12,1,7,60,5,35],[6,1245,20,11,2,7,55,10,35],[7,1686,20,11,1,8,55,5,40],[8,147,20,11,0,9,55,0,45],[9,148,20,10,0,10,50,0,50],[10,130,20,10,0,10,50,0,50],[11,170,20,10,0,10,50,0,50],[12,8564,20,10,0,10,50,0,50],[13,156,20,9,0,11,45,0,55],[14,122,20,9,0,11,45,0,55],[15,140,20,8,0,12,40,0,60],[16,1244,15,6,1,8,40,6.7,53.3],[17,17189,5,4,0,1,80,0,20],[18,2606,5,3,1,1,60,20,20],[19,159,4,1,1,2,25,25,50]];
var TotalBsHalf = [[1,1316,40,21,6,13,52.5,15,32.5],[2,1319,41,19,7,15,46.3,17.1,36.6],[3,148,40,19,5,16,47.5,12.5,40],[4,170,40,18,7,15,45,17.5,37.5],[5,153,40,17,5,18,42.5,12.5,45],[6,1245,40,17,3,20,42.5,7.5,50],[7,8564,40,16,7,17,40,17.5,42.5],[8,1242,40,15,8,17,37.5,20,42.5],[9,1244,30,14,6,10,46.7,20,33.3],[10,145,41,14,13,14,34.1,31.7,34.1],[11,130,40,14,10,16,35,25,40],[12,1686,40,14,10,16,35,25,40],[13,156,40,13,11,16,32.5,27.5,40],[14,147,41,11,10,20,26.8,24.4,48.8],[15,122,40,10,17,13,25,42.5,32.5],[16,140,40,7,20,13,17.5,50,32.5],[17,17189,10,6,2,2,60,20,20],[18,2606,10,5,1,4,50,10,40],[19,159,9,2,2,5,22.2,22.2,55.6]];
var HomeBsHalf = [[1,148,20,12,1,7,60,5,35],[2,170,20,11,4,5,55,20,25],[3,8564,20,11,2,7,55,10,35],[4,1319,20,11,2,7,55,10,35],[5,1316,20,10,5,5,50,25,25],[6,1686,20,10,2,8,50,10,40],[7,130,20,8,5,7,40,25,35],[8,1242,20,8,4,8,40,20,40],[9,153,20,8,2,10,40,10,50],[10,1245,20,7,3,10,35,15,50],[11,1244,15,5,4,6,33.3,26.7,40],[12,145,20,5,7,8,25,35,40],[13,156,20,5,6,9,25,30,45],[14,147,21,5,6,10,23.8,28.6,47.6],[15,140,20,4,8,8,20,40,40],[16,17189,5,2,1,2,40,20,40],[17,122,20,2,11,7,10,55,35],[18,2606,5,1,1,3,20,20,60],[19,159,5,1,1,3,20,20,60]];
var GuestBsHalf = [[1,1316,20,11,1,8,55,5,40],[2,1245,20,10,0,10,50,0,50],[3,1244,15,9,2,4,60,13.3,26.7],[4,145,21,9,6,6,42.9,28.6,28.6],[5,153,20,9,3,8,45,15,40],[6,122,20,8,6,6,40,30,30],[7,156,20,8,5,7,40,25,35],[8,1319,21,8,5,8,38.1,23.8,38.1],[9,1242,20,7,4,9,35,20,45],[10,148,20,7,4,9,35,20,45],[11,170,20,7,3,10,35,15,50],[12,130,20,6,5,9,30,25,45],[13,147,20,6,4,10,30,20,50],[14,8564,20,5,5,10,25,25,50],[15,17189,5,4,1,0,80,20,0],[16,2606,5,4,0,1,80,0,20],[17,1686,20,4,8,8,20,40,40],[18,140,20,3,12,5,15,60,25],[19,159,4,1,1,2,25,25,50]];
var addUp = [352,53.2,20,3,290,43.8,[70,17189],[63.3,1244],[80,159],[73.3,1244],[80,17189],[60,140]];
var addUpHalf = [252,38.1,150,22.7,260,39.3,[60,17189],[55.6,159],[60,148],[60,2606,159],[80,17189,2606],[50,1245,170,147,8564,159]];
var lastUpdateTime = '2025-01-19 11:33:14';
