var arrLeague = [60,'中国超级联赛','中國超級聯賽','Chinese Super League','2020','#0066FF','league_match/images/166674992094.png','中超','中超','CHA CSL'];
var arrTeam = [[37,'深圳队','深圳隊','Shenzhen FC','','images/37/1gy3vkgfwq2z.png',0],[39,'上海申花','上海申花','Shanghai Shenhua','','images/39/1gy3vjsrhn1p.png',0],[40,'山东泰山','山東泰山','Shandong Taishan','','images/40/1gy3vjsrhjq.png',0],[43,'北京国安','北京國安','Beijing Guoan','','images/1j8grm13nd21.png',0],[83,'重庆两江竞技','重慶兩江競技','Chongqing Liangjiang Athletic','','images/20180921192706.png',0],[89,'天津津门虎','天津津門虎','Tianjin Tigers','','images/89/1gy3vkgfwn2t.png',0],[535,'广州队','廣州隊','Guangzhou FC','','images/535/1hy4p3apdsh.png',0],[541,'河南队','河南隊','Henan Football Club','','images/541/1j39p5ccv415.png',0],[543,'江苏苏宁易购','江蘇蘇寧','Jiangsu Suning FC','','images/20180921195311.png',0],[7642,'上海海港','上海海港','Shanghai Port','','images/7642/1h8n2nv7tw23.png',0],[13969,'大连人','大連人','Dalian Pro','','images/20200123150128.png',0],[16667,'武汉长江','武漢長江','Wuhan FC','','images/2013322180048.png',0],[16668,'广州城','廣州城','Guangzhou City','','images/165371552931.png',0],[16961,'河北队','河北隊','Hebei FC','','images/20180921193444.png',0],[16967,'沧州雄狮','滄州雄獅','Cangzhou Mighty Lions','','images/16967/1gy3vkgfwb2g.png',0],[21408,'青岛队','青島隊','Qingdao FC','','images/20170609110022.png',0]];
var TotalPanLu = [[1,39,20,7,1,12,12,1,7,5,60,5,35],[2,543,20,13,1,6,12,0,8,4,60,0,40],[3,83,20,4,4,12,11,1,8,3,55,5,40],[4,535,20,20,0,0,11,0,9,2,55,0,45],[5,43,20,14,1,5,11,0,9,2,55,0,45],[6,16667,20,13,2,5,10,1,9,1,50,5,45],[7,16961,20,9,3,8,10,1,9,1,50,5,45],[8,16668,20,5,1,14,10,0,10,0,50,0,50],[9,40,20,14,1,5,10,0,10,0,50,0,50],[10,37,20,7,0,13,9,2,9,0,45,10,45],[11,16967,20,4,6,10,9,2,9,0,45,10,45],[12,21408,20,0,2,18,9,1,10,-1,45,5,50],[13,13969,20,13,0,7,8,1,11,-3,40,5,55],[14,541,20,4,1,15,8,0,12,-4,40,0,60],[15,89,20,0,4,16,7,2,11,-4,35,10,55],[16,7642,20,19,1,0,6,2,12,-6,30,10,60]];
var HomePanLu = [[1,43,10,7,1,2,8,0,2,6,80,0,20],[2,83,10,1,3,6,7,1,2,5,70,10,20],[3,39,10,4,0,6,6,1,3,3,60,10,30],[4,16667,10,7,0,3,6,1,3,3,60,10,30],[5,16961,10,4,2,4,6,1,3,3,60,10,30],[6,543,10,7,0,3,6,0,4,2,60,0,40],[7,16967,10,1,4,5,5,1,4,1,50,10,40],[8,21408,10,0,1,9,5,0,5,0,50,0,50],[9,535,10,10,0,0,5,0,5,0,50,0,50],[10,89,10,0,1,9,4,1,5,-1,40,10,50],[11,37,10,3,0,7,4,1,5,-1,40,10,50],[12,40,10,7,1,2,4,0,6,-2,40,0,60],[13,7642,10,10,0,0,4,0,6,-2,40,0,60],[14,541,10,3,0,7,3,0,7,-4,30,0,70],[15,16668,10,3,1,6,3,0,7,-4,30,0,70],[16,13969,10,7,0,3,2,0,8,-6,20,0,80]];
var GuestPanLu = [[1,16668,10,2,0,8,7,0,3,4,70,0,30],[2,13969,10,6,0,4,6,1,3,3,60,10,30],[3,39,10,3,1,6,6,0,4,2,60,0,40],[4,40,10,7,0,3,6,0,4,2,60,0,40],[5,535,10,10,0,0,6,0,4,2,60,0,40],[6,543,10,6,1,3,6,0,4,2,60,0,40],[7,37,10,4,0,6,5,1,4,1,50,10,40],[8,541,10,1,1,8,5,0,5,0,50,0,50],[9,16967,10,3,2,5,4,1,5,-1,40,10,50],[10,21408,10,0,1,9,4,1,5,-1,40,10,50],[11,16667,10,6,2,2,4,0,6,-2,40,0,60],[12,16961,10,5,1,4,4,0,6,-2,40,0,60],[13,83,10,3,1,6,4,0,6,-2,40,0,60],[14,89,10,0,3,7,3,1,6,-3,30,10,60],[15,43,10,7,0,3,3,0,7,-4,30,0,70],[16,7642,10,9,1,0,2,2,6,-4,20,20,60]];
var TotalHalfPanLu = [[1,39,20,5,4,11,13,2,5,8,65,10,25],[2,43,20,14,5,1,13,1,6,7,65,5,30],[3,40,20,14,2,4,10,2,8,2,50,10,40],[4,543,20,12,3,5,10,2,8,2,50,10,40],[5,13969,20,8,5,7,10,2,8,2,50,10,40],[6,535,20,18,2,0,10,0,10,0,50,0,50],[7,16961,20,6,6,8,9,3,8,1,45,15,40],[8,37,20,6,6,8,9,2,9,0,45,10,45],[9,16668,20,1,10,9,8,4,8,0,40,20,40],[10,16667,20,9,7,4,8,1,11,-3,40,5,55],[11,541,20,1,6,13,7,4,9,-2,35,20,45],[12,21408,20,0,7,13,7,3,10,-3,35,15,50],[13,89,20,0,5,15,7,2,11,-4,35,10,55],[14,7642,20,15,5,0,7,1,12,-5,35,5,60],[15,16967,20,2,11,7,6,7,7,-1,30,35,35],[16,83,20,3,8,9,6,4,10,-4,30,20,50]];
var HomeHalfPanLu = [[1,43,10,7,2,1,8,1,1,7,80,10,10],[2,39,10,4,1,5,8,0,2,6,80,0,20],[3,16961,10,3,3,4,6,2,2,4,60,20,20],[4,543,10,6,2,2,6,1,3,3,60,10,30],[5,7642,10,8,2,0,6,0,4,2,60,0,40],[6,535,10,9,1,0,6,0,4,2,60,0,40],[7,16967,10,0,6,4,5,2,3,2,50,20,30],[8,37,10,2,4,4,5,2,3,2,50,20,30],[9,21408,10,0,3,7,5,1,4,1,50,10,40],[10,16667,10,5,3,2,5,1,4,1,50,10,40],[11,83,10,1,5,4,4,3,3,1,40,30,30],[12,89,10,0,2,8,4,1,5,-1,40,10,50],[13,541,10,1,2,7,4,1,5,-1,40,10,50],[14,13969,10,4,3,3,4,1,5,-1,40,10,50],[15,40,10,7,1,2,3,1,6,-3,30,10,60],[16,16668,10,0,6,4,2,3,5,-3,20,30,50]];
var GuestHalfPanLu = [[1,40,10,7,1,2,7,1,2,5,70,10,20],[2,13969,10,4,2,4,6,1,3,3,60,10,30],[3,16668,10,1,4,5,6,1,3,3,60,10,30],[4,39,10,1,3,6,5,2,3,2,50,20,30],[5,43,10,7,3,0,5,0,5,0,50,0,50],[6,543,10,6,1,3,4,1,5,-1,40,10,50],[7,535,10,9,1,0,4,0,6,-2,40,0,60],[8,37,10,4,2,4,4,0,6,-2,40,0,60],[9,541,10,0,4,6,3,3,4,-1,30,30,40],[10,16961,10,3,3,4,3,1,6,-3,30,10,60],[11,89,10,0,3,7,3,1,6,-3,30,10,60],[12,16667,10,4,4,2,3,0,7,-4,30,0,70],[13,21408,10,0,4,6,2,2,6,-4,20,20,60],[14,83,10,2,3,5,2,1,7,-5,20,10,70],[15,16967,10,2,5,3,1,5,4,-3,10,50,40],[16,7642,10,7,3,0,1,1,8,-7,10,10,80]];
var addUp = [78,48.8,7,4.4,75,46.9,[60,39,543],[60,541,7642],[80,43],[80,13969],[70,16668],[70,43],[10,37,16967,89,7642],[0,543,535,43,16668,40,541]];
var addUpHalf = [81,50.6,20,12.5,59,36.9,[65,39,43],[60,7642],[80,43,39],[60,40],[70,40],[80,7642],[35,16967],[0,535]];
var lastUpdateTime = '2025-01-18 17:48:57';
