var arrLeague = [60,'中国超级联赛','中國超級聯賽','Chinese Super League','2020','#0066FF','league_match/images/166674992094.png','中超','中超','CHA CSL'];
var arrTeam = [[37,'深圳队','深圳隊','Shenzhen FC','','images/37/1gy3vkgfwq2z.png',0],[39,'上海申花','上海申花','Shanghai Shenhua','','images/39/1gy3vjsrhn1p.png',0],[40,'山东泰山','山東泰山','Shandong Taishan','','images/40/1gy3vjsrhjq.png',0],[43,'北京国安','北京國安','Beijing Guoan','','images/1j8grm13nd21.png',0],[83,'重庆两江竞技','重慶兩江競技','Chongqing Liangjiang Athletic','','images/20180921192706.png',0],[89,'天津津门虎','天津津門虎','Tianjin Tigers','','images/89/1gy3vkgfwn2t.png',0],[535,'广州队','廣州隊','Guangzhou FC','','images/535/1hy4p3apdsh.png',0],[541,'河南队','河南隊','Henan Football Club','','images/541/1j39p5ccv415.png',0],[543,'江苏苏宁易购','江蘇蘇寧','Jiangsu Suning FC','','images/20180921195311.png',0],[7642,'上海海港','上海海港','Shanghai Port','','images/7642/1h8n2nv7tw23.png',0],[13969,'大连人','大連人','Dalian Pro','','images/20200123150128.png',0],[16667,'武汉长江','武漢長江','Wuhan FC','','images/2013322180048.png',0],[16668,'广州城','廣州城','Guangzhou City','','images/165371552931.png',0],[16961,'河北队','河北隊','Hebei FC','','images/20180921193444.png',0],[16967,'沧州雄狮','滄州雄獅','Cangzhou Mighty Lions','','images/16967/1gy3vkgfwb2g.png',0],[21408,'青岛队','青島隊','Qingdao FC','','images/20170609110022.png',0]];
var TotalBs = [[1,16961,20,15,0,5,75,0,25],[2,43,20,14,1,5,70,5,25],[3,535,20,12,1,7,60,5,35],[4,21408,20,12,0,8,60,0,40],[5,16967,20,11,0,9,55,0,45],[6,13969,20,11,0,9,55,0,45],[7,16668,20,11,0,9,55,0,45],[8,40,20,10,1,9,50,5,45],[9,541,20,10,1,9,50,5,45],[10,37,20,10,0,10,50,0,50],[11,83,20,9,2,9,45,10,45],[12,89,20,9,0,11,45,0,55],[13,16667,20,8,1,11,40,5,55],[14,543,20,7,0,13,35,0,65],[15,39,20,6,0,14,30,0,70],[16,7642,20,5,1,14,25,5,70]];
var HomeBs = [[1,16961,10,7,0,3,70,0,30],[2,16967,10,7,0,3,70,0,30],[3,21408,10,6,0,4,60,0,40],[4,16668,10,6,0,4,60,0,40],[5,37,10,6,0,4,60,0,40],[6,39,10,6,0,4,60,0,40],[7,43,10,6,0,4,60,0,40],[8,541,10,5,0,5,50,0,50],[9,13969,10,5,0,5,50,0,50],[10,16667,10,4,1,5,40,10,50],[11,535,10,4,1,5,40,10,50],[12,40,10,4,1,5,40,10,50],[13,89,10,4,0,6,40,0,60],[14,543,10,4,0,6,40,0,60],[15,83,10,3,1,6,30,10,60],[16,7642,10,3,0,7,30,0,70]];
var GuestBs = [[1,43,10,8,1,1,80,10,10],[2,535,10,8,0,2,80,0,20],[3,16961,10,8,0,2,80,0,20],[4,83,10,6,1,3,60,10,30],[5,21408,10,6,0,4,60,0,40],[6,13969,10,6,0,4,60,0,40],[7,40,10,6,0,4,60,0,40],[8,541,10,5,1,4,50,10,40],[9,89,10,5,0,5,50,0,50],[10,16668,10,5,0,5,50,0,50],[11,16667,10,4,0,6,40,0,60],[12,16967,10,4,0,6,40,0,60],[13,37,10,4,0,6,40,0,60],[14,543,10,3,0,7,30,0,70],[15,7642,10,2,1,7,20,10,70],[16,39,10,0,0,10,0,0,100]];
var TotalBsHalf = [[1,541,20,11,4,5,55,20,25],[2,16961,20,11,2,7,55,10,35],[3,16967,20,11,2,7,55,10,35],[4,43,20,10,2,8,50,10,40],[5,40,20,10,1,9,50,5,45],[6,83,20,8,5,7,40,25,35],[7,89,20,8,5,7,40,25,35],[8,21408,20,8,4,8,40,20,40],[9,13969,20,8,3,9,40,15,45],[10,16668,20,8,1,11,40,5,55],[11,16667,20,7,8,5,35,40,25],[12,37,20,7,5,8,35,25,40],[13,535,20,6,2,12,30,10,60],[14,39,20,4,5,11,20,25,55],[15,7642,20,4,4,12,20,20,60],[16,543,20,3,7,10,15,35,50]];
var HomeBsHalf = [[1,16967,10,7,2,1,70,20,10],[2,16961,10,6,0,4,60,0,40],[3,43,10,5,1,4,50,10,40],[4,16668,10,5,0,5,50,0,50],[5,39,10,4,4,2,40,40,20],[6,541,10,4,3,3,40,30,30],[7,37,10,4,3,3,40,30,30],[8,13969,10,4,2,4,40,20,40],[9,89,10,4,1,5,40,10,50],[10,40,10,4,0,6,40,0,60],[11,16667,10,3,5,2,30,50,20],[12,21408,10,3,2,5,30,20,50],[13,83,10,3,2,5,30,20,50],[14,543,10,2,2,6,20,20,60],[15,7642,10,2,2,6,20,20,60],[16,535,10,2,1,7,20,10,70]];
var GuestBsHalf = [[1,541,10,7,1,2,70,10,20],[2,40,10,6,1,3,60,10,30],[3,83,10,5,3,2,50,30,20],[4,16961,10,5,2,3,50,20,30],[5,21408,10,5,2,3,50,20,30],[6,43,10,5,1,4,50,10,40],[7,89,10,4,4,2,40,40,20],[8,16667,10,4,3,3,40,30,30],[9,13969,10,4,1,5,40,10,50],[10,535,10,4,1,5,40,10,50],[11,16967,10,4,0,6,40,0,60],[12,37,10,3,2,5,30,20,50],[13,16668,10,3,1,6,30,10,60],[14,7642,10,2,2,6,20,20,60],[15,543,10,1,5,4,10,50,40],[16,39,10,0,1,9,0,10,90]];
var addUp = [160,50,8,2.5,152,47.5,[75,16961],[70,39,7642],[70,16961,16967],[70,7642],[80,43,535,16961],[100,39]];
var addUpHalf = [124,38.8,60,18.8,136,42.5,[55,541,16961,16967],[60,535,7642],[70,16967],[70,535],[70,541],[90,39]];
var lastUpdateTime = '2025-01-18 17:49:04';
