var arrLeague = [31,'西班牙甲组联赛','西班牙甲組聯賽','Spanish La Liga','2013-2014','#006633','league_match/images/1h56j6h3ep1.png','西甲','西甲','SPA D1'];
var arrTeam = [[82,'皇家马德里','皇家馬德里','Real Madrid','','images/164871252161.png',0],[84,'巴塞罗那','巴塞隆拿','FC Barcelona','','images/164871253294.png',0],[86,'塞维利亚','西維爾','Sevilla','','images/164871255158.png',0],[91,'巴伦西亚','華倫西亞','Valencia','','images/164871269140.png',0],[92,'毕尔巴鄂竞技','畢爾包','Athletic Bilbao','','images/164871258463.png',0],[94,'奥萨苏纳','奧沙辛拿','Osasuna','','images/164871260392.png',0],[96,'皇家贝蒂斯','貝迪斯','Real Betis','','images/164871261858.png',0],[98,'赫塔菲','加泰','Getafe','','images/164871263258.png',0],[100,'西班牙人','愛斯賓奴','RCD Espanyol','','images/164871556292.png',0],[102,'马拉加','馬拉加','Malaga','','images/102/1h8qpskkvvk.png',0],[103,'莱万特','利雲特','Levante','','images/164871559313.png',0],[106,'皇家社会','皇家蘇斯達','Real Sociedad','','images/164871271877.png',0],[107,'比利亚雷亚尔','維拉利爾','Villarreal','','images/164871273527.png',0],[109,'马德里竞技','馬德里體育會','Atletico Madrid','','images/164871274624.png',0],[114,'塞尔塔','切爾達','Celta Vigo','','images/164871275971.png',0],[121,'格拉纳达','格蘭納達','Granada CF','','images/164871277443.png',0],[123,'巴拉多利德','華拉度列','Real Valladolid','','images/123/1j8kb6vyqp2f.png',0],[126,'艾尔切','艾爾切','Elche','','images/164871278741.png',0],[141,'阿尔梅里亚','艾美利亞','Almeria','','images/141/1j3c1nh1083.png',0],[994,'巴列卡诺','華歷簡奴','Rayo Vallecano','','images/164871283245.png',0]];
var TotalBs = [[1,994,38,26,0,12,68.4,0,31.6],[2,86,38,23,2,13,60.5,5.3,34.2],[3,91,38,22,1,15,57.9,2.6,39.5],[4,106,38,22,0,16,57.9,0,42.1],[5,96,38,21,1,16,55.3,2.6,42.1],[6,100,38,20,0,18,52.6,0,47.4],[7,82,38,19,2,17,50,5.3,44.7],[8,84,38,19,2,17,50,5.3,44.7],[9,141,38,19,2,17,50,5.3,44.7],[10,92,38,19,0,19,50,0,50],[11,107,38,18,0,20,47.4,0,52.6],[12,94,38,17,1,20,44.7,2.6,52.6],[13,123,38,17,0,21,44.7,0,55.3],[14,121,38,16,0,22,42.1,0,57.9],[15,114,38,15,1,22,39.5,2.6,57.9],[16,109,38,14,2,22,36.8,5.3,57.9],[17,126,38,14,0,24,36.8,0,63.2],[18,102,38,13,0,25,34.2,0,65.8],[19,103,38,12,0,26,31.6,0,68.4],[20,98,38,12,0,26,31.6,0,68.4]];
var HomeBs = [[1,994,19,14,0,5,73.7,0,26.3],[2,91,19,13,1,5,68.4,5.3,26.3],[3,86,19,12,2,5,63.2,10.5,26.3],[4,92,19,12,0,7,63.2,0,36.8],[5,84,19,11,2,6,57.9,10.5,31.6],[6,106,19,11,0,8,57.9,0,42.1],[7,141,19,11,0,8,57.9,0,42.1],[8,107,19,10,0,9,52.6,0,47.4],[9,82,19,10,0,9,52.6,0,47.4],[10,100,19,9,0,10,47.4,0,52.6],[11,96,19,9,0,10,47.4,0,52.6],[12,94,19,9,0,10,47.4,0,52.6],[13,109,19,8,2,9,42.1,10.5,47.4],[14,121,19,7,0,12,36.8,0,63.2],[15,102,19,7,0,12,36.8,0,63.2],[16,98,19,6,0,13,31.6,0,68.4],[17,114,19,6,0,13,31.6,0,68.4],[18,103,19,6,0,13,31.6,0,68.4],[19,123,19,6,0,13,31.6,0,68.4],[20,126,19,2,0,17,10.5,0,89.5]];
var GuestBs = [[1,96,19,12,1,6,63.2,5.3,31.6],[2,994,19,12,0,7,63.2,0,36.8],[3,126,19,12,0,7,63.2,0,36.8],[4,106,19,11,0,8,57.9,0,42.1],[5,100,19,11,0,8,57.9,0,42.1],[6,86,19,11,0,8,57.9,0,42.1],[7,123,19,11,0,8,57.9,0,42.1],[8,82,19,9,2,8,47.4,10.5,42.1],[9,114,19,9,1,9,47.4,5.3,47.4],[10,121,19,9,0,10,47.4,0,52.6],[11,91,19,9,0,10,47.4,0,52.6],[12,141,19,8,2,9,42.1,10.5,47.4],[13,94,19,8,1,10,42.1,5.3,52.6],[14,107,19,8,0,11,42.1,0,57.9],[15,84,19,8,0,11,42.1,0,57.9],[16,92,19,7,0,12,36.8,0,63.2],[17,102,19,6,0,13,31.6,0,68.4],[18,98,19,6,0,13,31.6,0,68.4],[19,109,19,6,0,13,31.6,0,68.4],[20,103,19,6,0,13,31.6,0,68.4]];
var TotalBsHalf = [[1,94,38,19,9,10,50,23.7,26.3],[2,123,38,18,9,11,47.4,23.7,28.9],[3,84,38,18,1,19,47.4,2.6,50],[4,98,37,17,8,12,45.9,21.6,32.4],[5,994,38,16,10,12,42.1,26.3,31.6],[6,96,37,16,7,14,43.2,18.9,37.8],[7,102,38,16,7,15,42.1,18.4,39.5],[8,114,37,16,5,16,43.2,13.5,43.2],[9,82,38,16,0,22,42.1,0,57.9],[10,107,37,15,12,10,40.5,32.4,27],[11,91,38,15,9,14,39.5,23.7,36.8],[12,92,37,14,14,9,37.8,37.8,24.3],[13,86,38,14,9,15,36.8,23.7,39.5],[14,100,37,14,8,15,37.8,21.6,40.5],[15,106,38,13,13,12,34.2,34.2,31.6],[16,141,38,13,11,14,34.2,28.9,36.8],[17,103,37,13,6,18,35.1,16.2,48.6],[18,109,37,12,7,18,32.4,18.9,48.6],[19,126,37,12,7,18,32.4,18.9,48.6],[20,121,37,11,8,18,29.7,21.6,48.6]];
var HomeBsHalf = [[1,94,19,12,4,3,63.2,21.1,15.8],[2,98,19,11,4,4,57.9,21.1,21.1],[3,84,19,11,1,7,57.9,5.3,36.8],[4,86,19,10,1,8,52.6,5.3,42.1],[5,91,19,9,6,4,47.4,31.6,21.1],[6,103,19,9,2,8,47.4,10.5,42.1],[7,994,19,8,5,6,42.1,26.3,31.6],[8,109,19,8,1,10,42.1,5.3,52.6],[9,82,19,8,0,11,42.1,0,57.9],[10,96,19,7,6,6,36.8,31.6,31.6],[11,102,19,7,5,7,36.8,26.3,36.8],[12,114,19,7,4,8,36.8,21.1,42.1],[13,100,19,7,3,9,36.8,15.8,47.4],[14,141,19,7,3,9,36.8,15.8,47.4],[15,106,19,6,7,6,31.6,36.8,31.6],[16,107,19,6,7,6,31.6,36.8,31.6],[17,92,19,5,10,4,26.3,52.6,21.1],[18,123,19,5,6,8,26.3,31.6,42.1],[19,121,19,4,4,11,21.1,21.1,57.9],[20,126,19,3,2,14,15.8,10.5,73.7]];
var GuestBsHalf = [[1,123,19,13,3,3,68.4,15.8,15.8],[2,126,18,9,5,4,50,27.8,22.2],[3,107,18,9,5,4,50,27.8,22.2],[4,92,18,9,4,5,50,22.2,27.8],[5,102,19,9,2,8,47.4,10.5,42.1],[6,96,18,9,1,8,50,5.6,44.4],[7,114,18,9,1,8,50,5.6,44.4],[8,994,19,8,5,6,42.1,26.3,31.6],[9,82,19,8,0,11,42.1,0,57.9],[10,100,18,7,5,6,38.9,27.8,33.3],[11,106,19,7,6,6,36.8,31.6,31.6],[12,121,18,7,4,7,38.9,22.2,38.9],[13,94,19,7,5,7,36.8,26.3,36.8],[14,84,19,7,0,12,36.8,0,63.2],[15,141,19,6,8,5,31.6,42.1,26.3],[16,98,18,6,4,8,33.3,22.2,44.4],[17,91,19,6,3,10,31.6,15.8,52.6],[18,86,19,4,8,7,21.1,42.1,36.8],[19,109,18,4,6,8,22.2,33.3,44.4],[20,103,18,4,4,10,22.2,22.2,55.6]];
var addUp = [358,47.1,14,1.8,388,51.1,[68.4,994],[68.4,103,98],[73.7,994],[89.5,126],[63.2,96,994,126],[68.4,102,98,109,103]];
var addUpHalf = [298,39.7,160,21.3,292,38.9,[50,94],[57.9,82],[63.2,94],[73.7,126],[68.4,123],[63.2,84]];
var lastUpdateTime = '2025-01-20 10:21:06';
