var arrLeague = [16,'荷兰甲组联赛','荷蘭甲組聯賽','Holland Eredivisie','2025-2026','#FF6699','league_match/images/20210531104733.png','荷甲','荷甲','HOL D1'];
var arrTeam = [[232,'布雷达','比達','NAC Breda','','images/232/1grmmyzcmyj.png',0],[234,'阿尔克马尔','艾克馬亞','AZ Alkmaar','','images/165095691021.png',0],[235,'海伦芬','海倫維恩','SC Heerenveen','','images/235/1kenbfq87y12.png',0],[236,'格罗宁根','高寧根','Groningen','','images/236/1kenbfq8762s.png',0],[237,'乌德勒支','烏德勒支','FC Utrecht','','images/165095716992.png',0],[239,'奈梅亨','NEC尼美根','NEC Nijmegen','','images/165095704158.png',0],[250,'特温特','川迪','FC Twente Enschede','','images/165095707230.png',0],[252,'费耶诺德','飛燕諾','Feyenoord','','images/165095692730.png',0],[253,'阿贾克斯','阿積士','AFC Ajax','','images/253/1kenbfq87q1r.png',0],[254,'埃因霍温','PSV燕豪芬','PSV Eindhoven','','images/254/1gtg0nv5pw24.png',0],[270,'SBV精英','SBV精英隊','Excelsior SBV','','images/270/1h5bja71et21.png',0],[273,'鹿特丹斯巴达','鹿特丹斯巴達','Sparta Rotterdam','','images/165095702458.png',0],[274,'福图纳锡塔德','幸運薛達','Fortuna Sittard','','images/165095694366.png',0],[278,'赫拉克勒斯','荷華高斯','Heracles Almelo','','images/165095718777.png',0],[279,'特尔斯达','泰斯達','SC Telstar','','images/279/1kenbfq87v32.png',0],[280,'前进之鹰','伊高斯','Go Ahead Eagles','','images/16509570569.png',0],[414,'兹沃勒','施禾尼','PEC Zwolle','','images/16509571534.png',0],[415,'福伦丹','華倫丹','Volendam','','images/415/1h5bja71ejk.png',0]];
var TotalBs = [[1,239,34,21,0,13,61.8,0,38.2],[2,254,34,20,1,13,58.8,2.9,38.2],[3,274,34,18,3,13,52.9,8.8,38.2],[4,278,34,18,3,13,52.9,8.8,38.2],[5,234,34,18,1,15,52.9,2.9,44.1],[6,235,35,17,5,13,48.6,14.3,37.1],[7,414,34,17,3,14,50,8.8,41.2],[8,280,34,16,1,17,47.1,2.9,50],[9,232,34,16,0,18,47.1,0,52.9],[10,270,34,15,3,16,44.1,8.8,47.1],[11,273,34,15,3,16,44.1,8.8,47.1],[12,237,36,15,1,20,41.7,2.8,55.6],[13,236,35,14,3,18,40,8.6,51.4],[14,253,36,14,3,19,38.9,8.3,52.8],[15,279,34,14,0,20,41.2,0,58.8],[16,250,34,13,2,19,38.2,5.9,55.9],[17,252,34,13,2,19,38.2,5.9,55.9],[18,415,34,8,6,20,23.5,17.6,58.8]];
var HomeBs = [[1,254,17,12,0,5,70.6,0,29.4],[2,234,17,11,0,6,64.7,0,35.3],[3,239,17,11,0,6,64.7,0,35.3],[4,279,17,10,0,7,58.8,0,41.2],[5,274,17,9,2,6,52.9,11.8,35.3],[6,280,17,9,1,7,52.9,5.9,41.2],[7,278,17,8,2,7,47.1,11.8,41.2],[8,235,17,8,2,7,47.1,11.8,41.2],[9,236,17,7,3,7,41.2,17.6,41.2],[10,252,17,7,1,9,41.2,5.9,52.9],[11,270,17,7,1,9,41.2,5.9,52.9],[12,232,17,7,0,10,41.2,0,58.8],[13,415,17,6,3,8,35.3,17.6,47.1],[14,414,17,6,2,9,35.3,11.8,52.9],[15,273,17,6,1,10,35.3,5.9,58.8],[16,250,17,6,0,11,35.3,0,64.7],[17,237,18,6,1,11,33.3,5.6,61.1],[18,253,19,5,1,13,26.3,5.3,68.4]];
var GuestBs = [[1,414,17,11,1,5,64.7,5.9,29.4],[2,278,17,10,1,6,58.8,5.9,35.3],[3,239,17,10,0,7,58.8,0,41.2],[4,253,17,9,2,6,52.9,11.8,35.3],[5,235,18,9,3,6,50,16.7,33.3],[6,273,17,9,2,6,52.9,11.8,35.3],[7,274,17,9,1,7,52.9,5.9,41.2],[8,232,17,9,0,8,52.9,0,47.1],[9,237,18,9,0,9,50,0,50],[10,270,17,8,2,7,47.1,11.8,41.2],[11,254,17,8,1,8,47.1,5.9,47.1],[12,250,17,7,2,8,41.2,11.8,47.1],[13,234,17,7,1,9,41.2,5.9,52.9],[14,280,17,7,0,10,41.2,0,58.8],[15,236,18,7,0,11,38.9,0,61.1],[16,252,17,6,1,10,35.3,5.9,58.8],[17,279,17,4,0,13,23.5,0,76.5],[18,415,17,2,3,12,11.8,17.6,70.6]];
var TotalBsHalf = [[1,254,34,23,0,11,67.6,0,32.4],[2,234,34,21,0,13,61.8,0,38.2],[3,239,34,19,2,13,55.9,5.9,38.2],[4,253,36,19,0,17,52.8,0,47.2],[5,414,34,18,4,12,52.9,11.8,35.3],[6,274,34,16,8,10,47.1,23.5,29.4],[7,415,34,16,1,17,47.1,2.9,50],[8,280,34,16,1,17,47.1,2.9,50],[9,278,34,15,1,18,44.1,2.9,52.9],[10,235,35,15,2,18,42.9,5.7,51.4],[11,236,35,12,6,17,34.3,17.1,48.6],[12,279,34,12,4,18,35.3,11.8,52.9],[13,270,34,12,3,19,35.3,8.8,55.9],[14,252,34,12,0,22,35.3,0,64.7],[15,232,34,11,6,17,32.4,17.6,50],[16,250,34,11,3,20,32.4,8.8,58.8],[17,237,36,11,4,21,30.6,11.1,58.3],[18,273,34,7,5,22,20.6,14.7,64.7]];
var HomeBsHalf = [[1,254,17,14,0,3,82.4,0,17.6],[2,234,17,13,0,4,76.5,0,23.5],[3,239,17,10,2,5,58.8,11.8,29.4],[4,278,17,9,0,8,52.9,0,47.1],[5,253,19,9,0,10,47.4,0,52.6],[6,279,17,8,3,6,47.1,17.6,35.3],[7,414,17,8,2,7,47.1,11.8,41.2],[8,235,17,7,2,8,41.2,11.8,47.1],[9,280,17,7,1,9,41.2,5.9,52.9],[10,415,17,7,0,10,41.2,0,58.8],[11,274,17,6,4,7,35.3,23.5,41.2],[12,232,17,6,4,7,35.3,23.5,41.2],[13,236,17,6,2,9,35.3,11.8,52.9],[14,252,17,6,0,11,35.3,0,64.7],[15,270,17,5,1,11,29.4,5.9,64.7],[16,250,17,5,0,12,29.4,0,70.6],[17,237,18,4,2,12,22.2,11.1,66.7],[18,273,17,3,2,12,17.6,11.8,70.6]];
var GuestBsHalf = [[1,274,17,10,4,3,58.8,23.5,17.6],[2,414,17,10,2,5,58.8,11.8,29.4],[3,253,17,10,0,7,58.8,0,41.2],[4,415,17,9,1,7,52.9,5.9,41.2],[5,280,17,9,0,8,52.9,0,47.1],[6,239,17,9,0,8,52.9,0,47.1],[7,254,17,9,0,8,52.9,0,47.1],[8,234,17,8,0,9,47.1,0,52.9],[9,235,18,8,0,10,44.4,0,55.6],[10,270,17,7,2,8,41.2,11.8,47.1],[11,237,18,7,2,9,38.9,11.1,50],[12,236,18,6,4,8,33.3,22.2,44.4],[13,250,17,6,3,8,35.3,17.6,47.1],[14,278,17,6,1,10,35.3,5.9,58.8],[15,252,17,6,0,11,35.3,0,64.7],[16,232,17,5,2,10,29.4,11.8,58.8],[17,273,17,4,3,10,23.5,17.6,58.8],[18,279,17,4,1,12,23.5,5.9,70.6]];
var addUp = [282,45.6,40,6.5,296,47.9,[61.8,239],[58.8,279,415],[70.6,254],[68.4,253],[64.7,414],[76.5,279]];
var addUpHalf = [266,43,50,8.1,302,48.9,[67.6,254],[64.7,252,273],[82.4,254],[70.6,250,273],[58.8,274,414,253],[70.6,279]];
var lastUpdateTime = '2026-05-25 23:00:38';
