var arrLeague = [34,'意大利甲组联赛','意大利甲組聯賽','Italian Serie A','2018-2019','#0088FF','league_match/images/166674813339.png','意甲','意甲','ITA D1'];
var arrTeam = [[150,'AC米兰','AC米蘭','AC Milan','','images/164868995643.png',0],[152,'国际米兰','國際米蘭','Inter Milan','','images/152/1jgj8z3paw1g.png',0],[154,'亚特兰大','阿特蘭大','Atalanta','','images/164868998143.png',0],[166,'尤文图斯','祖雲達斯','Juventus','','images/166/1grmmxq1wa2k.png',0],[174,'罗马','羅馬','AS Roma','','images/164869002671.png',0],[176,'佛罗伦萨','費倫天拿','Fiorentina','','images/176/1hxqrpz41w1v.png',0],[179,'桑普多利亚','森多利亞','Sampdoria','','images/164869048578.png',0],[182,'拉齐奥','拉素','Lazio','','images/164869050583.png',0],[183,'卡利亚里','卡利亞里','Cagliari','','images/164869052873.png',0],[185,'博洛尼亚','博洛尼亞','Bologna','','images/16486905420.png',0],[187,'乌迪内斯','烏甸尼斯','Udinese','','images/164869056546.png',0],[189,'帕尔马','帕爾馬','Parma','','images/189/1j5f7yeztc1g.png',0],[195,'切沃','切禾','Chievo','','images/195/1j77p47z2ac.png',0],[523,'恩波利','恩波里','Empoli','','images/164869059384.png',0],[552,'热那亚','熱拿亞','Genoa','','images/164869068648.png',0],[558,'都灵','拖連奴','Torino','','images/164869071877.png',0],[1359,'弗洛西诺尼','費辛隆尼','Frosinone','','images/1359/1heh20t0qh1c.png',0],[1408,'史帕尔','史帕爾','Spal','','images/20190824215014.jpg',0],[1419,'那不勒斯','拿玻里','Napoli','','images/1419/1j9ah1053g16.png',0],[2960,'萨索洛','莎索羅','Sassuolo','','images/164869078921.png',0]];
var TotalBs = [[1,154,38,24,1,13,63.2,2.6,34.2],[2,523,38,23,3,12,60.5,7.9,31.6],[3,1419,38,21,4,13,55.3,10.5,34.2],[4,185,38,21,1,16,55.3,2.6,42.1],[5,179,38,21,1,16,55.3,2.6,42.1],[6,182,38,19,1,18,50,2.6,47.4],[7,174,38,19,1,18,50,2.6,47.4],[8,1408,38,19,1,18,50,2.6,47.4],[9,2960,38,19,0,19,50,0,50],[10,189,38,18,1,19,47.4,2.6,50],[11,183,38,18,0,20,47.4,0,52.6],[12,195,38,17,2,19,44.7,5.3,50],[13,1359,38,17,2,19,44.7,5.3,50],[14,552,38,16,1,21,42.1,2.6,55.3],[15,187,38,16,1,21,42.1,2.6,55.3],[16,150,38,16,1,21,42.1,2.6,55.3],[17,558,38,16,0,22,42.1,0,57.9],[18,166,38,15,3,20,39.5,7.9,52.6],[19,152,38,15,2,21,39.5,5.3,55.3],[20,176,38,14,0,24,36.8,0,63.2]];
var HomeBs = [[1,182,19,12,1,6,63.2,5.3,31.6],[2,174,19,12,1,6,63.2,5.3,31.6],[3,154,19,12,0,7,63.2,0,36.8],[4,523,19,11,2,6,57.9,10.5,31.6],[5,2960,19,11,0,8,57.9,0,42.1],[6,185,19,11,0,8,57.9,0,42.1],[7,150,19,10,1,8,52.6,5.3,42.1],[8,1408,19,10,0,9,52.6,0,47.4],[9,558,19,10,0,9,52.6,0,47.4],[10,183,19,10,0,9,52.6,0,47.4],[11,1419,19,9,3,7,47.4,15.8,36.8],[12,195,19,9,0,10,47.4,0,52.6],[13,1359,19,9,0,10,47.4,0,52.6],[14,179,19,8,0,11,42.1,0,57.9],[15,166,19,7,2,10,36.8,10.5,52.6],[16,187,19,7,1,11,36.8,5.3,57.9],[17,552,19,7,0,12,36.8,0,63.2],[18,189,19,7,0,12,36.8,0,63.2],[19,176,19,6,0,13,31.6,0,68.4],[20,152,19,4,2,13,21.1,10.5,68.4]];
var GuestBs = [[1,179,19,13,1,5,68.4,5.3,26.3],[2,154,19,12,1,6,63.2,5.3,31.6],[3,1419,19,12,1,6,63.2,5.3,31.6],[4,523,19,12,1,6,63.2,5.3,31.6],[5,189,19,11,1,7,57.9,5.3,36.8],[6,152,19,11,0,8,57.9,0,42.1],[7,185,19,10,1,8,52.6,5.3,42.1],[8,1408,19,9,1,9,47.4,5.3,47.4],[9,552,19,9,1,9,47.4,5.3,47.4],[10,187,19,9,0,10,47.4,0,52.6],[11,1359,19,8,2,9,42.1,10.5,47.4],[12,195,19,8,2,9,42.1,10.5,47.4],[13,166,19,8,1,10,42.1,5.3,52.6],[14,183,19,8,0,11,42.1,0,57.9],[15,2960,19,8,0,11,42.1,0,57.9],[16,176,19,8,0,11,42.1,0,57.9],[17,174,19,7,0,12,36.8,0,63.2],[18,182,19,7,0,12,36.8,0,63.2],[19,558,19,6,0,13,31.6,0,68.4],[20,150,19,6,0,13,31.6,0,68.4]];
var TotalBsHalf = [[1,523,38,17,10,11,44.7,26.3,28.9],[2,552,38,17,9,12,44.7,23.7,31.6],[3,1408,38,16,7,15,42.1,18.4,39.5],[4,185,38,16,7,15,42.1,18.4,39.5],[5,1419,38,16,4,18,42.1,10.5,47.4],[6,1359,38,15,10,13,39.5,26.3,34.2],[7,179,38,15,8,15,39.5,21.1,39.5],[8,2960,38,14,10,14,36.8,26.3,36.8],[9,174,38,14,8,16,36.8,21.1,42.1],[10,154,38,14,8,16,36.8,21.1,42.1],[11,166,38,13,10,15,34.2,26.3,39.5],[12,195,38,13,8,17,34.2,21.1,44.7],[13,183,38,12,16,10,31.6,42.1,26.3],[14,187,38,12,13,13,31.6,34.2,34.2],[15,176,38,12,8,18,31.6,21.1,47.4],[16,182,38,11,12,15,28.9,31.6,39.5],[17,189,38,11,7,20,28.9,18.4,52.6],[18,558,38,10,12,16,26.3,31.6,42.1],[19,150,38,7,15,16,18.4,39.5,42.1],[20,152,38,7,10,21,18.4,26.3,55.3]];
var HomeBsHalf = [[1,174,19,10,2,7,52.6,10.5,36.8],[2,523,19,9,6,4,47.4,31.6,21.1],[3,2960,19,9,4,6,47.4,21.1,31.6],[4,1359,19,8,5,6,42.1,26.3,31.6],[5,166,19,8,4,7,42.1,21.1,36.8],[6,182,19,8,3,8,42.1,15.8,42.1],[7,1419,19,8,1,10,42.1,5.3,52.6],[8,195,19,7,6,6,36.8,31.6,31.6],[9,552,19,7,5,7,36.8,26.3,36.8],[10,187,19,6,7,6,31.6,36.8,31.6],[11,558,19,6,6,7,31.6,31.6,36.8],[12,1408,19,6,5,8,31.6,26.3,42.1],[13,176,19,6,5,8,31.6,26.3,42.1],[14,154,19,6,4,9,31.6,21.1,47.4],[15,189,19,6,3,10,31.6,15.8,52.6],[16,183,19,5,9,5,26.3,47.4,26.3],[17,185,19,5,5,9,26.3,26.3,47.4],[18,179,19,5,5,9,26.3,26.3,47.4],[19,150,19,4,7,8,21.1,36.8,42.1],[20,152,19,2,4,13,10.5,21.1,68.4]];
var GuestBsHalf = [[1,185,19,11,2,6,57.9,10.5,31.6],[2,552,19,10,4,5,52.6,21.1,26.3],[3,179,19,10,3,6,52.6,15.8,31.6],[4,1408,19,10,2,7,52.6,10.5,36.8],[5,154,19,8,4,7,42.1,21.1,36.8],[6,523,19,8,4,7,42.1,21.1,36.8],[7,1419,19,8,3,8,42.1,15.8,42.1],[8,183,19,7,7,5,36.8,36.8,26.3],[9,1359,19,7,5,7,36.8,26.3,36.8],[10,187,19,6,6,7,31.6,31.6,36.8],[11,176,19,6,3,10,31.6,15.8,52.6],[12,195,19,6,2,11,31.6,10.5,57.9],[13,166,19,5,6,8,26.3,31.6,42.1],[14,2960,19,5,6,8,26.3,31.6,42.1],[15,152,19,5,6,8,26.3,31.6,42.1],[16,189,19,5,4,10,26.3,21.1,52.6],[17,558,19,4,6,9,21.1,31.6,47.4],[18,174,19,4,6,9,21.1,31.6,47.4],[19,182,19,3,9,7,15.8,47.4,36.8],[20,150,19,3,8,8,15.8,42.1,42.1]];
var addUp = [364,47.9,26,3.4,370,48.7,[63.2,154],[63.2,176],[63.2,182,174,154],[68.4,176,152],[68.4,179],[68.4,558,150]];
var addUpHalf = [262,34.5,192,25.3,306,40.3,[44.7,523,552],[55.3,152],[52.6,174],[68.4,152],[57.9,185],[57.9,195]];
var lastUpdateTime = '2025-01-19 10:39:32';
