var arrLeague = [16,'荷兰甲组联赛','荷蘭甲組聯賽','Holland Eredivisie','2019-2020','#FF6699','league_match/images/20210531104733.png','荷甲','荷甲','HOL D1'];
var arrTeam = [[225,'威廉二世','威廉二世','Willem II','','images/225/1gq6hnbe3q23.png',0],[234,'阿尔克马尔','艾克馬亞','AZ Alkmaar','','images/165095691021.png',0],[235,'海伦芬','海倫維恩','SC Heerenveen','','images/165095697544.png',0],[236,'格罗宁根','高寧根','Groningen','','images/16509569590.png',0],[237,'乌德勒支','烏德勒支','FC Utrecht','','images/165095716992.png',0],[241,'瓦尔韦克','RKC華域克','RKC Waalwijk','','images/165095708910.png',0],[246,'维迪斯','維迪斯','Vitesse Arnhem','','images/165095712094.png',0],[250,'特温特','川迪','FC Twente Enschede','','images/165095707230.png',0],[252,'费耶诺德','飛燕諾','Feyenoord','','images/165095692730.png',0],[253,'阿贾克斯','阿積士','AFC Ajax','','images/253/1gtg0nv66q2p.png',0],[254,'埃因霍温','PSV燕豪芬','PSV Eindhoven','','images/254/1gtg0nv5pw24.png',0],[256,'海牙','海牙','ADO Den Haag','','images/256/1gtg0nv6662e.png',0],[273,'鹿特丹斯巴达','鹿特丹斯巴達','Sparta Rotterdam','','images/165095702458.png',0],[274,'福图纳锡塔德','幸運薛達','Fortuna Sittard','','images/165095694366.png',0],[277,'芬洛','芬洛','VVV Venlo','','images/277/1h1n1jqk031t.png',0],[278,'赫拉克莱斯','荷華高斯','Heracles Almelo','','images/165095718777.png',0],[414,'兹沃勒','施禾尼','PEC Zwolle','','images/16509571534.png',0],[1093,'安曼','安曼','Emmen','','images/1093/1h5bjb8w50b.png',0]];
var TotalBs = [[1,414,26,15,2,9,57.7,7.7,34.6],[2,254,26,12,5,9,46.2,19.2,34.6],[3,273,26,12,5,9,46.2,19.2,34.6],[4,277,26,12,2,12,46.2,7.7,46.2],[5,241,26,11,6,9,42.3,23.1,34.6],[6,235,26,11,5,10,42.3,19.2,38.5],[7,256,26,11,4,11,42.3,15.4,42.3],[8,253,25,11,3,11,44,12,44],[9,252,25,11,1,13,44,4,52],[10,274,26,11,2,13,42.3,7.7,50],[11,278,26,11,0,15,42.3,0,57.7],[12,237,25,9,9,7,36,36,28],[13,250,26,9,6,11,34.6,23.1,42.3],[14,225,26,9,4,13,34.6,15.4,50],[15,246,26,8,7,11,30.8,26.9,42.3],[16,1093,26,8,2,16,30.8,7.7,61.5],[17,234,25,7,4,14,28,16,56],[18,236,26,6,3,17,23.1,11.5,65.4]];
var HomeBs = [[1,414,12,10,0,2,83.3,0,16.7],[2,278,13,8,0,5,61.5,0,38.5],[3,254,12,7,2,3,58.3,16.7,25],[4,273,13,7,3,3,53.8,23.1,23.1],[5,250,13,6,2,5,46.2,15.4,38.5],[6,277,13,6,1,6,46.2,7.7,46.2],[7,274,13,6,1,6,46.2,7.7,46.2],[8,234,13,6,0,7,46.2,0,53.8],[9,252,13,6,0,7,46.2,0,53.8],[10,237,12,5,5,2,41.7,41.7,16.7],[11,253,13,5,2,6,38.5,15.4,46.2],[12,1093,13,4,1,8,30.8,7.7,61.5],[13,246,13,3,5,5,23.1,38.5,38.5],[14,241,13,3,4,6,23.1,30.8,46.2],[15,225,13,3,2,8,23.1,15.4,61.5],[16,235,14,3,3,8,21.4,21.4,57.1],[17,256,13,2,2,9,15.4,15.4,69.2],[18,236,13,2,2,9,15.4,15.4,69.2]];
var GuestBs = [[1,256,13,9,2,2,69.2,15.4,15.4],[2,235,12,8,2,2,66.7,16.7,16.7],[3,241,13,8,2,3,61.5,15.4,23.1],[4,225,13,6,2,5,46.2,15.4,38.5],[5,253,12,6,1,5,50,8.3,41.7],[6,277,13,6,1,6,46.2,7.7,46.2],[7,246,13,5,2,6,38.5,15.4,46.2],[8,252,12,5,1,6,41.7,8.3,50],[9,273,13,5,2,6,38.5,15.4,46.2],[10,254,14,5,3,6,35.7,21.4,42.9],[11,274,13,5,1,7,38.5,7.7,53.8],[12,414,14,5,2,7,35.7,14.3,50],[13,237,13,4,4,5,30.8,30.8,38.5],[14,1093,13,4,1,8,30.8,7.7,61.5],[15,236,13,4,1,8,30.8,7.7,61.5],[16,250,13,3,4,6,23.1,30.8,46.2],[17,278,13,3,0,10,23.1,0,76.9],[18,234,12,1,4,7,8.3,33.3,58.3]];
var TotalBsHalf = [[1,235,26,14,1,11,53.8,3.8,42.3],[2,414,26,13,2,11,50,7.7,42.3],[3,234,25,13,0,12,52,0,48],[4,246,26,13,1,12,50,3.8,46.2],[5,256,26,13,0,13,50,0,50],[6,252,25,12,1,12,48,4,48],[7,273,26,12,0,14,46.2,0,53.8],[8,225,26,10,3,13,38.5,11.5,50],[9,277,26,10,2,14,38.5,7.7,53.8],[10,237,25,10,0,15,40,0,60],[11,274,26,10,0,16,38.5,0,61.5],[12,241,26,9,1,16,34.6,3.8,61.5],[13,250,26,8,1,17,30.8,3.8,65.4],[14,253,25,8,0,17,32,0,68],[15,254,26,8,1,17,30.8,3.8,65.4],[16,1093,26,8,1,17,30.8,3.8,65.4],[17,236,26,7,8,11,26.9,30.8,42.3],[18,278,26,6,2,18,23.1,7.7,69.2]];
var HomeBsHalf = [[1,414,12,9,1,2,75,8.3,16.7],[2,254,12,7,0,5,58.3,0,41.7],[3,273,13,7,0,6,53.8,0,46.2],[4,246,13,7,0,6,53.8,0,46.2],[5,274,13,7,0,6,53.8,0,46.2],[6,277,13,6,1,6,46.2,7.7,46.2],[7,252,13,6,0,7,46.2,0,53.8],[8,250,13,5,1,7,38.5,7.7,53.8],[9,1093,13,5,1,7,38.5,7.7,53.8],[10,278,13,5,0,8,38.5,0,61.5],[11,235,14,5,1,8,35.7,7.1,57.1],[12,234,13,5,0,8,38.5,0,61.5],[13,237,12,4,0,8,33.3,0,66.7],[14,256,13,4,0,9,30.8,0,69.2],[15,253,13,4,0,9,30.8,0,69.2],[16,225,13,4,0,9,30.8,0,69.2],[17,236,13,1,6,6,7.7,46.2,46.2],[18,241,13,1,1,11,7.7,7.7,84.6]];
var GuestBsHalf = [[1,235,12,9,0,3,75,0,25],[2,256,13,9,0,4,69.2,0,30.8],[3,234,12,8,0,4,66.7,0,33.3],[4,241,13,8,0,5,61.5,0,38.5],[5,225,13,6,3,4,46.2,23.1,30.8],[6,236,13,6,2,5,46.2,15.4,38.5],[7,252,12,6,1,5,50,8.3,41.7],[8,246,13,6,1,6,46.2,7.7,46.2],[9,237,13,6,0,7,46.2,0,53.8],[10,273,13,5,0,8,38.5,0,61.5],[11,253,12,4,0,8,33.3,0,66.7],[12,277,13,4,1,8,30.8,7.7,61.5],[13,414,14,4,1,9,28.6,7.1,64.3],[14,274,13,3,0,10,23.1,0,76.9],[15,250,13,3,0,10,23.1,0,76.9],[16,1093,13,3,0,10,23.1,0,76.9],[17,278,13,1,2,10,7.7,15.4,76.9],[18,254,14,1,1,12,7.1,7.1,85.7]];
var addUp = [184,39.7,70,15.1,210,45.3,[57.7,414],[65.4,236],[83.3,414],[69.2,256,236],[69.2,256],[76.9,278]];
var addUpHalf = [184,39.7,24,5.2,256,55.2,[53.8,235],[69.2,278],[75,414],[84.6,241],[75,235],[85.7,254]];
var lastUpdateTime = '2025-01-19 09:03:41';
