var arrLeague = [8,'德国甲组联赛','德國甲組聯賽','German Bundesliga','2017-2018','#990099','league_match/images/166674997937.png','德甲','德甲','GER D1'];
var arrTeam = [[88,'拜仁慕尼黑','拜仁慕尼黑','Bayern Munchen','','images/1jarzw1r4wn.png',0],[99,'多特蒙德','多蒙特','Borussia Dortmund','','images/164870996363.png',0],[128,'门兴格拉德巴赫','慕遜加柏','Borussia Monchengladbach','','images/16487114506.png',0],[132,'云达不莱梅','雲達不萊梅','Werder Bremen','','images/2013119144220.jpg',0],[139,'柏林赫塔','哈化柏林','Hertha Berlin','','images/16487114635.png',0],[149,'沃尔夫斯堡','沃爾夫斯堡','VfL Wolfsburg','','images/164871147946.png',0],[151,'沙尔克04','史浩克零四','Schalke 04','','images/2013119145317.jpg',0],[155,'斯图加特','史特加','VfB Stuttgart','','images/164871149852.png',0],[160,'汉堡','漢堡','Hamburger SV','','images/2013119151640.jpg',0],[162,'美因茨','緬恩斯','FSV Mainz 05','','images/164871151364.png',0],[165,'勒沃库森','利華古遜','Bayer Leverkusen','','images/164871152472.png',0],[169,'汉诺威96','漢諾威','Hannover 96','','images/201312092606.jpg',0],[172,'弗赖堡','費雷堡','SC Freiburg','','images/164871154089.png',0],[423,'法兰克福','法蘭克福','Eintracht Frankfurt','','images/164871155563.png',0],[490,'科隆','科隆','FC Koln','','images/164871158236.png',0],[1078,'霍芬海姆','賀芬咸','TSG Hoffenheim','','images/164871159920.png',0],[1135,'奥格斯堡','奧格斯堡','Augsburg','','images/164871162622.png',0],[13201,'RB莱比锡','RB萊比錫','RB Leipzig','','images/164871164178.png',0]];
var TotalBs = [[1,490,34,20,1,13,58.8,2.9,38.2],[2,423,34,20,0,14,58.8,0,41.2],[3,13201,34,19,2,13,55.9,5.9,38.2],[4,88,34,18,4,12,52.9,11.8,35.3],[5,1078,34,18,0,16,52.9,0,47.1],[6,165,34,17,2,15,50,5.9,44.1],[7,128,34,17,0,17,50,0,50],[8,169,34,16,1,17,47.1,2.9,50],[9,1135,34,16,1,17,47.1,2.9,50],[10,172,34,16,0,18,47.1,0,52.9],[11,99,34,15,4,15,44.1,11.8,44.1],[12,139,34,15,0,19,44.1,0,55.9],[13,162,34,15,0,19,44.1,0,55.9],[14,160,34,14,2,18,41.2,5.9,52.9],[15,149,34,14,2,18,41.2,5.9,52.9],[16,132,34,14,0,20,41.2,0,58.8],[17,151,34,12,2,20,35.3,5.9,58.8],[18,155,34,10,1,23,29.4,2.9,67.6]];
var HomeBs = [[1,88,17,12,1,4,70.6,5.9,23.5],[2,13201,17,10,2,5,58.8,11.8,29.4],[3,99,17,10,0,7,58.8,0,41.2],[4,423,17,10,0,7,58.8,0,41.2],[5,1135,17,9,1,7,52.9,5.9,41.2],[6,490,17,9,0,8,52.9,0,47.1],[7,1078,17,9,0,8,52.9,0,47.1],[8,169,17,9,0,8,52.9,0,47.1],[9,139,17,9,0,8,52.9,0,47.1],[10,128,17,8,0,9,47.1,0,52.9],[11,149,17,7,2,8,41.2,11.8,47.1],[12,165,17,7,2,8,41.2,11.8,47.1],[13,160,17,7,1,9,41.2,5.9,52.9],[14,162,17,7,0,10,41.2,0,58.8],[15,132,17,7,0,10,41.2,0,58.8],[16,172,17,6,0,11,35.3,0,64.7],[17,151,17,5,1,11,29.4,5.9,64.7],[18,155,17,2,1,14,11.8,5.9,82.4]];
var GuestBs = [[1,490,17,11,1,5,64.7,5.9,29.4],[2,165,17,10,0,7,58.8,0,41.2],[3,172,17,10,0,7,58.8,0,41.2],[4,423,17,10,0,7,58.8,0,41.2],[5,1078,17,9,0,8,52.9,0,47.1],[6,13201,17,9,0,8,52.9,0,47.1],[7,128,17,9,0,8,52.9,0,47.1],[8,155,17,8,0,9,47.1,0,52.9],[9,162,17,8,0,9,47.1,0,52.9],[10,169,17,7,1,9,41.2,5.9,52.9],[11,160,17,7,1,9,41.2,5.9,52.9],[12,151,17,7,1,9,41.2,5.9,52.9],[13,149,17,7,0,10,41.2,0,58.8],[14,132,17,7,0,10,41.2,0,58.8],[15,1135,17,7,0,10,41.2,0,58.8],[16,88,17,6,3,8,35.3,17.6,47.1],[17,139,17,6,0,11,35.3,0,64.7],[18,99,17,5,4,8,29.4,23.5,47.1]];
var TotalBsHalf = [[1,88,34,21,0,13,61.8,0,38.2],[2,162,34,15,8,11,44.1,23.5,32.4],[3,13201,34,14,8,12,41.2,23.5,35.3],[4,99,34,14,1,19,41.2,2.9,55.9],[5,128,34,13,8,13,38.2,23.5,38.2],[6,149,34,13,8,13,38.2,23.5,38.2],[7,1135,34,12,13,9,35.3,38.2,26.5],[8,160,34,12,10,12,35.3,29.4,35.3],[9,132,34,12,9,13,35.3,26.5,38.2],[10,169,34,12,5,17,35.3,14.7,50],[11,151,34,11,13,10,32.4,38.2,29.4],[12,165,34,11,4,19,32.4,11.8,55.9],[13,139,34,10,8,16,29.4,23.5,47.1],[14,172,34,9,7,18,26.5,20.6,52.9],[15,1078,34,9,3,22,26.5,8.8,64.7],[16,423,34,8,17,9,23.5,50,26.5],[17,490,34,8,17,9,23.5,50,26.5],[18,155,34,8,11,15,23.5,32.4,44.1]];
var HomeBsHalf = [[1,88,17,14,0,3,82.4,0,17.6],[2,13201,17,9,3,5,52.9,17.6,29.4],[3,162,17,8,4,5,47.1,23.5,29.4],[4,1135,17,7,7,3,41.2,41.2,17.6],[5,149,17,7,3,7,41.2,17.6,41.2],[6,169,17,7,1,9,41.2,5.9,52.9],[7,99,17,7,0,10,41.2,0,58.8],[8,139,17,6,5,6,35.3,29.4,35.3],[9,132,17,6,4,7,35.3,23.5,41.2],[10,165,17,6,1,10,35.3,5.9,58.8],[11,490,17,5,8,4,29.4,47.1,23.5],[12,151,17,4,9,4,23.5,52.9,23.5],[13,128,17,4,6,7,23.5,35.3,41.2],[14,155,17,4,5,8,23.5,29.4,47.1],[15,160,17,4,5,8,23.5,29.4,47.1],[16,423,17,3,9,5,17.6,52.9,29.4],[17,1078,17,3,1,13,17.6,5.9,76.5],[18,172,17,2,4,11,11.8,23.5,64.7]];
var GuestBsHalf = [[1,128,17,9,2,6,52.9,11.8,35.3],[2,160,17,8,5,4,47.1,29.4,23.5],[3,162,17,7,4,6,41.2,23.5,35.3],[4,151,17,7,4,6,41.2,23.5,35.3],[5,172,17,7,3,7,41.2,17.6,41.2],[6,99,17,7,1,9,41.2,5.9,52.9],[7,88,17,7,0,10,41.2,0,58.8],[8,132,17,6,5,6,35.3,29.4,35.3],[9,149,17,6,5,6,35.3,29.4,35.3],[10,1078,17,6,2,9,35.3,11.8,52.9],[11,423,17,5,8,4,29.4,47.1,23.5],[12,1135,17,5,6,6,29.4,35.3,35.3],[13,13201,17,5,5,7,29.4,29.4,41.2],[14,169,17,5,4,8,29.4,23.5,47.1],[15,165,17,5,3,9,29.4,17.6,52.9],[16,155,17,4,6,7,23.5,35.3,41.2],[17,139,17,4,3,10,23.5,17.6,58.8],[18,490,17,3,9,5,17.6,52.9,29.4]];
var addUp = [286,46.7,22,3.6,304,49.7,[58.8,490,423],[67.6,155],[70.6,88],[82.4,155],[64.7,490],[64.7,139]];
var addUpHalf = [212,34.6,150,24.5,250,40.8,[61.8,88],[64.7,1078],[82.4,88],[76.5,1078],[52.9,128],[58.8,88,139]];
var lastUpdateTime = '2025-01-19 11:33:14';
