var arrLeague = [10,'俄罗斯超级联赛','俄羅斯超級聯賽','Russia Premier League','2013-2014','#006699','league_match/images/20200411092415.jpg','俄超','俄超','RUS PR'];
var arrTeam = [[296,'莫斯科鱼雷','莫斯科魚雷','Torpedo Moscow','','images/296/1h5bjf6tw33.png',0],[298,'阿姆卡尔','安卡','Amkar Perm','','images/298/1gx0nnphdv0.png',0],[300,'苏维埃之翼','蘇維杜夫','Krylya Sovetov','','images/165095551520.png',0],[395,'圣彼得堡泽尼特','聖彼德斯堡','Zenit St. Petersburg','','images/395/1hnyhx549p2m.png',0],[407,'莫斯科中央陆军','莫斯科中央陸軍','CSKA Moscow','','images/407/1gtqm0cjh91x.png',0],[411,'莫斯科斯巴达','莫斯科斯巴達','Spartak Moscow','','images/165095544593.png',0],[416,'莫斯科迪纳摩','莫斯科戴拿模','Dynamo Moscow','','images/416/1gtqm0cjhm20.png',0],[420,'莫斯科火车头','莫斯科火車頭','Lokomotiv Moscow','','images/165095543060.png',0],[429,'罗斯托夫','羅斯杜夫','Rostov FK','','images/165095539431.png',0],[435,'库班','庫班','Kuban Krasnodar','','images/20130711102033.jpg',0],[441,'喀山红宝石','卡山魯賓','Rubin Kazan','','images/441/1gq15ejwg51f.png',0],[605,'格罗兹尼特里克','塔利克','Terek Grozny','','images/165095534661.png',0],[2036,'托木斯克','湯斯克','Tom Tomsk','','images/20130414164214.gif',0],[2450,'乌拉尔','烏拉爾','Ural Sverdlovsk Oblast','','images/165095556739.png',0],[2460,'安郅马哈奇卡拉','安捷','Anzhi Makhachkala','','images/20160729172410.jpg',0],[8271,'下诺夫哥罗德伏尔加','伏爾加','Volga Nizhny Novgorod','','images/20130411103418.jpg',0],[10112,'克拉斯诺达尔','克拉斯諾達爾','FC Krasnodar','','images/10112/1gtqm0cjha2q.png',0],[13988,'乌法','烏法','FC Ufa','','images/13988/1grgc5aqm72w.png',0]];
var TotalBs = [[1,8271,30,20,0,10,66.7,0,33.3],[2,395,29,18,0,11,62.1,0,37.9],[3,420,30,18,0,12,60,0,40],[4,416,29,17,0,12,58.6,0,41.4],[5,10112,30,17,0,13,56.7,0,43.3],[6,435,30,17,0,13,56.7,0,43.3],[7,2450,30,16,0,14,53.3,0,46.7],[8,407,30,16,0,14,53.3,0,46.7],[9,411,30,16,0,14,53.3,0,46.7],[10,298,30,15,0,15,50,0,50],[11,429,30,15,0,15,50,0,50],[12,300,32,14,2,16,43.8,6.2,50],[13,2460,30,14,0,16,46.7,0,53.3],[14,441,30,14,0,16,46.7,0,53.3],[15,2036,32,14,1,17,43.8,3.1,53.1],[16,605,30,9,1,20,30,3.3,66.7],[17,13988,2,2,0,0,100,0,0],[18,296,2,0,0,2,0,0,100]];
var HomeBs = [[1,435,15,11,0,4,73.3,0,26.7],[2,2450,15,10,0,5,66.7,0,33.3],[3,2036,16,9,1,6,56.2,6.2,37.5],[4,441,15,9,0,6,60,0,40],[5,8271,15,9,0,6,60,0,40],[6,416,15,8,0,7,53.3,0,46.7],[7,420,15,8,0,7,53.3,0,46.7],[8,429,15,8,0,7,53.3,0,46.7],[9,300,16,8,1,7,50,6.2,43.8],[10,411,15,8,0,7,53.3,0,46.7],[11,10112,15,8,0,7,53.3,0,46.7],[12,395,14,7,0,7,50,0,50],[13,2460,15,7,0,8,46.7,0,53.3],[14,298,15,7,0,8,46.7,0,53.3],[15,407,15,6,0,9,40,0,60],[16,605,15,2,0,13,13.3,0,86.7],[17,13988,1,1,0,0,100,0,0],[18,296,1,0,0,1,0,0,100]];
var GuestBs = [[1,8271,15,11,0,4,73.3,0,26.7],[2,395,15,11,0,4,73.3,0,26.7],[3,420,15,10,0,5,66.7,0,33.3],[4,407,15,10,0,5,66.7,0,33.3],[5,416,14,9,0,5,64.3,0,35.7],[6,10112,15,9,0,6,60,0,40],[7,298,15,8,0,7,53.3,0,46.7],[8,411,15,8,0,7,53.3,0,46.7],[9,605,15,7,1,7,46.7,6.7,46.7],[10,429,15,7,0,8,46.7,0,53.3],[11,2460,15,7,0,8,46.7,0,53.3],[12,435,15,6,0,9,40,0,60],[13,300,16,6,1,9,37.5,6.2,56.2],[14,2450,15,6,0,9,40,0,60],[15,441,15,5,0,10,33.3,0,66.7],[16,2036,16,5,0,11,31.2,0,68.8],[17,13988,1,1,0,0,100,0,0],[18,13988,0,0,0,0,0,0,0],[19,296,0,0,0,0,0,0,0],[20,296,1,0,0,1,0,0,100]];
var TotalBsHalf = [[1,300,32,14,10,8,43.8,31.2,25],[2,8271,30,14,5,11,46.7,16.7,36.7],[3,298,30,13,9,8,43.3,30,26.7],[4,435,30,13,5,12,43.3,16.7,40],[5,2036,32,13,5,14,40.6,15.6,43.8],[6,395,27,12,8,7,44.4,29.6,25.9],[7,2450,29,12,8,9,41.4,27.6,31],[8,2460,30,12,7,11,40,23.3,36.7],[9,407,30,11,10,9,36.7,33.3,30],[10,605,29,11,7,11,37.9,24.1,37.9],[11,411,30,10,12,8,33.3,40,26.7],[12,441,30,10,6,14,33.3,20,46.7],[13,10112,29,9,14,6,31,48.3,20.7],[14,429,29,9,11,9,31,37.9,31],[15,420,28,9,6,13,32.1,21.4,46.4],[16,416,26,8,8,10,30.8,30.8,38.5],[17,13988,2,2,0,0,100,0,0],[18,296,1,1,0,0,100,0,0]];
var HomeBsHalf = [[1,435,15,9,3,3,60,20,20],[2,300,16,9,2,5,56.2,12.5,31.2],[3,441,15,9,1,5,60,6.7,33.3],[4,395,14,7,3,4,50,21.4,28.6],[5,2450,15,7,3,5,46.7,20,33.3],[6,2036,16,7,2,7,43.8,12.5,43.8],[7,411,15,6,6,3,40,40,20],[8,298,15,6,4,5,40,26.7,33.3],[9,10112,15,5,8,2,33.3,53.3,13.3],[10,8271,15,5,5,5,33.3,33.3,33.3],[11,2460,15,5,3,7,33.3,20,46.7],[12,407,15,4,5,6,26.7,33.3,40],[13,429,15,4,4,7,26.7,26.7,46.7],[14,605,15,3,7,5,20,46.7,33.3],[15,416,15,3,6,6,20,40,40],[16,420,15,3,5,7,20,33.3,46.7],[17,13988,1,1,0,0,100,0,0],[18,13988,1,1,0,0,100,0,0],[19,296,1,1,0,0,100,0,0]];
var GuestBsHalf = [[1,8271,15,9,0,6,60,0,40],[2,605,14,8,0,6,57.1,0,42.9],[3,407,15,7,5,3,46.7,33.3,20],[4,298,15,7,5,3,46.7,33.3,20],[5,2460,15,7,4,4,46.7,26.7,26.7],[6,420,13,6,1,6,46.2,7.7,46.2],[7,2036,16,6,3,7,37.5,18.8,43.8],[8,429,14,5,7,2,35.7,50,14.3],[9,300,16,5,8,3,31.2,50,18.8],[10,395,13,5,5,3,38.5,38.5,23.1],[11,2450,14,5,5,4,35.7,35.7,28.6],[12,416,11,5,2,4,45.5,18.2,36.4],[13,10112,14,4,6,4,28.6,42.9,28.6],[14,411,15,4,6,5,26.7,40,33.3],[15,435,15,4,2,9,26.7,13.3,60],[16,441,15,1,5,9,6.7,33.3,60],[17,13988,0,0,0,0,0,0,0],[18,13988,0,0,0,0,0,0,0],[19,296,0,0,0,0,0,0,0]];
var addUp = [252,51.9,4,0.8,230,47.3,[100,13988],[100,296],[100,13988],[100,296],[100,13988],[100,296]];
var addUpHalf = [183,38.6,131,27.6,160,33.8,[100,13988,296],[46.7,441],[100,13988,13988,296],[46.7,2460,429,420],[60,8271],[60,435,441]];
var lastUpdateTime = '2025-06-24 14:24:40';
