var arrLeague = [36,'英格兰超级联赛','英格蘭超級聯賽','English Premier League','2020-2021','#FF3333','league_match/images/164577482086.png','英超','英超','ENG PR'];
var arrTeam = [[18,'西布罗姆维奇','西布朗','West Bromwich(WBA)','','images/164869092720.png',0],[19,'阿森纳','阿仙奴','Arsenal','','images/164577419697.png',0],[20,'阿斯顿维拉','阿士東維拉','Aston Villa','','images/1hzrbdqcqe1x.png',0],[24,'切尔西','車路士','Chelsea','','images/164577409120.png',0],[25,'利物浦','利物浦','Liverpool','','images/1j6np822z82a.png',0],[26,'曼彻斯特城','曼城','Manchester City','','images/164577478031.png',0],[27,'曼彻斯特联','曼聯','Manchester United','','images/164577479190.png',0],[28,'纽卡斯尔联','紐卡素','Newcastle United','','images/164577474623.png',0],[29,'富勒姆','富咸','Fulham','','images/16486909637.png',0],[30,'南安普敦','修咸頓','Southampton','','images/164577463784.png',0],[31,'埃弗顿','愛華頓','Everton','','images/164577449385.png',0],[33,'托特纳姆热刺','熱刺','Tottenham Hotspur','','images/1jdbdk17e62x.png',0],[35,'水晶宫','水晶宮','Crystal Palace','','images/164577426766.png',0],[46,'伯恩利','般尼','Burnley','','images/1h99zdamy01a.png',0],[51,'谢菲尔德联队','錫菲聯','Sheffield United','','images/164869103617.png',0],[52,'狼队','狼隊','Wolves','','images/164577451783.png',0],[56,'利兹联','列斯聯','Leeds United','','images/164577434254.png',0],[59,'莱斯特城','李斯特城','Leicester City','','images/164577432827.png',0],[60,'布莱顿','白禮頓','Brighton Hove Albion','','images/164577420829.png',0],[62,'西汉姆联','韋斯咸','West Ham United','','images/164577453830.png',0]];
var TotalBs = [[1,59,38,23,1,14,60.5,2.6,36.8],[2,27,38,21,2,15,55.3,5.3,39.5],[3,62,38,20,3,15,52.6,7.9,39.5],[4,18,38,20,1,17,52.6,2.6,44.7],[5,19,38,20,0,18,52.6,0,47.4],[6,20,38,19,3,16,50,7.9,42.1],[7,33,38,19,2,17,50,5.3,44.7],[8,35,38,19,1,18,50,2.6,47.4],[9,30,38,18,1,19,47.4,2.6,50],[10,28,38,18,0,20,47.4,0,52.6],[11,56,38,17,4,17,44.7,10.5,44.7],[12,60,38,17,0,21,44.7,0,55.3],[13,52,38,16,0,22,42.1,0,57.9],[14,24,38,15,2,21,39.5,5.3,55.3],[15,31,38,15,1,22,39.5,2.6,57.9],[16,26,38,14,4,20,36.8,10.5,52.6],[17,46,38,14,2,22,36.8,5.3,57.9],[18,25,38,13,3,22,34.2,7.9,57.9],[19,51,38,13,2,23,34.2,5.3,60.5],[20,29,38,11,2,25,28.9,5.3,65.8]];
var HomeBs = [[1,59,19,13,0,6,68.4,0,31.6],[2,28,19,12,0,7,63.2,0,36.8],[3,20,19,11,1,7,57.9,5.3,36.8],[4,62,19,11,0,8,57.9,0,42.1],[5,27,19,10,2,7,52.6,10.5,36.8],[6,18,19,10,1,8,52.6,5.3,42.1],[7,19,19,10,0,9,52.6,0,47.4],[8,33,19,9,1,9,47.4,5.3,47.4],[9,30,19,9,0,10,47.4,0,52.6],[10,31,19,9,0,10,47.4,0,52.6],[11,52,19,9,0,10,47.4,0,52.6],[12,60,19,8,0,11,42.1,0,57.9],[13,35,19,8,0,11,42.1,0,57.9],[14,26,19,7,2,10,36.8,10.5,52.6],[15,24,19,7,1,11,36.8,5.3,57.9],[16,56,19,6,3,10,31.6,15.8,52.6],[17,29,19,6,1,12,31.6,5.3,63.2],[18,51,19,6,1,12,31.6,5.3,63.2],[19,25,19,5,2,12,26.3,10.5,63.2],[20,46,19,5,2,12,26.3,10.5,63.2]];
var GuestBs = [[1,35,19,11,1,7,57.9,5.3,36.8],[2,56,19,11,1,7,57.9,5.3,36.8],[3,27,19,11,0,8,57.9,0,42.1],[4,59,19,10,1,8,52.6,5.3,42.1],[5,33,19,10,1,8,52.6,5.3,42.1],[6,18,19,10,0,9,52.6,0,47.4],[7,19,19,10,0,9,52.6,0,47.4],[8,62,19,9,3,7,47.4,15.8,36.8],[9,30,19,9,1,9,47.4,5.3,47.4],[10,60,19,9,0,10,47.4,0,52.6],[11,46,19,9,0,10,47.4,0,52.6],[12,20,19,8,2,9,42.1,10.5,47.4],[13,24,19,8,1,10,42.1,5.3,52.6],[14,25,19,8,1,10,42.1,5.3,52.6],[15,26,19,7,2,10,36.8,10.5,52.6],[16,51,19,7,1,11,36.8,5.3,57.9],[17,52,19,7,0,12,36.8,0,63.2],[18,31,19,6,1,12,31.6,5.3,63.2],[19,28,19,6,0,13,31.6,0,68.4],[20,29,19,5,1,13,26.3,5.3,68.4]];
var TotalBsHalf = [[1,18,38,22,6,10,57.9,15.8,26.3],[2,59,38,21,7,10,55.3,18.4,26.3],[3,46,38,19,6,13,50,15.8,34.2],[4,56,38,18,2,18,47.4,5.3,47.4],[5,35,38,17,8,13,44.7,21.1,34.2],[6,31,38,17,6,15,44.7,15.8,39.5],[7,30,38,16,13,9,42.1,34.2,23.7],[8,33,38,16,12,10,42.1,31.6,26.3],[9,62,38,16,10,12,42.1,26.3,31.6],[10,28,38,16,5,17,42.1,13.2,44.7],[11,27,38,16,4,18,42.1,10.5,47.4],[12,52,38,16,4,18,42.1,10.5,47.4],[13,19,38,15,6,17,39.5,15.8,44.7],[14,26,38,15,3,20,39.5,7.9,52.6],[15,25,38,12,2,24,31.6,5.3,63.2],[16,51,38,11,13,14,28.9,34.2,36.8],[17,20,38,11,6,21,28.9,15.8,55.3],[18,60,38,10,13,15,26.3,34.2,39.5],[19,24,38,10,11,17,26.3,28.9,44.7],[20,29,38,10,7,21,26.3,18.4,55.3]];
var HomeBsHalf = [[1,59,19,12,4,3,63.2,21.1,15.8],[2,18,19,11,2,6,57.9,10.5,31.6],[3,35,19,10,3,6,52.6,15.8,31.6],[4,46,19,10,3,6,52.6,15.8,31.6],[5,52,19,10,1,8,52.6,5.3,42.1],[6,31,19,9,3,7,47.4,15.8,36.8],[7,28,19,9,3,7,47.4,15.8,36.8],[8,26,19,8,1,10,42.1,5.3,52.6],[9,56,19,8,0,11,42.1,0,57.9],[10,30,19,7,7,5,36.8,36.8,26.3],[11,27,19,7,2,10,36.8,10.5,52.6],[12,29,19,7,2,10,36.8,10.5,52.6],[13,33,19,6,7,6,31.6,36.8,31.6],[14,24,19,6,4,9,31.6,21.1,47.4],[15,20,19,6,3,10,31.6,15.8,52.6],[16,19,19,6,2,11,31.6,10.5,57.9],[17,25,19,6,1,12,31.6,5.3,63.2],[18,62,19,5,10,4,26.3,52.6,21.1],[19,51,19,5,7,7,26.3,36.8,36.8],[20,60,19,4,7,8,21.1,36.8,42.1]];
var GuestBsHalf = [[1,18,19,11,4,4,57.9,21.1,21.1],[2,62,19,11,0,8,57.9,0,42.1],[3,33,19,10,5,4,52.6,26.3,21.1],[4,56,19,10,2,7,52.6,10.5,36.8],[5,30,19,9,6,4,47.4,31.6,21.1],[6,19,19,9,4,6,47.4,21.1,31.6],[7,59,19,9,3,7,47.4,15.8,36.8],[8,46,19,9,3,7,47.4,15.8,36.8],[9,27,19,9,2,8,47.4,10.5,42.1],[10,31,19,8,3,8,42.1,15.8,42.1],[11,35,19,7,5,7,36.8,26.3,36.8],[12,28,19,7,2,10,36.8,10.5,52.6],[13,26,19,7,2,10,36.8,10.5,52.6],[14,51,19,6,6,7,31.6,31.6,36.8],[15,60,19,6,6,7,31.6,31.6,36.8],[16,52,19,6,3,10,31.6,15.8,52.6],[17,25,19,6,1,12,31.6,5.3,63.2],[18,20,19,5,3,11,26.3,15.8,57.9],[19,24,19,4,7,8,21.1,36.8,42.1],[20,29,19,3,5,11,15.8,26.3,57.9]];
var addUp = [342,45,34,4.5,384,50.5,[60.5,59],[65.8,29],[68.4,59],[63.2,29,51,25,46],[57.9,35,56,27],[68.4,28,29]];
var addUpHalf = [304,40,144,18.9,312,41.1,[57.9,18],[63.2,25],[63.2,59],[63.2,25],[57.9,18,62],[63.2,25]];
var lastUpdateTime = '2025-01-18 16:50:09';
