var arrLeague = [4,'巴西甲组联赛','巴西甲組聯賽','Brazil Serie A','2020','#996600','league_match/images/20210621103014.png','巴西甲','巴西甲','BRA D1'];
var arrTeam = [[337,'桑托斯','山度士','Santos','','images/337/1gv1yhgq3n2e.png',0],[343,'米内罗竞技','明尼路','Atletico Mineiro','','images/343/1j9d3cawpn18.png',0],[347,'巴拉纳竞技','巴拉納體育會','Atletico Paranaense','','images/347/1gxhxt30w91z.png',0],[349,'科林蒂安','哥連泰斯','Corinthians Paulista (SP)','','images/349/1j9d3cawpe2k.png',0],[350,'科里蒂巴','哥列迪巴','Coritiba PR','','images/350/1gy3wybtj81j.png',0],[356,'弗拉门戈','法林明高','Flamengo','','images/356/1j9d3cawp41r.png',0],[360,'戈伊亚斯','戈亞斯','Goias','','images/360/1gtqpsvqgg2d.png',0],[364,'格雷米奥','甘美奧','Gremio (RS)','','images/364/1gq1fbpxrd5.png',0],[369,'巴西国际','國際體育會','Internacional RS','','images/369/1hxg39ttg32m.png',0],[453,'圣保罗','聖保羅','Sao Paulo','','images/453/1hxqrprbs1c.png',0],[456,'瓦斯科达伽马','華斯高','Vasco da Gama','','images/456/1j9d3cawpjh.png',0],[465,'帕尔梅拉斯','彭美拉斯','Palmeiras','','images/465/1gxsf3fvqe1p.png',0],[467,'博塔弗戈','保地花高','Botafogo RJ','','images/467/1gtqm76wzmz.png',0],[469,'弗鲁米嫩塞','富明尼斯','Fluminense RJ','','images/469/1hxqrprbsp13.png',0],[1979,'巴伊亚','巴希亞','Bahia','','images/1979/1grdmmb9f68.png',0],[2001,'福塔雷萨','科泰尼沙','Fortaleza','','images/2001/1gqxnqd00y2y.png',0],[2108,'塞阿拉','施亞拉','Ceara','','images/2108/1grmn77tvad.png',0],[3820,'布拉干蒂诺RB','巴拉干天奴','Bragantino','','images/3820/1gwnk9p3w710.png',0],[4176,'累西腓体育','利斯菲體育會','Sport Club do Recife','','images/4176/1gxsf3fv7a21.png',0],[5156,'戈亚尼亚竞技','戈亞尼恩斯','Atletico Clube Goianiense','','images/5156/1gtqpsvqgb1h.png',0]];
var TotalBs = [[1,343,38,21,1,16,55.3,2.6,42.1],[2,356,38,21,1,16,55.3,2.6,42.1],[3,1979,38,20,3,15,52.6,7.9,39.5],[4,467,38,19,5,14,50,13.2,36.8],[5,453,38,19,4,15,50,10.5,39.5],[6,349,38,19,4,15,50,10.5,39.5],[7,2108,38,19,3,16,50,7.9,42.1],[8,469,38,19,2,17,50,5.3,44.7],[9,456,38,18,1,19,47.4,2.6,50],[10,364,38,17,6,15,44.7,15.8,39.5],[11,369,38,17,5,16,44.7,13.2,42.1],[12,360,38,17,3,18,44.7,7.9,47.4],[13,3820,38,17,2,19,44.7,5.3,50],[14,350,38,16,2,20,42.1,5.3,52.6],[15,337,38,16,1,21,42.1,2.6,55.3],[16,5156,38,15,4,19,39.5,10.5,50],[17,465,38,14,6,18,36.8,15.8,47.4],[18,2001,38,14,3,21,36.8,7.9,55.3],[19,4176,38,13,2,23,34.2,5.3,60.5],[20,347,38,11,4,23,28.9,10.5,60.5]];
var HomeBs = [[1,364,19,12,1,6,63.2,5.3,31.6],[2,369,19,11,3,5,57.9,15.8,26.3],[3,2108,19,10,2,7,52.6,10.5,36.8],[4,349,19,10,2,7,52.6,10.5,36.8],[5,1979,19,10,2,7,52.6,10.5,36.8],[6,469,19,10,1,8,52.6,5.3,42.1],[7,356,19,10,0,9,52.6,0,47.4],[8,337,19,10,0,9,52.6,0,47.4],[9,467,19,9,3,7,47.4,15.8,36.8],[10,465,19,9,2,8,47.4,10.5,42.1],[11,343,19,9,1,9,47.4,5.3,47.4],[12,3820,19,9,0,10,47.4,0,52.6],[13,453,19,8,1,10,42.1,5.3,52.6],[14,456,19,8,1,10,42.1,5.3,52.6],[15,5156,19,7,4,8,36.8,21.1,42.1],[16,360,19,7,1,11,36.8,5.3,57.9],[17,4176,19,6,1,12,31.6,5.3,63.2],[18,2001,19,6,1,12,31.6,5.3,63.2],[19,347,19,5,3,11,26.3,15.8,57.9],[20,350,19,5,2,12,26.3,10.5,63.2]];
var GuestBs = [[1,343,19,12,0,7,63.2,0,36.8],[2,453,19,11,3,5,57.9,15.8,26.3],[3,356,19,11,1,7,57.9,5.3,36.8],[4,350,19,11,0,8,57.9,0,42.1],[5,360,19,10,2,7,52.6,10.5,36.8],[6,467,19,10,2,7,52.6,10.5,36.8],[7,1979,19,10,1,8,52.6,5.3,42.1],[8,456,19,10,0,9,52.6,0,47.4],[9,349,19,9,2,8,47.4,10.5,42.1],[10,469,19,9,1,9,47.4,5.3,47.4],[11,2108,19,9,1,9,47.4,5.3,47.4],[12,2001,19,8,2,9,42.1,10.5,47.4],[13,3820,19,8,2,9,42.1,10.5,47.4],[14,5156,19,8,0,11,42.1,0,57.9],[15,4176,19,7,1,11,36.8,5.3,57.9],[16,369,19,6,2,11,31.6,10.5,57.9],[17,347,19,6,1,12,31.6,5.3,63.2],[18,337,19,6,1,12,31.6,5.3,63.2],[19,364,19,5,5,9,26.3,26.3,47.4],[20,465,19,5,4,10,26.3,21.1,52.6]];
var TotalBsHalf = [[1,349,38,25,3,10,65.8,7.9,26.3],[2,350,38,24,3,11,63.2,7.9,28.9],[3,369,38,24,2,12,63.2,5.3,31.6],[4,469,38,23,8,7,60.5,21.1,18.4],[5,1979,38,23,4,11,60.5,10.5,28.9],[6,347,38,23,0,15,60.5,0,39.5],[7,4176,38,21,4,13,55.3,10.5,34.2],[8,5156,38,21,4,13,55.3,10.5,34.2],[9,360,38,20,10,8,52.6,26.3,21.1],[10,456,38,20,7,11,52.6,18.4,28.9],[11,465,38,20,4,14,52.6,10.5,36.8],[12,453,38,19,8,11,50,21.1,28.9],[13,337,38,19,8,11,50,21.1,28.9],[14,467,38,18,7,13,47.4,18.4,34.2],[15,2108,38,18,5,15,47.4,13.2,39.5],[16,364,38,17,9,12,44.7,23.7,31.6],[17,2001,38,17,6,15,44.7,15.8,39.5],[18,343,38,16,15,7,42.1,39.5,18.4],[19,3820,38,16,5,17,42.1,13.2,44.7],[20,356,38,14,14,10,36.8,36.8,26.3]];
var HomeBsHalf = [[1,5156,19,13,3,3,68.4,15.8,15.8],[2,465,19,13,2,4,68.4,10.5,21.1],[3,369,19,13,2,4,68.4,10.5,21.1],[4,469,19,13,1,5,68.4,5.3,26.3],[5,349,19,12,3,4,63.2,15.8,21.1],[6,1979,19,12,2,5,63.2,10.5,26.3],[7,4176,19,11,2,6,57.9,10.5,31.6],[8,347,19,11,0,8,57.9,0,42.1],[9,337,19,10,5,4,52.6,26.3,21.1],[10,456,19,10,2,7,52.6,10.5,36.8],[11,350,19,10,1,8,52.6,5.3,42.1],[12,360,19,9,5,5,47.4,26.3,26.3],[13,343,19,9,4,6,47.4,21.1,31.6],[14,467,19,9,2,8,47.4,10.5,42.1],[15,453,19,8,4,7,42.1,21.1,36.8],[16,3820,19,8,4,7,42.1,21.1,36.8],[17,364,19,7,7,5,36.8,36.8,26.3],[18,356,19,7,7,5,36.8,36.8,26.3],[19,2108,19,7,5,7,36.8,26.3,36.8],[20,2001,19,7,2,10,36.8,10.5,52.6]];
var GuestBsHalf = [[1,350,19,14,2,3,73.7,10.5,15.8],[2,349,19,13,0,6,68.4,0,31.6],[3,347,19,12,0,7,63.2,0,36.8],[4,360,19,11,5,3,57.9,26.3,15.8],[5,453,19,11,4,4,57.9,21.1,21.1],[6,1979,19,11,2,6,57.9,10.5,31.6],[7,369,19,11,0,8,57.9,0,42.1],[8,2108,19,11,0,8,57.9,0,42.1],[9,469,19,10,7,2,52.6,36.8,10.5],[10,456,19,10,5,4,52.6,26.3,21.1],[11,2001,19,10,4,5,52.6,21.1,26.3],[12,4176,19,10,2,7,52.6,10.5,36.8],[13,364,19,10,2,7,52.6,10.5,36.8],[14,467,19,9,5,5,47.4,26.3,26.3],[15,337,19,9,3,7,47.4,15.8,36.8],[16,3820,19,8,1,10,42.1,5.3,52.6],[17,5156,19,8,1,10,42.1,5.3,52.6],[18,343,19,7,11,1,36.8,57.9,5.3],[19,356,19,7,7,5,36.8,36.8,26.3],[20,465,19,7,2,10,36.8,10.5,52.6]];
var addUp = [342,45,62,8.2,356,46.8,[55.3,343,356],[60.5,4176,347],[63.2,364],[63.2,4176,2001,350],[63.2,343],[63.2,347,337]];
var addUpHalf = [398,52.4,126,16.6,236,31.1,[65.8,349],[44.7,3820],[68.4,5156,465,369,469],[52.6,2001],[73.7,350],[52.6,3820,5156,465]];
var lastUpdateTime = '2025-01-18 17:49:04';
