var arrLeague = [23,'葡萄牙超级联赛','葡萄牙超級聯賽','Liga Portugal 1','2015-2016','#006665','league_match/images/1j5w1nhx8v10.png','葡超','葡超','POR D1'];
var arrTeam = [[440,'塞图巴尔','塞圖巴爾','Vitoria Setubal','','images/440/1hg209ez7sa.png',0],[443,'科英布拉大学','科英布拉大學','Academica Coimbra','','images/443/1j2j8ygkkf2c.png',0],[452,'马里迪莫','馬里迪莫','Maritimo','','images/165095610183.png',0],[457,'博阿维斯塔','博維斯塔','Boavista FC','','images/165095598511.png',0],[459,'布拉加','布拉加','Sporting Braga','','images/165095600132.png',0],[463,'本菲卡','賓菲加','Benfica','','images/165095593478.png',0],[466,'里斯本竞技','士砵亭','Sporting CP','','images/165095607959.png',0],[468,'波尔图','波圖','FC Porto','','images/165095597156.png',0],[476,'里奥阿维','里奧阿維','Rio Ave','','images/476/1hdajkkb221n.png',0],[486,'埃斯托里尔','伊斯托里爾','Estoril','','images/165095590467.png',0],[924,'摩里伦斯','摩里倫斯','Moreirense','','images/165095611817.png',0],[926,'比兰尼塞斯','比蘭倫斯','Belenenses','','images/165095595094.png',0],[927,'吉马良斯','甘馬雷斯','Vitoria Guimaraes','','images/165095604742.png',0],[951,'葡萄牙国民','國民隊','Nacional da Madeira','','images/951/1gxsf273jh2z.png',0],[1006,'费雷拉','費利拿','Pacos de Ferreira','','images/165095603251.png',0],[4974,'马迪亚拿','馬迪亞拿','CF Uniao Madeira','','images/2012121915744.gif',0],[9046,'阿罗卡','阿洛卡','FC Arouca','','images/16509559199.png',0],[19599,'唐迪拉','唐迪拉','CD Tondela','','images/165095615051.png',0]];
var TotalBs = [[1,926,34,21,3,10,61.8,8.8,29.4],[2,463,34,20,1,13,58.8,2.9,38.2],[3,468,34,19,2,13,55.9,5.9,38.2],[4,452,34,19,1,14,55.9,2.9,41.2],[5,951,34,19,1,14,55.9,2.9,41.2],[6,440,34,19,0,15,55.9,0,44.1],[7,466,34,19,0,15,55.9,0,44.1],[8,476,34,17,0,17,50,0,50],[9,443,34,16,5,13,47.1,14.7,38.2],[10,9046,34,16,3,15,47.1,8.8,44.1],[11,19599,34,16,2,16,47.1,5.9,47.1],[12,927,34,16,0,18,47.1,0,52.9],[13,459,34,16,0,18,47.1,0,52.9],[14,924,34,15,3,16,44.1,8.8,47.1],[15,486,34,14,3,17,41.2,8.8,50],[16,4974,34,14,1,19,41.2,2.9,55.9],[17,1006,34,13,1,20,38.2,2.9,58.8],[18,457,34,11,2,21,32.4,5.9,61.8]];
var HomeBs = [[1,463,17,12,1,4,70.6,5.9,23.5],[2,951,17,11,1,5,64.7,5.9,29.4],[3,459,17,11,0,6,64.7,0,35.3],[4,926,17,10,2,5,58.8,11.8,29.4],[5,9046,17,10,1,6,58.8,5.9,35.3],[6,443,17,9,3,5,52.9,17.6,29.4],[7,1006,17,9,0,8,52.9,0,47.1],[8,468,17,8,2,7,47.1,11.8,41.2],[9,486,17,8,1,8,47.1,5.9,47.1],[10,924,17,8,0,9,47.1,0,52.9],[11,466,17,8,0,9,47.1,0,52.9],[12,452,17,8,0,9,47.1,0,52.9],[13,4974,17,7,1,9,41.2,5.9,52.9],[14,440,17,7,0,10,41.2,0,58.8],[15,476,17,7,0,10,41.2,0,58.8],[16,19599,17,6,1,10,35.3,5.9,58.8],[17,927,17,6,0,11,35.3,0,64.7],[18,457,17,5,1,11,29.4,5.9,64.7]];
var GuestBs = [[1,440,17,12,0,5,70.6,0,29.4],[2,452,17,11,1,5,64.7,5.9,29.4],[3,926,17,11,1,5,64.7,5.9,29.4],[4,466,17,11,0,6,64.7,0,35.3],[5,468,17,11,0,6,64.7,0,35.3],[6,19599,17,10,1,6,58.8,5.9,35.3],[7,476,17,10,0,7,58.8,0,41.2],[8,927,17,10,0,7,58.8,0,41.2],[9,951,17,8,0,9,47.1,0,52.9],[10,463,17,8,0,9,47.1,0,52.9],[11,924,17,7,3,7,41.2,17.6,41.2],[12,443,17,7,2,8,41.2,11.8,47.1],[13,4974,17,7,0,10,41.2,0,58.8],[14,9046,17,6,2,9,35.3,11.8,52.9],[15,486,17,6,2,9,35.3,11.8,52.9],[16,457,17,6,1,10,35.3,5.9,58.8],[17,459,17,5,0,12,29.4,0,70.6],[18,1006,17,4,1,12,23.5,5.9,70.6]];
var TotalBsHalf = [[1,443,33,23,3,7,69.7,9.1,21.2],[2,927,33,22,2,9,66.7,6.1,27.3],[3,440,34,21,5,8,61.8,14.7,23.5],[4,476,33,20,4,9,60.6,12.1,27.3],[5,926,34,19,6,9,55.9,17.6,26.5],[6,924,34,19,5,10,55.9,14.7,29.4],[7,951,33,18,8,7,54.5,24.2,21.2],[8,9046,34,18,5,11,52.9,14.7,32.4],[9,457,33,18,1,14,54.5,3,42.4],[10,1006,33,17,10,6,51.5,30.3,18.2],[11,4974,34,17,5,12,50,14.7,35.3],[12,463,34,17,5,12,50,14.7,35.3],[13,466,33,17,4,12,51.5,12.1,36.4],[14,486,33,16,6,11,48.5,18.2,33.3],[15,452,33,16,6,11,48.5,18.2,33.3],[16,19599,34,16,7,11,47.1,20.6,32.4],[17,468,34,15,7,12,44.1,20.6,35.3],[18,459,34,15,4,15,44.1,11.8,44.1]];
var HomeBsHalf = [[1,443,17,13,1,3,76.5,5.9,17.6],[2,926,17,11,2,4,64.7,11.8,23.5],[3,927,17,11,2,4,64.7,11.8,23.5],[4,476,17,10,3,4,58.8,17.6,23.5],[5,1006,17,10,2,5,58.8,11.8,29.4],[6,459,17,10,2,5,58.8,11.8,29.4],[7,463,17,10,2,5,58.8,11.8,29.4],[8,924,17,10,2,5,58.8,11.8,29.4],[9,466,17,10,1,6,58.8,5.9,35.3],[10,951,17,9,6,2,52.9,35.3,11.8],[11,9046,17,9,4,4,52.9,23.5,23.5],[12,486,17,9,3,5,52.9,17.6,29.4],[13,457,17,9,1,7,52.9,5.9,41.2],[14,19599,17,7,6,4,41.2,35.3,23.5],[15,4974,17,7,3,7,41.2,17.6,41.2],[16,452,17,7,3,7,41.2,17.6,41.2],[17,440,17,6,4,7,35.3,23.5,41.2],[18,468,17,6,1,10,35.3,5.9,58.8]];
var GuestBsHalf = [[1,440,17,15,1,1,88.2,5.9,5.9],[2,927,16,11,0,5,68.8,0,31.2],[3,443,16,10,2,4,62.5,12.5,25],[4,476,16,10,1,5,62.5,6.2,31.2],[5,4974,17,10,2,5,58.8,11.8,29.4],[6,468,17,9,6,2,52.9,35.3,11.8],[7,452,16,9,3,4,56.2,18.8,25],[8,951,16,9,2,5,56.2,12.5,31.2],[9,924,17,9,3,5,52.9,17.6,29.4],[10,9046,17,9,1,7,52.9,5.9,41.2],[11,19599,17,9,1,7,52.9,5.9,41.2],[12,457,16,9,0,7,56.2,0,43.8],[13,926,17,8,4,5,47.1,23.5,29.4],[14,1006,16,7,8,1,43.8,50,6.2],[15,486,16,7,3,6,43.8,18.8,37.5],[16,466,16,7,3,6,43.8,18.8,37.5],[17,463,17,7,3,7,41.2,17.6,41.2],[18,459,17,5,2,10,29.4,11.8,58.8]];
var addUp = [300,49,28,4.6,284,46.4,[61.8,926],[61.8,457],[70.6,463],[64.7,927,457],[70.6,440],[70.6,459,1006]];
var addUpHalf = [324,53.7,93,15.4,186,30.8,[69.7,443],[44.1,459],[76.5,443],[58.8,468],[88.2,440],[58.8,459]];
var lastUpdateTime = '2025-01-19 16:30:18';
