var arrLeague = [10,'俄罗斯超级联赛','俄羅斯超級聯賽','Russia Premier League','2024-2025','#006699','league_match/images/20200411092415.jpg','俄超','俄超','RUS PR'];
var arrTeam = [[300,'苏维埃之翼','蘇維杜夫','Krylya Sovetov','','images/165095551520.png',0],[395,'圣彼得堡泽尼特','聖彼德斯堡','Zenit St. Petersburg','','images/395/1hnyhx549p2m.png',0],[407,'莫斯科中央陆军','莫斯科中央陸軍','CSKA Moscow','','images/407/1gtqm0cjh91x.png',0],[411,'莫斯科斯巴达','莫斯科斯巴達','Spartak Moscow','','images/165095544593.png',0],[416,'莫斯科迪纳摩','莫斯科戴拿模','Dynamo Moscow','','images/416/1gtqm0cjhm20.png',0],[420,'莫斯科火车头','莫斯科火車頭','Lokomotiv Moscow','','images/165095543060.png',0],[429,'罗斯托夫','羅斯杜夫','Rostov FK','','images/165095539431.png',0],[441,'喀山红宝石','卡山魯賓','Rubin Kazan','','images/441/1gq15ejwg51f.png',0],[605,'格罗兹尼特里克','塔利克','Terek Grozny','','images/165095534661.png',0],[2006,'希姆基','奇姆基','Khimki','','images/165095558434.png',0],[2450,'乌拉尔','烏拉爾','Ural Sverdlovsk Oblast','','images/165095556739.png',0],[2451,'索契','索契','FK Sochi','','images/2451/1gtqm0cjh82.png',0],[2465,'沃罗涅日火炬','法克爾','Fakel','','images/2465/1hm7w3cnbk1j.png',0],[5755,'奥伦堡加索维克','奧倫堡','Gazovik Orenburg','','images/5755/1heh20art832.png',0],[10112,'克拉斯诺达尔','克拉斯諾達爾','FC Krasnodar','','images/10112/1gtqm0cjha2q.png',0],[25289,'诺夫哥罗德','諾夫哥羅德','FK Nizhny Novgorod','','images/25289/1gvvp55xq5j.png',0],[44196,'马哈奇卡拉','馬哈奇卡拉','FK Makhachkala','','images/44196/1gqhh4j1a77.png',0],[44198,'阿克伦托格里蒂','阿克倫托格里蒂','Akron Togliatti','','images/44198/1gq16mdze9z.png',0]];
var TotalBs = [[1,25289,32,18,1,13,56.2,3.1,40.6],[2,10112,30,17,1,12,56.7,3.3,40],[3,411,30,17,1,12,56.7,3.3,40],[4,441,30,17,0,13,56.7,0,43.3],[5,44198,30,17,0,13,56.7,0,43.3],[6,416,30,16,1,13,53.3,3.3,43.3],[7,2006,30,15,2,13,50,6.7,43.3],[8,5755,30,15,1,14,50,3.3,46.7],[9,420,30,15,1,14,50,3.3,46.7],[10,429,30,15,1,14,50,3.3,46.7],[11,300,30,15,0,15,50,0,50],[12,395,30,14,0,16,46.7,0,53.3],[13,605,32,14,0,18,43.8,0,56.2],[14,407,30,13,1,16,43.3,3.3,53.3],[15,44196,30,10,2,18,33.3,6.7,60],[16,2465,30,9,2,19,30,6.7,63.3],[17,2451,2,2,0,0,100,0,0],[18,2450,2,1,0,1,50,0,50]];
var HomeBs = [[1,411,15,11,1,3,73.3,6.7,20],[2,44198,15,10,0,5,66.7,0,33.3],[3,416,15,9,0,6,60,0,40],[4,10112,15,9,0,6,60,0,40],[5,25289,16,9,0,7,56.2,0,43.8],[6,420,15,8,1,6,53.3,6.7,40],[7,5755,15,8,1,6,53.3,6.7,40],[8,300,15,8,0,7,53.3,0,46.7],[9,395,15,8,0,7,53.3,0,46.7],[10,429,15,7,0,8,46.7,0,53.3],[11,441,15,7,0,8,46.7,0,53.3],[12,2006,15,6,1,8,40,6.7,53.3],[13,407,15,6,1,8,40,6.7,53.3],[14,605,16,6,0,10,37.5,0,62.5],[15,44196,15,5,0,10,33.3,0,66.7],[16,2450,1,1,0,0,100,0,0],[17,2451,1,1,0,0,100,0,0],[18,2465,15,1,2,12,6.7,13.3,80]];
var GuestBs = [[1,441,15,10,0,5,66.7,0,33.3],[2,2006,15,9,1,5,60,6.7,33.3],[3,25289,16,9,1,6,56.2,6.2,37.5],[4,10112,15,8,1,6,53.3,6.7,40],[5,429,15,8,1,6,53.3,6.7,40],[6,2465,15,8,0,7,53.3,0,46.7],[7,605,16,8,0,8,50,0,50],[8,416,15,7,1,7,46.7,6.7,46.7],[9,5755,15,7,0,8,46.7,0,53.3],[10,407,15,7,0,8,46.7,0,53.3],[11,420,15,7,0,8,46.7,0,53.3],[12,44198,15,7,0,8,46.7,0,53.3],[13,300,15,7,0,8,46.7,0,53.3],[14,395,15,6,0,9,40,0,60],[15,411,15,6,0,9,40,0,60],[16,44196,15,5,2,8,33.3,13.3,53.3],[17,2451,1,1,0,0,100,0,0],[18,2450,1,0,0,1,0,0,100]];
var TotalBsHalf = [[1,411,30,15,3,12,50,10,40],[2,420,30,14,4,12,46.7,13.3,40],[3,416,30,14,3,13,46.7,10,43.3],[4,441,30,13,10,7,43.3,33.3,23.3],[5,300,30,12,9,9,40,30,30],[6,429,30,12,7,11,40,23.3,36.7],[7,605,32,12,7,13,37.5,21.9,40.6],[8,2465,30,12,4,14,40,13.3,46.7],[9,44196,30,11,9,10,36.7,30,33.3],[10,44198,30,11,6,13,36.7,20,43.3],[11,395,30,11,6,13,36.7,20,43.3],[12,2006,30,10,7,13,33.3,23.3,43.3],[13,10112,30,10,7,13,33.3,23.3,43.3],[14,25289,32,10,9,13,31.2,28.1,40.6],[15,5755,30,9,5,16,30,16.7,53.3],[16,407,30,8,11,11,26.7,36.7,36.7],[17,2451,2,2,0,0,100,0,0],[18,2450,2,0,1,1,0,50,50]];
var HomeBsHalf = [[1,420,15,8,2,5,53.3,13.3,33.3],[2,411,15,8,2,5,53.3,13.3,33.3],[3,25289,16,8,3,5,50,18.8,31.2],[4,416,15,8,1,6,53.3,6.7,40],[5,441,15,7,5,3,46.7,33.3,20],[6,605,16,7,1,8,43.8,6.2,50],[7,44198,15,6,4,5,40,26.7,33.3],[8,395,15,6,0,9,40,0,60],[9,44196,15,5,5,5,33.3,33.3,33.3],[10,429,15,5,3,7,33.3,20,46.7],[11,2465,15,5,3,7,33.3,20,46.7],[12,2006,15,5,3,7,33.3,20,46.7],[13,300,15,4,7,4,26.7,46.7,26.7],[14,407,15,4,5,6,26.7,33.3,40],[15,5755,15,4,4,7,26.7,26.7,46.7],[16,10112,15,2,5,8,13.3,33.3,53.3],[17,2451,1,1,0,0,100,0,0],[18,2450,1,0,1,0,0,100,0]];
var GuestBsHalf = [[1,300,15,8,2,5,53.3,13.3,33.3],[2,10112,15,8,2,5,53.3,13.3,33.3],[3,429,15,7,4,4,46.7,26.7,26.7],[4,2465,15,7,1,7,46.7,6.7,46.7],[5,411,15,7,1,7,46.7,6.7,46.7],[6,441,15,6,5,4,40,33.3,26.7],[7,44196,15,6,4,5,40,26.7,33.3],[8,420,15,6,2,7,40,13.3,46.7],[9,416,15,6,2,7,40,13.3,46.7],[10,395,15,5,6,4,33.3,40,26.7],[11,605,16,5,6,5,31.2,37.5,31.2],[12,2006,15,5,4,6,33.3,26.7,40],[13,44198,15,5,2,8,33.3,13.3,53.3],[14,5755,15,5,1,9,33.3,6.7,60],[15,407,15,4,6,5,26.7,40,33.3],[16,25289,16,2,6,8,12.5,37.5,50],[17,2451,1,1,0,0,100,0,0],[18,2450,1,0,0,1,0,0,100]];
var addUp = [240,49.2,14,2.9,234,48,[100,2451],[63.3,2465],[100,2450,2451],[80,2465],[100,2451],[100,2450]];
var addUpHalf = [186,38.1,108,22.1,194,39.8,[100,2451],[53.3,5755],[100,2451],[60,395],[100,2451],[100,2450]];
var lastUpdateTime = '2025-06-24 14:20:29';
