var arrLeague = [34,'意大利甲组联赛','意大利甲組聯賽','Italy Serie A','2024-2025','#0088FF','league_match/images/166674813339.png','意甲','意甲','ITA D1'];
var arrTeam = [[150,'AC米兰','AC米蘭','AC Milan','','images/164868995643.png',0],[152,'国际米兰','國際米蘭','Inter Milan','','images/1kb93m6jew28.png',0],[154,'亚特兰大','阿特蘭大','Atalanta','','images/1kbbqxaznx1g.png',0],[158,'莱切','萊切','Lecce','','images/1kc8pc6f0c27.png',0],[166,'尤文图斯','祖雲達斯','Juventus','','images/166/1grmmxq1wa2k.png',0],[174,'罗马','羅馬','AS Roma','','images/164869002671.png',0],[176,'佛罗伦萨','費倫天拿','Fiorentina','','images/176/1hxqrpz41w1v.png',0],[182,'拉齐奥','拉素','Lazio','','images/164869050583.png',0],[183,'卡利亚里','卡利亞里','Cagliari','','images/164869052873.png',0],[185,'博洛尼亚','博洛尼亞','Bologna','','images/16486905420.png',0],[187,'乌迪内斯','烏甸尼斯','Udinese','','images/164869056546.png',0],[189,'帕尔马','帕爾馬','Parma','','images/189/1j5f7yeztc1g.png',0],[523,'恩波利','恩波里','Empoli','','images/164869059384.png',0],[552,'热那亚','熱拿亞','Genoa','','images/1kc8pbcg6s1s.png',0],[557,'威尼斯','威尼斯','Venezia','','images/557/1j31wm5bwq1c.png',0],[558,'都灵','拖連奴','Torino','','images/164869071877.png',0],[559,'维罗纳','維羅納','Verona','','images/559/1k0n84sy5gg.png',0],[1397,'科莫','科木','Como','','images/1397/1gq91tkggc2h.png',0],[1419,'那不勒斯','拿玻里','Napoli','','images/1kb20488ykd.png',0],[2667,'蒙扎','莫沙','Monza','','images/1kb4vk3sxd2d.png',0]];
var TotalBs = [[1,176,38,23,0,15,60.5,0,39.5],[2,182,38,23,0,15,60.5,0,39.5],[3,150,38,21,2,15,55.3,5.3,39.5],[4,189,38,21,0,17,55.3,0,44.7],[5,185,38,20,3,15,52.6,7.9,39.5],[6,152,38,20,1,17,52.6,2.6,44.7],[7,154,38,19,2,17,50,5.3,44.7],[8,2667,38,19,1,18,50,2.6,47.4],[9,187,38,18,4,16,47.4,10.5,42.1],[10,559,38,18,3,17,47.4,7.9,44.7],[11,523,38,18,2,18,47.4,5.3,47.4],[12,183,38,18,2,18,47.4,5.3,47.4],[13,1419,38,17,1,20,44.7,2.6,52.6],[14,1397,38,17,0,21,44.7,0,55.3],[15,166,38,16,3,19,42.1,7.9,50],[16,557,38,16,1,21,42.1,2.6,55.3],[17,552,38,15,2,21,39.5,5.3,55.3],[18,174,38,15,0,23,39.5,0,60.5],[19,158,38,14,3,21,36.8,7.9,55.3],[20,558,38,10,6,22,26.3,15.8,57.9]];
var HomeBs = [[1,152,19,12,0,7,63.2,0,36.8],[2,176,19,12,0,7,63.2,0,36.8],[3,182,19,12,0,7,63.2,0,36.8],[4,559,19,11,2,6,57.9,10.5,31.6],[5,187,19,10,1,8,52.6,5.3,42.1],[6,183,19,10,1,8,52.6,5.3,42.1],[7,189,19,10,0,9,52.6,0,47.4],[8,174,19,10,0,9,52.6,0,47.4],[9,185,19,9,2,8,47.4,10.5,42.1],[10,2667,19,9,1,9,47.4,5.3,47.4],[11,1397,19,9,0,10,47.4,0,52.6],[12,1419,19,9,0,10,47.4,0,52.6],[13,154,19,8,2,9,42.1,10.5,47.4],[14,158,19,8,1,10,42.1,5.3,52.6],[15,552,19,8,1,10,42.1,5.3,52.6],[16,150,19,8,1,10,42.1,5.3,52.6],[17,166,19,8,0,11,42.1,0,57.9],[18,523,19,7,1,11,36.8,5.3,57.9],[19,557,19,6,0,13,31.6,0,68.4],[20,558,19,3,5,11,15.8,26.3,57.9]];
var GuestBs = [[1,150,19,13,1,5,68.4,5.3,26.3],[2,185,19,11,1,7,57.9,5.3,36.8],[3,523,19,11,1,7,57.9,5.3,36.8],[4,189,19,11,0,8,57.9,0,42.1],[5,154,19,11,0,8,57.9,0,42.1],[6,176,19,11,0,8,57.9,0,42.1],[7,182,19,11,0,8,57.9,0,42.1],[8,557,19,10,1,8,52.6,5.3,42.1],[9,2667,19,10,0,9,52.6,0,47.4],[10,187,19,8,3,8,42.1,15.8,42.1],[11,166,19,8,3,8,42.1,15.8,42.1],[12,183,19,8,1,10,42.1,5.3,52.6],[13,152,19,8,1,10,42.1,5.3,52.6],[14,1419,19,8,1,10,42.1,5.3,52.6],[15,1397,19,8,0,11,42.1,0,57.9],[16,558,19,7,1,11,36.8,5.3,57.9],[17,559,19,7,1,11,36.8,5.3,57.9],[18,552,19,7,1,11,36.8,5.3,57.9],[19,158,19,6,2,11,31.6,10.5,57.9],[20,174,19,5,0,14,26.3,0,73.7]];
var TotalBsHalf = [[1,166,38,17,8,13,44.7,21.1,34.2],[2,154,38,17,7,14,44.7,18.4,36.8],[3,559,38,17,7,14,44.7,18.4,36.8],[4,187,38,16,10,12,42.1,26.3,31.6],[5,558,38,16,10,12,42.1,26.3,31.6],[6,2667,38,16,8,14,42.1,21.1,36.8],[7,152,38,16,6,16,42.1,15.8,42.1],[8,552,38,16,5,17,42.1,13.2,44.7],[9,176,38,15,14,9,39.5,36.8,23.7],[10,182,38,15,14,9,39.5,36.8,23.7],[11,1419,38,15,11,12,39.5,28.9,31.6],[12,185,38,15,10,13,39.5,26.3,34.2],[13,523,38,15,9,14,39.5,23.7,36.8],[14,183,38,14,12,12,36.8,31.6,31.6],[15,150,38,13,11,14,34.2,28.9,36.8],[16,158,38,13,9,16,34.2,23.7,42.1],[17,1397,38,11,15,12,28.9,39.5,31.6],[18,189,38,11,12,15,28.9,31.6,39.5],[19,174,38,10,14,14,26.3,36.8,36.8],[20,557,38,10,6,22,26.3,15.8,57.9]];
var HomeBsHalf = [[1,559,19,11,2,6,57.9,10.5,31.6],[2,152,19,10,3,6,52.6,15.8,31.6],[3,2667,19,9,5,5,47.4,26.3,26.3],[4,154,19,9,1,9,47.4,5.3,47.4],[5,182,19,8,7,4,42.1,36.8,21.1],[6,1419,19,8,5,6,42.1,26.3,31.6],[7,185,19,8,4,7,42.1,21.1,36.8],[8,552,19,8,2,9,42.1,10.5,47.4],[9,176,19,7,8,4,36.8,42.1,21.1],[10,166,19,7,5,7,36.8,26.3,36.8],[11,1397,19,7,5,7,36.8,26.3,36.8],[12,558,19,7,5,7,36.8,26.3,36.8],[13,150,19,7,4,8,36.8,21.1,42.1],[14,174,19,6,9,4,31.6,47.4,21.1],[15,183,19,6,7,6,31.6,36.8,31.6],[16,187,19,6,7,6,31.6,36.8,31.6],[17,158,19,6,6,7,31.6,31.6,36.8],[18,189,19,5,7,7,26.3,36.8,36.8],[19,523,19,5,3,11,26.3,15.8,57.9],[20,557,19,4,4,11,21.1,21.1,57.9]];
var GuestBsHalf = [[1,523,19,10,6,3,52.6,31.6,15.8],[2,187,19,10,3,6,52.6,15.8,31.6],[3,166,19,10,3,6,52.6,15.8,31.6],[4,558,19,9,5,5,47.4,26.3,26.3],[5,176,19,8,6,5,42.1,31.6,26.3],[6,154,19,8,6,5,42.1,31.6,26.3],[7,183,19,8,5,6,42.1,26.3,31.6],[8,552,19,8,3,8,42.1,15.8,42.1],[9,182,19,7,7,5,36.8,36.8,26.3],[10,185,19,7,6,6,36.8,31.6,31.6],[11,1419,19,7,6,6,36.8,31.6,31.6],[12,2667,19,7,3,9,36.8,15.8,47.4],[13,158,19,7,3,9,36.8,15.8,47.4],[14,150,19,6,7,6,31.6,36.8,31.6],[15,189,19,6,5,8,31.6,26.3,42.1],[16,559,19,6,5,8,31.6,26.3,42.1],[17,152,19,6,3,10,31.6,15.8,52.6],[18,557,19,6,2,11,31.6,10.5,57.9],[19,1397,19,4,10,5,21.1,52.6,26.3],[20,174,19,4,5,10,21.1,26.3,52.6]];
var addUp = [358,47.1,36,4.7,366,48.2,[60.5,176,182],[60.5,174],[63.2,152,176,182],[68.4,557],[68.4,150],[73.7,174]];
var addUpHalf = [288,37.9,198,26.1,274,36.1,[44.7,166,154,559],[57.9,557],[57.9,559],[57.9,523,557],[52.6,523,187,166],[57.9,557]];
var lastUpdateTime = '2026-05-25 07:23:04';
