var arrLeague = [23,'葡萄牙超级联赛','葡萄牙超級聯賽','Liga Portugal 1','2024-2025','#006665','league_match/images/1j5w1nhx8v10.png','葡超','葡超','POR D1'];
var arrTeam = [[457,'博阿维斯塔','博維斯塔','Boavista FC','','images/165095598511.png',0],[459,'布拉加','布拉加','Sporting Braga','','images/165095600132.png',0],[463,'本菲卡','賓菲加','Benfica','','images/165095593478.png',0],[466,'里斯本竞技','士砵亭','Sporting CP','','images/165095607959.png',0],[468,'波尔图','波圖','FC Porto','','images/165095597156.png',0],[476,'里奥阿维','里奧阿維','Rio Ave','','images/476/1hdajkkb221n.png',0],[486,'埃斯托里尔','伊斯托里爾','Estoril','','images/165095590467.png',0],[919,'吉维森特','基維辛迪','Gil Vicente','','images/919/1gpyrknv73a.png',0],[924,'摩里伦斯','摩里倫斯','Moreirense','','images/165095611817.png',0],[927,'吉马良斯','甘馬雷斯','Vitoria Guimaraes','','images/165095604742.png',0],[951,'葡萄牙国民','國民隊','Nacional da Madeira','','images/951/1gxsf273jh2z.png',0],[1002,'圣克拉拉','辛達卡拉','Santa Clara','','images/1jr55e0y6f1r.png',0],[1005,'阿马多拉','阿馬多拉','Estrela da Amadora','','images/1005/1hfze4rm9j2s.png',0],[4970,'法马利康','法馬利卡奧','FC Famalicao','','images/165095601658.png',0],[4971,'卡萨比亚','卡薩比亞','Casa Pia AC','','images/4971/1gpyrknv762x.png',0],[9046,'阿罗卡','阿洛卡','FC Arouca','','images/16509559199.png',0],[11499,'法伦斯','法倫斯','SC Farense','','images/11499/1h6swyav1k1h.png',0],[66762,'AVS俱乐部','AVS俱樂部','AVS Futebol SAD','','images/66762/1h5btqv04ck.png',0]];
var TotalBs = [[1,486,34,21,0,13,61.8,0,38.2],[2,924,34,18,4,12,52.9,11.8,35.3],[3,4970,34,18,3,13,52.9,8.8,38.2],[4,466,34,18,2,14,52.9,5.9,41.2],[5,463,34,18,0,16,52.9,0,47.1],[6,476,34,16,2,16,47.1,5.9,47.1],[7,468,34,16,1,17,47.1,2.9,50],[8,927,34,16,1,17,47.1,2.9,50],[9,457,34,15,3,16,44.1,8.8,47.1],[10,459,34,15,2,17,44.1,5.9,50],[11,951,34,15,0,19,44.1,0,55.9],[12,9046,34,15,0,19,44.1,0,55.9],[13,4971,34,14,1,19,41.2,2.9,55.9],[14,919,34,13,4,17,38.2,11.8,50],[15,66762,34,13,0,21,38.2,0,61.8],[16,11499,34,12,0,22,35.3,0,64.7],[17,1005,34,11,1,22,32.4,2.9,64.7],[18,1002,34,10,4,20,29.4,11.8,58.8]];
var HomeBs = [[1,463,17,11,0,6,64.7,0,35.3],[2,927,17,10,1,6,58.8,5.9,35.3],[3,951,17,10,0,7,58.8,0,41.2],[4,486,17,9,0,8,52.9,0,47.1],[5,476,17,8,2,7,47.1,11.8,41.2],[6,459,17,8,2,7,47.1,11.8,41.2],[7,466,17,8,1,8,47.1,5.9,47.1],[8,468,17,8,1,8,47.1,5.9,47.1],[9,924,17,8,1,8,47.1,5.9,47.1],[10,1005,17,8,0,9,47.1,0,52.9],[11,919,17,7,2,8,41.2,11.8,47.1],[12,457,17,7,2,8,41.2,11.8,47.1],[13,4971,17,7,0,10,41.2,0,58.8],[14,66762,17,7,0,10,41.2,0,58.8],[15,4970,17,6,1,10,35.3,5.9,58.8],[16,11499,17,6,0,11,35.3,0,64.7],[17,1002,17,5,1,11,29.4,5.9,64.7],[18,9046,17,4,0,13,23.5,0,76.5]];
var GuestBs = [[1,4970,17,12,2,3,70.6,11.8,17.6],[2,486,17,12,0,5,70.6,0,29.4],[3,9046,17,11,0,6,64.7,0,35.3],[4,924,17,10,3,4,58.8,17.6,23.5],[5,466,17,10,1,6,58.8,5.9,35.3],[6,457,17,8,1,8,47.1,5.9,47.1],[7,468,17,8,0,9,47.1,0,52.9],[8,476,17,8,0,9,47.1,0,52.9],[9,4971,17,7,1,9,41.2,5.9,52.9],[10,459,17,7,0,10,41.2,0,58.8],[11,463,17,7,0,10,41.2,0,58.8],[12,919,17,6,2,9,35.3,11.8,52.9],[13,927,17,6,0,11,35.3,0,64.7],[14,11499,17,6,0,11,35.3,0,64.7],[15,66762,17,6,0,11,35.3,0,64.7],[16,1002,17,5,3,9,29.4,17.6,52.9],[17,951,17,5,0,12,29.4,0,70.6],[18,1005,17,3,1,13,17.6,5.9,76.5]];
var TotalBsHalf = [[1,4971,34,19,4,11,55.9,11.8,32.4],[2,466,34,19,3,12,55.9,8.8,35.3],[3,476,34,17,10,7,50,29.4,20.6],[4,486,34,17,6,11,50,17.6,32.4],[5,1002,34,17,3,14,50,8.8,41.2],[6,463,34,16,3,15,47.1,8.8,44.1],[7,66762,34,16,3,15,47.1,8.8,44.1],[8,924,34,15,6,13,44.1,17.6,38.2],[9,457,34,14,7,13,41.2,20.6,38.2],[10,4970,34,13,10,11,38.2,29.4,32.4],[11,951,34,12,10,12,35.3,29.4,35.3],[12,1005,34,12,5,17,35.3,14.7,50],[13,459,34,11,7,16,32.4,20.6,47.1],[14,468,34,10,12,12,29.4,35.3,35.3],[15,927,34,10,10,14,29.4,29.4,41.2],[16,9046,34,10,10,14,29.4,29.4,41.2],[17,919,34,10,8,16,29.4,23.5,47.1],[18,11499,34,10,7,17,29.4,20.6,50]];
var HomeBsHalf = [[1,4971,17,12,2,3,70.6,11.8,17.6],[2,463,17,10,1,6,58.8,5.9,35.3],[3,457,17,9,2,6,52.9,11.8,35.3],[4,486,17,9,2,6,52.9,11.8,35.3],[5,466,17,9,1,7,52.9,5.9,41.2],[6,476,17,8,6,3,47.1,35.3,17.6],[7,951,17,8,4,5,47.1,23.5,29.4],[8,1002,17,8,2,7,47.1,11.8,41.2],[9,459,17,7,4,6,41.2,23.5,35.3],[10,924,17,7,3,7,41.2,17.6,41.2],[11,66762,17,7,1,9,41.2,5.9,52.9],[12,927,17,6,6,5,35.3,35.3,29.4],[13,919,17,6,4,7,35.3,23.5,41.2],[14,11499,17,6,3,8,35.3,17.6,47.1],[15,1005,17,5,4,8,29.4,23.5,47.1],[16,468,17,4,4,9,23.5,23.5,52.9],[17,4970,17,2,6,9,11.8,35.3,52.9],[18,9046,17,1,7,9,5.9,41.2,52.9]];
var GuestBsHalf = [[1,4970,17,11,4,2,64.7,23.5,11.8],[2,466,17,10,2,5,58.8,11.8,29.4],[3,476,17,9,4,4,52.9,23.5,23.5],[4,9046,17,9,3,5,52.9,17.6,29.4],[5,66762,17,9,2,6,52.9,11.8,35.3],[6,1002,17,9,1,7,52.9,5.9,41.2],[7,486,17,8,4,5,47.1,23.5,29.4],[8,924,17,8,3,6,47.1,17.6,35.3],[9,4971,17,7,2,8,41.2,11.8,47.1],[10,1005,17,7,1,9,41.2,5.9,52.9],[11,468,17,6,8,3,35.3,47.1,17.6],[12,463,17,6,2,9,35.3,11.8,52.9],[13,457,17,5,5,7,29.4,29.4,41.2],[14,951,17,4,6,7,23.5,35.3,41.2],[15,11499,17,4,4,9,23.5,23.5,52.9],[16,927,17,4,4,9,23.5,23.5,52.9],[17,919,17,4,4,9,23.5,23.5,52.9],[18,459,17,4,3,10,23.5,17.6,58.8]];
var addUp = [274,44.8,28,4.6,310,50.7,[61.8,486],[64.7,11499,1005],[64.7,463],[76.5,9046],[70.6,4970,486],[76.5,1005]];
var addUpHalf = [248,40.5,124,20.3,240,39.2,[55.9,4971,466],[50,1005,11499],[70.6,4971],[52.9,66762,468,4970,9046],[64.7,4970],[58.8,459]];
var lastUpdateTime = '2025-05-19 07:00:16';
