var arrLeague = [60,'中国超级联赛','中國超級聯賽','Chinese Super League','2025','#0066FF','league_match/images/166674992094.png','中超','中超','CHA CSL'];
var arrTeam = [[39,'上海申花','上海申花','Shanghai Shenhua','','images/39/1gy3vjsrhn1p.png',0],[40,'山东泰山','山東泰山','Shandong Taishan','','images/40/1gy3vjsrhjq.png',0],[43,'北京国安','北京國安','Beijing Guoan','','images/1jr565tbs5z.png',0],[44,'青岛海牛','青島海牛','Qingdao Manatee','','images/44/1gy3vkgfwg2p.png',0],[89,'天津津门虎','天津津門虎','Tianjin Tigers','','images/89/1gy3vkgfwn2t.png',0],[528,'长春亚泰','長春亞泰','Changchun Yatai','','images/1jr56ftb35z.png',0],[541,'河南队','河南隊','Henan Football Club','','images/541/1j39p5ccv415.png',0],[542,'浙江俱乐部绿城','浙江俱樂部綠城','Zhejiang Professional FC','','images/542/1h8qpaemwc10.png',0],[7642,'上海海港','上海海港','Shanghai Port','','images/7642/1h8n2nv7tw23.png',0],[21227,'梅州客家','梅州客家','Meizhou Hakka','','images/21227/1j0w7x44xa19.png',0],[22873,'大连英博','大連英博','Dalian Zhixing','','images/1jr56cj6pv19.png',0],[37340,'深圳新鹏城','深圳新鵬城','Shenzhen Xinpengcheng','','images/37340/1j0ytnk9yw25.png',0],[40347,'成都蓉城','成都蓉城','Chengdu Rongcheng FC','','images/40347/1gy3vkgfwve.PNG',0],[42492,'武汉三镇','武漢三鎮','Wuhan Three Towns','','images/42492/1hd5at5b6g1y.png',0],[45272,'青岛西海岸','青島西海岸','Qingdao Youth Island','','images/45272/1h1n1m7x0f8.png',0],[65961,'云南玉昆','雲南玉昆','Yunnan Yukun','','images/65961/1k0qw9nssh1n.png',0]];
var TotalPanLu = [[1,65961,30,10,4,16,18,1,11,7,60,3.3,36.7],[2,45272,30,8,3,19,17,4,9,8,56.7,13.3,30],[3,7642,30,26,1,3,15,3,12,3,50,10,40],[4,542,30,17,3,10,15,2,13,2,50,6.7,43.3],[5,22873,30,8,6,16,15,2,13,2,50,6.7,43.3],[6,44,30,2,4,24,14,4,12,2,46.7,13.3,40],[7,89,30,12,5,13,14,4,12,2,46.7,13.3,40],[8,40,30,22,3,5,14,3,13,1,46.7,10,43.3],[9,43,30,22,4,4,14,2,14,0,46.7,6.7,46.7],[10,541,30,16,2,12,14,1,15,-1,46.7,3.3,50],[11,528,30,3,5,22,13,4,13,0,43.3,13.3,43.3],[12,39,30,28,1,1,12,2,16,-4,40,6.7,53.3],[13,40347,30,26,0,4,12,2,16,-4,40,6.7,53.3],[14,42492,30,6,4,20,12,0,18,-6,40,0,60],[15,37340,30,3,6,21,11,2,17,-6,36.7,6.7,56.7],[16,21227,30,3,5,22,11,2,17,-6,36.7,6.7,56.7]];
var HomePanLu = [[1,65961,15,9,0,6,10,0,5,5,66.7,0,33.3],[2,44,15,2,3,10,9,2,4,5,60,13.3,26.7],[3,542,15,10,2,3,9,1,5,4,60,6.7,33.3],[4,22873,15,6,4,5,9,1,5,4,60,6.7,33.3],[5,45272,15,7,1,7,7,3,5,2,46.7,20,33.3],[6,89,15,8,2,5,7,2,6,1,46.7,13.3,40],[7,40,15,12,1,2,7,1,7,0,46.7,6.7,46.7],[8,37340,15,3,5,7,7,1,7,0,46.7,6.7,46.7],[9,541,15,10,0,5,7,0,8,-1,46.7,0,53.3],[10,7642,15,14,1,0,6,2,7,-1,40,13.3,46.7],[11,43,15,13,1,1,6,1,8,-2,40,6.7,53.3],[12,42492,15,6,2,7,6,0,9,-3,40,0,60],[13,528,15,3,2,10,5,3,7,-2,33.3,20,46.7],[14,21227,15,3,4,8,5,1,9,-4,33.3,6.7,60],[15,40347,15,15,0,0,5,1,9,-4,33.3,6.7,60],[16,39,15,15,0,0,5,0,10,-5,33.3,0,66.7]];
var GuestPanLu = [[1,45272,15,1,2,12,10,1,4,6,66.7,6.7,26.7],[2,7642,15,12,0,3,9,1,5,4,60,6.7,33.3],[3,43,15,9,3,3,8,1,6,2,53.3,6.7,40],[4,65961,15,1,4,10,8,1,6,2,53.3,6.7,40],[5,528,15,0,3,12,8,1,6,2,53.3,6.7,40],[6,89,15,4,3,8,7,2,6,1,46.7,13.3,40],[7,39,15,13,1,1,7,2,6,1,46.7,13.3,40],[8,40,15,10,2,3,7,2,6,1,46.7,13.3,40],[9,541,15,6,2,7,7,1,7,0,46.7,6.7,46.7],[10,40347,15,11,0,4,7,1,7,0,46.7,6.7,46.7],[11,542,15,7,1,7,6,1,8,-2,40,6.7,53.3],[12,21227,15,0,1,14,6,1,8,-2,40,6.7,53.3],[13,22873,15,2,2,11,6,1,8,-2,40,6.7,53.3],[14,42492,15,0,2,13,6,0,9,-3,40,0,60],[15,44,15,0,1,14,5,2,8,-3,33.3,13.3,53.3],[16,37340,15,0,1,14,4,1,10,-6,26.7,6.7,66.7]];
var TotalHalfPanLu = [[1,7642,30,24,4,2,18,2,10,8,60,6.7,33.3],[2,43,30,19,8,3,18,1,11,7,60,3.3,36.7],[3,40,30,20,7,3,16,3,11,5,53.3,10,36.7],[4,65961,30,6,10,14,16,3,11,5,53.3,10,36.7],[5,44,30,1,9,20,15,3,12,3,50,10,40],[6,542,30,13,8,9,14,3,13,1,46.7,10,43.3],[7,89,30,11,8,11,14,2,14,0,46.7,6.7,46.7],[8,40347,30,25,4,1,14,2,14,0,46.7,6.7,46.7],[9,22873,30,6,11,13,14,2,14,0,46.7,6.7,46.7],[10,45272,30,4,10,16,12,6,12,0,40,20,40],[11,541,30,11,9,10,11,4,15,-4,36.7,13.3,50],[12,39,30,25,5,0,11,3,16,-5,36.7,10,53.3],[13,21227,30,1,9,20,11,3,16,-5,36.7,10,53.3],[14,42492,30,5,9,16,11,1,18,-7,36.7,3.3,60],[15,37340,30,2,9,19,10,7,13,-3,33.3,23.3,43.3],[16,528,30,1,12,17,9,7,14,-5,30,23.3,46.7]];
var HomeHalfPanLu = [[1,43,15,11,4,0,11,1,3,8,73.3,6.7,20],[2,45272,15,4,6,5,8,3,4,4,53.3,20,26.7],[3,40347,15,14,1,0,8,1,6,2,53.3,6.7,40],[4,542,15,10,3,2,8,1,6,2,53.3,6.7,40],[5,7642,15,14,1,0,8,0,7,1,53.3,0,46.7],[6,65961,15,6,4,5,8,0,7,1,53.3,0,46.7],[7,37340,15,2,6,7,7,3,5,2,46.7,20,33.3],[8,44,15,1,7,7,7,3,5,2,46.7,20,33.3],[9,39,15,14,1,0,7,2,6,1,46.7,13.3,40],[10,541,15,9,2,4,7,1,7,0,46.7,6.7,46.7],[11,40,15,11,4,0,6,2,7,-1,40,13.3,46.7],[12,89,15,8,3,4,6,1,8,-2,40,6.7,53.3],[13,22873,15,6,4,5,6,1,8,-2,40,6.7,53.3],[14,42492,15,5,5,5,5,0,10,-5,33.3,0,66.7],[15,21227,15,1,7,7,4,3,8,-4,26.7,20,53.3],[16,528,15,1,8,6,2,4,9,-7,13.3,26.7,60]];
var GuestHalfPanLu = [[1,7642,15,10,3,2,10,2,3,7,66.7,13.3,20],[2,40,15,9,3,3,10,1,4,6,66.7,6.7,26.7],[3,65961,15,0,6,9,8,3,4,4,53.3,20,26.7],[4,22873,15,0,7,8,8,1,6,2,53.3,6.7,40],[5,89,15,3,5,7,8,1,6,2,53.3,6.7,40],[6,44,15,0,2,13,8,0,7,1,53.3,0,46.7],[7,528,15,0,4,11,7,3,5,2,46.7,20,33.3],[8,21227,15,0,2,13,7,0,8,-1,46.7,0,53.3],[9,43,15,8,4,3,7,0,8,-1,46.7,0,53.3],[10,542,15,3,5,7,6,2,7,-1,40,13.3,46.7],[11,40347,15,11,3,1,6,1,8,-2,40,6.7,53.3],[12,42492,15,0,4,11,6,1,8,-2,40,6.7,53.3],[13,45272,15,0,4,11,4,3,8,-4,26.7,20,53.3],[14,541,15,2,7,6,4,3,8,-4,26.7,20,53.3],[15,39,15,11,4,0,4,1,10,-6,26.7,6.7,66.7],[16,37340,15,0,3,12,3,4,8,-5,20,26.7,53.3]];
var addUp = [110,45.8,19,7.9,111,46.2,[60,65961],[60,42492],[66.7,65961],[66.7,39],[66.7,45272],[66.7,37340],[13.3,45272,44,89,528],[0,42492]];
var addUpHalf = [108,45,26,10.8,106,44.2,[60,7642,43],[60,42492],[73.3,43],[66.7,42492],[66.7,7642,40],[66.7,39],[23.3,37340,528],[3.3,43,42492]];
var lastUpdateTime = '2025-11-23 14:59:40';
