var arrLeague = [60,'中国超级联赛','中國超級聯賽','Chinese Super League','2025','#0066FF','league_match/images/166674992094.png','中超','中超','CHA CSL'];
var arrTeam = [[39,'上海申花','上海申花','Shanghai Shenhua','','images/39/1gy3vjsrhn1p.png',0],[40,'山东泰山','山東泰山','Shandong Taishan','','images/40/1gy3vjsrhjq.png',0],[43,'北京国安','北京國安','Beijing Guoan','','images/1jr565tbs5z.png',0],[44,'青岛海牛','青島海牛','Qingdao Manatee','','images/44/1gy3vkgfwg2p.png',0],[89,'天津津门虎','天津津門虎','Tianjin Tigers','','images/89/1gy3vkgfwn2t.png',0],[528,'长春亚泰','長春亞泰','Changchun Yatai','','images/1jr56ftb35z.png',0],[541,'河南队','河南隊','Henan Football Club','','images/541/1j39p5ccv415.png',0],[542,'浙江俱乐部绿城','浙江俱樂部綠城','Zhejiang Professional FC','','images/542/1h8qpaemwc10.png',0],[7642,'上海海港','上海海港','Shanghai Port','','images/7642/1h8n2nv7tw23.png',0],[21227,'梅州客家','梅州客家','Meizhou Hakka','','images/21227/1j0w7x44xa19.png',0],[22873,'大连英博','大連英博','Dalian Zhixing','','images/1jr56cj6pv19.png',0],[37340,'深圳新鹏城','深圳新鵬城','Shenzhen Xinpengcheng','','images/37340/1j0ytnk9yw25.png',0],[40347,'成都蓉城','成都蓉城','Chengdu Rongcheng FC','','images/40347/1gy3vkgfwve.PNG',0],[42492,'武汉三镇','武漢三鎮','Wuhan Three Towns','','images/42492/1hd5at5b6g1y.png',0],[45272,'青岛西海岸','青島西海岸','Qingdao Youth Island','','images/45272/1h1n1m7x0f8.png',0],[65961,'云南玉昆','雲南玉昆','Yunnan Yukun','','images/65961/1k0qw9nssh1n.png',0]];
var TotalBs = [[1,542,30,19,1,10,63.3,3.3,33.3],[2,541,30,19,0,11,63.3,0,36.7],[3,40,30,19,0,11,63.3,0,36.7],[4,21227,30,18,3,9,60,10,30],[5,7642,30,18,2,10,60,6.7,33.3],[6,37340,30,17,3,10,56.7,10,33.3],[7,43,30,17,1,12,56.7,3.3,40],[8,42492,30,16,3,11,53.3,10,36.7],[9,39,30,16,2,12,53.3,6.7,40],[10,65961,30,14,1,15,46.7,3.3,50],[11,45272,30,13,3,14,43.3,10,46.7],[12,44,30,13,0,17,43.3,0,56.7],[13,89,30,11,3,16,36.7,10,53.3],[14,40347,30,11,3,16,36.7,10,53.3],[15,528,30,11,1,18,36.7,3.3,60],[16,22873,30,8,0,22,26.7,0,73.3]];
var HomeBs = [[1,21227,15,12,2,1,80,13.3,6.7],[2,542,15,11,1,3,73.3,6.7,20],[3,541,15,11,0,4,73.3,0,26.7],[4,37340,15,9,2,4,60,13.3,26.7],[5,39,15,9,1,5,60,6.7,33.3],[6,43,15,9,0,6,60,0,40],[7,42492,15,8,2,5,53.3,13.3,33.3],[8,40,15,8,0,7,53.3,0,46.7],[9,45272,15,7,1,7,46.7,6.7,46.7],[10,7642,15,7,0,8,46.7,0,53.3],[11,528,15,6,1,8,40,6.7,53.3],[12,65961,15,6,1,8,40,6.7,53.3],[13,89,15,6,1,8,40,6.7,53.3],[14,44,15,6,0,9,40,0,60],[15,40347,15,3,1,11,20,6.7,73.3],[16,22873,15,2,0,13,13.3,0,86.7]];
var GuestBs = [[1,7642,15,11,2,2,73.3,13.3,13.3],[2,40,15,11,0,4,73.3,0,26.7],[3,40347,15,8,2,5,53.3,13.3,33.3],[4,42492,15,8,1,6,53.3,6.7,40],[5,43,15,8,1,6,53.3,6.7,40],[6,37340,15,8,1,6,53.3,6.7,40],[7,541,15,8,0,7,53.3,0,46.7],[8,65961,15,8,0,7,53.3,0,46.7],[9,542,15,8,0,7,53.3,0,46.7],[10,39,15,7,1,7,46.7,6.7,46.7],[11,44,15,7,0,8,46.7,0,53.3],[12,45272,15,6,2,7,40,13.3,46.7],[13,21227,15,6,1,8,40,6.7,53.3],[14,22873,15,6,0,9,40,0,60],[15,89,15,5,2,8,33.3,13.3,53.3],[16,528,15,5,0,10,33.3,0,66.7]];
var TotalBsHalf = [[1,43,30,18,2,10,60,6.7,33.3],[2,40,30,17,0,13,56.7,0,43.3],[3,7642,30,17,0,13,56.7,0,43.3],[4,39,30,16,2,12,53.3,6.7,40],[5,21227,30,14,4,12,46.7,13.3,40],[6,40347,30,14,3,13,46.7,10,43.3],[7,89,30,12,7,11,40,23.3,36.7],[8,42492,30,12,4,14,40,13.3,46.7],[9,37340,30,12,4,14,40,13.3,46.7],[10,541,30,11,6,13,36.7,20,43.3],[11,542,30,11,3,16,36.7,10,53.3],[12,22873,30,10,9,11,33.3,30,36.7],[13,528,30,10,3,17,33.3,10,56.7],[14,65961,30,10,1,19,33.3,3.3,63.3],[15,44,30,9,11,10,30,36.7,33.3],[16,45272,30,9,5,16,30,16.7,53.3]];
var HomeBsHalf = [[1,21227,15,9,3,3,60,20,20],[2,42492,15,9,2,4,60,13.3,26.7],[3,43,15,9,1,5,60,6.7,33.3],[4,39,15,9,0,6,60,0,40],[5,37340,15,8,3,4,53.3,20,26.7],[6,7642,15,8,0,7,53.3,0,46.7],[7,542,15,7,1,7,46.7,6.7,46.7],[8,40,15,7,0,8,46.7,0,53.3],[9,541,15,6,3,6,40,20,40],[10,40347,15,6,1,8,40,6.7,53.3],[11,44,15,4,5,6,26.7,33.3,40],[12,89,15,4,3,8,26.7,20,53.3],[13,528,15,4,2,9,26.7,13.3,60],[14,45272,15,4,2,9,26.7,13.3,60],[15,65961,15,4,1,10,26.7,6.7,66.7],[16,22873,15,3,5,7,20,33.3,46.7]];
var GuestBsHalf = [[1,40,15,10,0,5,66.7,0,33.3],[2,43,15,9,1,5,60,6.7,33.3],[3,7642,15,9,0,6,60,0,40],[4,89,15,8,4,3,53.3,26.7,20],[5,40347,15,8,2,5,53.3,13.3,33.3],[6,22873,15,7,4,4,46.7,26.7,26.7],[7,39,15,7,2,6,46.7,13.3,40],[8,528,15,6,1,8,40,6.7,53.3],[9,65961,15,6,0,9,40,0,60],[10,44,15,5,6,4,33.3,40,26.7],[11,45272,15,5,3,7,33.3,20,46.7],[12,541,15,5,3,7,33.3,20,46.7],[13,21227,15,5,1,9,33.3,6.7,60],[14,542,15,4,2,9,26.7,13.3,60],[15,37340,15,4,1,10,26.7,6.7,66.7],[16,42492,15,3,2,10,20,13.3,66.7]];
var addUp = [240,50,26,5.4,214,44.6,[63.3,542,541,40],[73.3,22873],[80,21227],[86.7,22873],[73.3,7642,40],[66.7,528]];
var addUpHalf = [202,42.1,64,13.3,214,44.6,[60,43],[63.3,65961],[60,21227,42492,43,39],[66.7,65961],[66.7,40],[66.7,37340,42492]];
var lastUpdateTime = '2025-11-23 14:59:52';
