var arrLeague = [25,'日本职业联赛J1','日本職業聯賽J1','Japan J1 League','2014','#009900','league_match/images/20130413112735.jpg','日职联','日職聯','JPN D1'];
var arrTeam = [[178,'新泻天鹅','新潟天鵝','Albirex Niigata','','images/178/1gtzd3qtet5.png',0],[181,'名古屋鲸八','名古屋八鯨','Nagoya Grampus','','images/181/1kkqp8ga5a1e.png',0],[188,'浦和红钻','浦和紅鑽','Urawa Red Diamonds','','images/188/1gtzcts2pj1a.png',0],[190,'鹿岛鹿角','鹿島鹿角','Kashima Antlers','','images/190/1gtzcts261m.png',0],[193,'大阪樱花','大阪櫻花','Cerezo Osaka','','images/193/1gtzcts26h14.png',0],[196,'横滨水手','橫濱水手','Yokohama Marinos','','images/196/1gtzcts26eq.png',0],[201,'FC东京','FC東京','FC Tokyo','','images/1jqk6vdj212v.png',0],[203,'神户胜利船','神戶勝利船','Vissel Kobe','','images/203/1gtzcts1qh1b.png',0],[204,'清水鼓动','清水心跳','Shimizu S-Pulse','','images/204/1gtzcts2p01p.png',0],[206,'广岛三箭','廣島三箭','Hiroshima Sanfrecce','','images/206/1gtzcts1qj1h.png',0],[207,'大阪钢巴','大阪飛腳','Gamba Osaka','','images/207/1gtzd3qtya20.png',0],[209,'柏太阳神','柏雷素爾','Kashiwa Reysol','','images/209/1gtzcts3612j.png',0],[1988,'RB大宫松鼠','RB大宮松鼠','RB Omiya Ardija','','images/1jp45sdm4f2c.png',0],[1989,'川崎前锋','川崎前鋒','Kawasaki Frontale','','images/1989/1gtzcts26x2r.png',0],[3162,'甲府风林','甲府風林','Ventforet Kofu','','images/3162/1h53w49p6r20.png',0],[3164,'鸟栖沙岩','鳥栖沙岩','Sagan Tosu','','images/3164/1gtzcts2pxc.png',0],[3193,'仙台维加泰','仙台維加泰','Vegalta Sendai','','images/3193/1h53w49ppqd.png',0],[3196,'德岛漩涡','德島漩渦','Tokushima Vortis','','images/3196/1j4b53239f1r.png',0]];
var TotalBs = [[1,204,34,22,0,12,64.7,0,35.3],[2,203,34,21,0,13,61.8,0,38.2],[3,1988,34,20,1,13,58.8,2.9,38.2],[4,190,34,20,1,13,58.8,2.9,38.2],[5,1989,34,19,0,15,55.9,0,44.1],[6,3196,34,18,0,16,52.9,0,47.1],[7,181,34,18,0,16,52.9,0,47.1],[8,3193,34,16,0,18,47.1,0,52.9],[9,207,34,16,0,18,47.1,0,52.9],[10,209,34,16,0,18,47.1,0,52.9],[11,193,34,15,0,19,44.1,0,55.9],[12,201,34,15,0,19,44.1,0,55.9],[13,178,34,12,0,22,35.3,0,64.7],[14,206,34,12,0,22,35.3,0,64.7],[15,188,34,12,0,22,35.3,0,64.7],[16,3164,34,12,0,22,35.3,0,64.7],[17,196,34,11,0,23,32.4,0,67.6],[18,3162,34,7,0,27,20.6,0,79.4]];
var HomeBs = [[1,1988,17,11,1,5,64.7,5.9,29.4],[2,3193,17,11,0,6,64.7,0,35.3],[3,203,17,11,0,6,64.7,0,35.3],[4,201,17,10,0,7,58.8,0,41.2],[5,190,17,10,0,7,58.8,0,41.2],[6,181,17,10,0,7,58.8,0,41.2],[7,204,17,9,0,8,52.9,0,47.1],[8,193,17,9,0,8,52.9,0,47.1],[9,1989,17,9,0,8,52.9,0,47.1],[10,207,17,8,0,9,47.1,0,52.9],[11,3196,17,7,0,10,41.2,0,58.8],[12,3164,17,6,0,11,35.3,0,64.7],[13,206,17,6,0,11,35.3,0,64.7],[14,209,17,6,0,11,35.3,0,64.7],[15,188,17,5,0,12,29.4,0,70.6],[16,178,17,5,0,12,29.4,0,70.6],[17,3162,17,4,0,13,23.5,0,76.5],[18,196,17,4,0,13,23.5,0,76.5]];
var GuestBs = [[1,204,17,13,0,4,76.5,0,23.5],[2,3196,17,11,0,6,64.7,0,35.3],[3,190,17,10,1,6,58.8,5.9,35.3],[4,209,17,10,0,7,58.8,0,41.2],[5,1989,17,10,0,7,58.8,0,41.2],[6,203,17,10,0,7,58.8,0,41.2],[7,1988,17,9,0,8,52.9,0,47.1],[8,207,17,8,0,9,47.1,0,52.9],[9,181,17,8,0,9,47.1,0,52.9],[10,178,17,7,0,10,41.2,0,58.8],[11,188,17,7,0,10,41.2,0,58.8],[12,196,17,7,0,10,41.2,0,58.8],[13,3164,17,6,0,11,35.3,0,64.7],[14,193,17,6,0,11,35.3,0,64.7],[15,206,17,6,0,11,35.3,0,64.7],[16,3193,17,5,0,12,29.4,0,70.6],[17,201,17,5,0,12,29.4,0,70.6],[18,3162,17,3,0,14,17.6,0,82.4]];
var TotalBsHalf = [[1,3196,34,17,2,15,50,5.9,44.1],[2,203,34,16,7,11,47.1,20.6,32.4],[3,181,33,14,7,12,42.4,21.2,36.4],[4,209,33,13,10,10,39.4,30.3,30.3],[5,204,34,13,8,13,38.2,23.5,38.2],[6,1989,33,13,6,14,39.4,18.2,42.4],[7,190,34,12,14,8,35.3,41.2,23.5],[8,1988,34,12,10,12,35.3,29.4,35.3],[9,207,33,12,4,17,36.4,12.1,51.5],[10,3162,33,10,10,13,30.3,30.3,39.4],[11,3193,33,10,9,14,30.3,27.3,42.4],[12,201,34,10,7,17,29.4,20.6,50],[13,188,34,8,13,13,23.5,38.2,38.2],[14,193,33,8,10,15,24.2,30.3,45.5],[15,196,33,8,10,15,24.2,30.3,45.5],[16,178,34,8,11,15,23.5,32.4,44.1],[17,206,34,7,13,14,20.6,38.2,41.2],[18,3164,33,7,7,19,21.2,21.2,57.6]];
var HomeBsHalf = [[1,181,17,9,4,4,52.9,23.5,23.5],[2,3193,17,8,5,4,47.1,29.4,23.5],[3,1988,17,8,5,4,47.1,29.4,23.5],[4,1989,17,8,2,7,47.1,11.8,41.2],[5,3196,17,8,2,7,47.1,11.8,41.2],[6,201,17,7,3,7,41.2,17.6,41.2],[7,190,17,6,7,4,35.3,41.2,23.5],[8,203,17,6,5,6,35.3,29.4,35.3],[9,207,17,6,3,8,35.3,17.6,47.1],[10,193,17,5,5,7,29.4,29.4,41.2],[11,209,17,5,4,8,29.4,23.5,47.1],[12,188,17,4,6,7,23.5,35.3,41.2],[13,204,17,4,4,9,23.5,23.5,52.9],[14,3162,17,4,4,9,23.5,23.5,52.9],[15,206,17,3,6,8,17.6,35.3,47.1],[16,3164,17,3,5,9,17.6,29.4,52.9],[17,196,17,3,5,9,17.6,29.4,52.9],[18,178,17,2,6,9,11.8,35.3,52.9]];
var GuestBsHalf = [[1,203,17,10,2,5,58.8,11.8,29.4],[2,204,17,9,4,4,52.9,23.5,23.5],[3,3196,17,9,0,8,52.9,0,47.1],[4,209,16,8,6,2,50,37.5,12.5],[5,3162,16,6,6,4,37.5,37.5,25],[6,190,17,6,7,4,35.3,41.2,23.5],[7,178,17,6,5,6,35.3,29.4,35.3],[8,207,16,6,1,9,37.5,6.2,56.2],[9,196,16,5,5,6,31.2,31.2,37.5],[10,1989,16,5,4,7,31.2,25,43.8],[11,181,16,5,3,8,31.2,18.8,50],[12,206,17,4,7,6,23.5,41.2,35.3],[13,188,17,4,7,6,23.5,41.2,35.3],[14,1988,17,4,5,8,23.5,29.4,47.1],[15,3164,16,4,2,10,25,12.5,62.5],[16,193,16,3,5,8,18.8,31.2,50],[17,201,17,3,4,10,17.6,23.5,58.8],[18,3193,16,2,4,10,12.5,25,62.5]];
var addUp = [282,46.1,2,0.3,328,53.6,[64.7,204],[79.4,3162],[64.7,1988,3193,203],[76.5,3162,196],[76.5,204],[82.4,3162]];
var addUpHalf = [198,32.8,158,26.2,247,41,[50,3196],[57.6,3164],[52.9,181],[52.9,204,3162,3164,196,178],[58.8,203],[62.5,3164,3193]];
var lastUpdateTime = '2026-04-07 16:54:32';
