var arrLeague = [15,'南韩K联赛','南韓K聯賽','K League 1','2020','#0542b1','league_match/images/20190423203352.jpg','韩K联','韓K聯','KOR D1'];
var arrTeam = [[477,'城南足球俱乐部','城南FC','Seongnam FC','','images/477/1gxsf6qkxc2j.png',0],[480,'蔚山HD','蔚山HD','Ulsan HD FC','','images/1j1c2yt4wj7.png',0],[481,'浦项制铁','浦項制鐵','Pohang Steelers','','images/481/1h1jgrf3gp0.png',0],[484,'全北现代','全北汽車','Jeonbuk Hyundai Motors','','images/484/1h1jgrf3gr2k.png',0],[491,'大邱FC','大邱FC','Daegu FC','','images/491/1gxsf6qkd41p.png',0],[494,'金泉尚武','金泉尚武','Gimcheon Sangmu FC','','images/494/1grzke26w41a.png',0],[497,'仁川联队','仁川聯','Incheon United','','images/497/1h6swyavg60.png',0],[499,'水原三星','水原三星','Suwon Samsung Bluewings','','images/499/1gxsf6qjy02n.png',0],[501,'釜山偶像','釜山偶像','Busan I Park','','images/501/1gxsf6qkd2e.png',0],[741,'FC首尔','FC首爾','FC Seoul','','images/741/1gxsf6qjyq26.png',0],[9945,'江原FC','FC江原','Gangwon FC','','images/9945/1gxsf6qkdd19.png',0],[16584,'光州FC','FC光州','Gwangju Football Club','','images/1gsq1q2mds5.png',0]];
var TotalPanLu = [[1,484,27,25,2,0,16,1,10,6,59.3,3.7,37],[2,481,27,19,2,6,16,0,11,5,59.3,0,40.7],[3,494,27,7,7,13,15,2,10,5,55.6,7.4,37],[4,480,27,23,3,1,15,1,11,4,55.6,3.7,40.7],[5,497,27,0,4,23,15,0,12,3,55.6,0,44.4],[6,16584,27,1,7,19,13,1,13,0,48.1,3.7,48.1],[7,491,27,17,3,7,12,0,15,-3,44.4,0,55.6],[8,9945,27,10,7,10,11,3,13,-2,40.7,11.1,48.1],[9,499,27,12,5,10,11,1,15,-4,40.7,3.7,55.6],[10,477,27,7,7,13,10,3,14,-4,37,11.1,51.9],[11,741,27,7,7,13,10,2,15,-5,37,7.4,55.6],[12,501,27,2,10,15,9,4,14,-5,33.3,14.8,51.9]];
var HomePanLu = [[1,494,13,5,3,5,9,0,4,5,69.2,0,30.8],[2,484,14,14,0,0,8,1,5,3,57.1,7.1,35.7],[3,481,14,11,1,2,8,0,6,2,57.1,0,42.9],[4,497,13,0,3,10,7,0,6,1,53.8,0,46.2],[5,491,13,9,1,3,7,0,6,1,53.8,0,46.2],[6,480,14,12,2,0,7,1,6,1,50,7.1,42.9],[7,741,14,6,3,5,6,1,7,-1,42.9,7.1,50],[8,9945,14,8,2,4,6,0,8,-2,42.9,0,57.1],[9,16584,13,1,6,6,5,1,7,-2,38.5,7.7,53.8],[10,501,13,2,6,5,4,3,6,-2,30.8,23.1,46.2],[11,499,13,9,0,4,4,0,9,-5,30.8,0,69.2],[12,477,14,6,5,3,2,2,10,-8,14.3,14.3,71.4]];
var GuestPanLu = [[1,477,13,1,2,10,8,1,4,4,61.5,7.7,30.8],[2,481,13,8,1,4,8,0,5,3,61.5,0,38.5],[3,484,13,11,2,0,8,0,5,3,61.5,0,38.5],[4,480,13,11,1,1,8,0,5,3,61.5,0,38.5],[5,497,14,0,1,13,8,0,6,2,57.1,0,42.9],[6,16584,14,0,1,13,8,0,6,2,57.1,0,42.9],[7,499,14,3,5,6,7,1,6,1,50,7.1,42.9],[8,494,14,2,4,8,6,2,6,0,42.9,14.3,42.9],[9,9945,13,2,5,6,5,3,5,0,38.5,23.1,38.5],[10,501,14,0,4,10,5,1,8,-3,35.7,7.1,57.1],[11,491,14,8,2,4,5,0,9,-4,35.7,0,64.3],[12,741,13,1,4,8,4,1,8,-4,30.8,7.7,61.5]];
var TotalHalfPanLu = [[1,497,27,0,9,18,15,4,8,7,55.6,14.8,29.6],[2,481,27,13,10,4,14,4,9,5,51.9,14.8,33.3],[3,16584,27,1,11,15,12,5,10,2,44.4,18.5,37],[4,480,27,21,6,0,12,1,14,-2,44.4,3.7,51.9],[5,494,27,1,16,10,11,9,7,4,40.7,33.3,25.9],[6,499,27,7,14,6,10,9,8,2,37,33.3,29.6],[7,501,27,2,16,9,10,8,9,1,37,29.6,33.3],[8,477,27,2,14,11,10,8,9,1,37,29.6,33.3],[9,484,27,24,3,0,9,1,17,-8,33.3,3.7,63],[10,9945,27,6,16,5,7,10,10,-3,25.9,37,37],[11,491,27,9,13,5,7,8,12,-5,25.9,29.6,44.4],[12,741,27,3,18,6,6,11,10,-4,22.2,40.7,37]];
var HomeHalfPanLu = [[1,494,13,1,9,3,6,5,2,4,46.2,38.5,15.4],[2,480,14,12,2,0,6,1,7,-1,42.9,7.1,50],[3,497,13,0,8,5,5,4,4,1,38.5,30.8,30.8],[4,741,14,3,8,3,5,4,5,0,35.7,28.6,35.7],[5,9945,14,5,7,2,5,3,6,-1,35.7,21.4,42.9],[6,481,14,8,5,1,5,2,7,-2,35.7,14.3,50],[7,484,14,13,1,0,5,0,9,-4,35.7,0,64.3],[8,16584,13,1,8,4,4,5,4,0,30.8,38.5,30.8],[9,491,13,7,4,2,4,1,8,-4,30.8,7.7,61.5],[10,501,13,2,7,4,3,5,5,-2,23.1,38.5,38.5],[11,499,13,6,5,2,3,3,7,-4,23.1,23.1,53.8],[12,477,14,2,9,3,1,6,7,-6,7.1,42.9,50]];
var GuestHalfPanLu = [[1,497,14,0,1,13,10,0,4,6,71.4,0,28.6],[2,477,13,0,5,8,9,2,2,7,69.2,15.4,15.4],[3,481,13,5,5,3,9,2,2,7,69.2,15.4,15.4],[4,16584,14,0,3,11,8,0,6,2,57.1,0,42.9],[5,499,14,1,9,4,7,6,1,6,50,42.9,7.1],[6,501,14,0,9,5,7,3,4,3,50,21.4,28.6],[7,480,13,9,4,0,6,0,7,-1,46.2,0,53.8],[8,494,14,0,7,7,5,4,5,0,35.7,28.6,35.7],[9,484,13,11,2,0,4,1,8,-4,30.8,7.7,61.5],[10,491,14,2,9,3,3,7,4,-1,21.4,50,28.6],[11,9945,13,1,9,3,2,7,4,-2,15.4,53.8,30.8],[12,741,13,0,10,3,1,7,5,-4,7.7,53.8,38.5]];
var addUp = [73,45.1,9,5.6,80,49.4,[59.3,484,481],[55.6,491,499,741],[69.2,494],[71.4,477],[61.5,477,481,484,480],[64.3,491],[14.8,501],[0,481,497,491]];
var addUpHalf = [52,32.1,39,24.1,71,43.8,[55.6,497],[63,484],[46.2,494],[64.3,484],[71.4,497],[61.5,484],[40.7,741],[3.7,480,484]];
var lastUpdateTime = '2025-01-18 17:48:57';
