var arrLeague = [15,'南韩K联赛','南韓K聯賽','K League 1','2020','#0542b1','league_match/images/20190423203352.jpg','韩K联','韓K聯','KOR D1'];
var arrTeam = [[477,'城南足球俱乐部','城南FC','Seongnam FC','','images/477/1gxsf6qkxc2j.png',0],[480,'蔚山HD','蔚山HD','Ulsan HD FC','','images/1j1c2yt4wj7.png',0],[481,'浦项制铁','浦項制鐵','Pohang Steelers','','images/481/1h1jgrf3gp0.png',0],[484,'全北现代','全北汽車','Jeonbuk Hyundai Motors','','images/484/1h1jgrf3gr2k.png',0],[491,'大邱FC','大邱FC','Daegu FC','','images/491/1gxsf6qkd41p.png',0],[494,'金泉尚武','金泉尚武','Gimcheon Sangmu FC','','images/494/1grzke26w41a.png',0],[497,'仁川联队','仁川聯','Incheon United','','images/497/1h6swyavg60.png',0],[499,'水原三星','水原三星','Suwon Samsung Bluewings','','images/499/1gxsf6qjy02n.png',0],[501,'釜山偶像','釜山偶像','Busan I Park','','images/501/1gxsf6qkd2e.png',0],[741,'FC首尔','FC首爾','FC Seoul','','images/741/1gxsf6qjyq26.png',0],[9945,'江原FC','FC江原','Gangwon FC','','images/9945/1gxsf6qkdd19.png',0],[16584,'光州FC','FC光州','Gwangju Football Club','','images/1gsq1q2mds5.png',0]];
var TotalBs = [[1,481,27,17,0,10,63,0,37],[2,9945,27,17,0,10,63,0,37],[3,480,27,14,1,12,51.9,3.7,44.4],[4,491,27,14,0,13,51.9,0,48.1],[5,741,27,13,0,14,48.1,0,51.9],[6,501,27,12,0,15,44.4,0,55.6],[7,484,27,12,0,15,44.4,0,55.6],[8,477,27,11,1,15,40.7,3.7,55.6],[9,499,27,11,1,15,40.7,3.7,55.6],[10,494,27,11,0,16,40.7,0,59.3],[11,16584,27,10,1,16,37,3.7,59.3],[12,497,27,10,0,17,37,0,63]];
var HomeBs = [[1,9945,14,11,0,3,78.6,0,21.4],[2,491,13,9,0,4,69.2,0,30.8],[3,481,14,9,0,5,64.3,0,35.7],[4,499,13,7,0,6,53.8,0,46.2],[5,484,14,7,0,7,50,0,50],[6,477,14,6,1,7,42.9,7.1,50],[7,16584,13,5,0,8,38.5,0,61.5],[8,501,13,5,0,8,38.5,0,61.5],[9,741,14,5,0,9,35.7,0,64.3],[10,480,14,4,1,9,28.6,7.1,64.3],[11,494,13,4,0,9,30.8,0,69.2],[12,497,13,4,0,9,30.8,0,69.2]];
var GuestBs = [[1,480,13,10,0,3,76.9,0,23.1],[2,481,13,8,0,5,61.5,0,38.5],[3,741,13,8,0,5,61.5,0,38.5],[4,501,14,7,0,7,50,0,50],[5,494,14,7,0,7,50,0,50],[6,9945,13,6,0,7,46.2,0,53.8],[7,497,14,6,0,8,42.9,0,57.1],[8,484,13,5,0,8,38.5,0,61.5],[9,16584,14,5,1,8,35.7,7.1,57.1],[10,477,13,5,0,8,38.5,0,61.5],[11,491,14,5,0,9,35.7,0,64.3],[12,499,14,4,1,9,28.6,7.1,64.3]];
var TotalBsHalf = [[1,477,27,13,2,12,48.1,7.4,44.4],[2,481,27,11,7,9,40.7,25.9,33.3],[3,491,27,11,5,11,40.7,18.5,40.7],[4,16584,27,11,5,11,40.7,18.5,40.7],[5,494,27,11,3,13,40.7,11.1,48.1],[6,484,27,10,7,10,37,25.9,37],[7,480,27,10,6,11,37,22.2,40.7],[8,497,27,10,5,12,37,18.5,44.4],[9,9945,27,10,4,13,37,14.8,48.1],[10,741,27,9,7,11,33.3,25.9,40.7],[11,501,27,8,8,11,29.6,29.6,40.7],[12,499,27,8,5,14,29.6,18.5,51.9]];
var HomeBsHalf = [[1,491,13,7,4,2,53.8,30.8,15.4],[2,9945,14,7,2,5,50,14.3,35.7],[3,477,14,7,1,6,50,7.1,42.9],[4,484,14,6,1,7,42.9,7.1,50],[5,16584,13,5,4,4,38.5,30.8,30.8],[6,481,14,5,4,5,35.7,28.6,35.7],[7,480,14,5,1,8,35.7,7.1,57.1],[8,499,13,4,3,6,30.8,23.1,46.2],[9,497,13,4,3,6,30.8,23.1,46.2],[10,494,13,4,2,7,30.8,15.4,53.8],[11,501,13,4,2,7,30.8,15.4,53.8],[12,741,14,3,5,6,21.4,35.7,42.9]];
var GuestBsHalf = [[1,494,14,7,1,6,50,7.1,42.9],[2,481,13,6,3,4,46.2,23.1,30.8],[3,741,13,6,2,5,46.2,15.4,38.5],[4,477,13,6,1,6,46.2,7.7,46.2],[5,497,14,6,2,6,42.9,14.3,42.9],[6,16584,14,6,1,7,42.9,7.1,50],[7,480,13,5,5,3,38.5,38.5,23.1],[8,484,13,4,6,3,30.8,46.2,23.1],[9,501,14,4,6,4,28.6,42.9,28.6],[10,499,14,4,2,8,28.6,14.3,57.1],[11,491,14,4,1,9,28.6,7.1,64.3],[12,9945,13,3,2,8,23.1,15.4,61.5]];
var addUp = [152,46.9,4,1.2,168,51.9,[63,481,9945],[63,497],[78.6,9945],[69.2,494,497],[76.9,480],[64.3,491,499]];
var addUpHalf = [122,37.7,64,19.8,138,42.6,[48.1,477],[51.9,499],[53.8,491],[57.1,480],[50,494],[64.3,491]];
var lastUpdateTime = '2025-01-18 17:49:04';
