var arrLeague = [273,'澳洲甲组联赛','澳洲甲組聯賽','Australia A-League','2012-2013','#FF7000','league_match/images/167305577951.png','澳洲甲','澳洲甲','AUS D1'];
var arrTeam = [[2900,'阿德莱德联','阿德萊德聯','Adelaide United','','images/2900/1hd5avvjts1y.png',0],[2901,'墨尔本胜利','墨爾本勝利','Melbourne Victory','','images/2901/1jaekt97145.png',0],[2909,'悉尼FC','悉尼FC','Sydney FC','','images/2909/1gq92j83knp.png',0],[2910,'中央海岸水手','中岸水手','Central Coast Mariners','','images/2910/1hd5avvjt32h.png',0],[2913,'珀斯光荣','珀斯光輝','Perth Glory','','images/2913/1h5bja71yq6.png',0],[2914,'布里斯班狮吼','布里斯本獅吼','Brisbane Roar','','images/2914/1j63q4e1gy18.png',0],[2915,'纽卡斯尔喷气机','紐卡素噴射機','Newcastle Jets','','images/2915/1hdajpw3vks.png',0],[5953,'惠灵顿凤凰','威靈頓鳳凰','Wellington Phoenix','','images/5953/1h6z210pqs2n.png',0],[14549,'墨尔本城','墨爾本城','Melbourne City','','images/14549/1gq92j83kv7.png',0],[20394,'西悉尼流浪者','西悉尼流浪者','Western Sydney','','images/20130923112441.png',0]];
var TotalPanLu = [[1,20394,29,11,4,14,19,1,9,10,65.5,3.4,31],[2,2910,29,22,6,1,16,3,10,6,55.2,10.3,34.5],[3,2901,29,12,5,12,16,1,12,4,55.2,3.4,41.4],[4,2900,28,11,8,9,13,2,13,0,46.4,7.1,46.4],[5,2915,27,7,6,14,12,2,13,-1,44.4,7.4,48.1],[6,5953,27,9,3,15,12,1,14,-2,44.4,3.7,51.9],[7,2909,27,8,4,15,12,0,15,-3,44.4,0,55.6],[8,2914,29,17,7,5,12,3,14,-2,41.4,10.3,48.3],[9,2913,28,12,3,13,11,1,16,-5,39.3,3.6,57.1],[10,14549,27,5,6,16,10,0,17,-7,37,0,63]];
var HomePanLu = [[1,2910,14,14,0,0,10,1,3,7,71.4,7.1,21.4],[2,2901,15,12,2,1,9,1,5,4,60,6.7,33.3],[3,2914,13,12,1,0,7,1,5,2,53.8,7.7,38.5],[4,2900,15,10,4,1,8,0,7,1,53.3,0,46.7],[5,2909,13,7,4,2,7,0,6,1,53.8,0,46.2],[6,14549,13,5,4,4,7,0,6,1,53.8,0,46.2],[7,20394,16,9,3,4,8,1,7,1,50,6.2,43.8],[8,5953,14,9,3,2,7,1,6,1,50,7.1,42.9],[9,2913,14,12,1,1,6,0,8,-2,42.9,0,57.1],[10,2915,13,7,4,2,5,2,6,-1,38.5,15.4,46.2]];
var GuestPanLu = [[1,20394,13,2,1,10,11,0,2,9,84.6,0,15.4],[2,2915,14,0,2,12,7,0,7,0,50,0,50],[3,2901,14,0,3,11,7,0,7,0,50,0,50],[4,2910,15,8,6,1,6,2,7,-1,40,13.3,46.7],[5,2900,13,1,4,8,5,2,6,-1,38.5,15.4,46.2],[6,5953,13,0,0,13,5,0,8,-3,38.5,0,61.5],[7,2913,14,0,2,12,5,1,8,-3,35.7,7.1,57.1],[8,2909,14,1,0,13,5,0,9,-4,35.7,0,64.3],[9,2914,16,5,6,5,5,2,9,-4,31.2,12.5,56.2],[10,14549,14,0,2,12,3,0,11,-8,21.4,0,78.6]];
var TotalHalfPanLu = [[1,20394,29,0,0,0,17,1,11,6,58.6,3.4,37.9],[2,14549,27,0,0,0,15,4,8,7,55.6,14.8,29.6],[3,2913,28,0,0,0,15,3,10,5,53.6,10.7,35.7],[4,2900,28,0,0,0,13,5,10,3,46.4,17.9,35.7],[5,2901,29,0,0,0,13,4,12,1,44.8,13.8,41.4],[6,5953,27,0,0,0,11,3,13,-2,40.7,11.1,48.1],[7,2910,29,0,0,0,11,5,13,-2,37.9,17.2,44.8],[8,2914,29,0,0,0,10,8,11,-1,34.5,27.6,37.9],[9,2915,27,0,0,0,8,4,15,-7,29.6,14.8,55.6],[10,2909,27,0,0,0,7,3,17,-10,25.9,11.1,63]];
var HomeHalfPanLu = [[1,14549,13,0,0,0,9,3,1,8,69.2,23.1,7.7],[2,2914,13,0,0,0,7,0,6,1,53.8,0,46.2],[3,20394,16,0,0,0,8,0,8,0,50,0,50],[4,2901,15,0,0,0,7,3,5,2,46.7,20,33.3],[5,2910,14,0,0,0,6,1,7,-1,42.9,7.1,50],[6,2913,14,0,0,0,6,1,7,-1,42.9,7.1,50],[7,5953,14,0,0,0,5,3,6,-1,35.7,21.4,42.9],[8,2900,15,0,0,0,5,2,8,-3,33.3,13.3,53.3],[9,2909,13,0,0,0,4,3,6,-2,30.8,23.1,46.2],[10,2915,13,0,0,0,3,4,6,-3,23.1,30.8,46.2]];
var GuestHalfPanLu = [[1,20394,13,0,0,0,9,1,3,6,69.2,7.7,23.1],[2,2913,14,0,0,0,9,2,3,6,64.3,14.3,21.4],[3,2900,13,0,0,0,8,3,2,6,61.5,23.1,15.4],[4,5953,13,0,0,0,6,0,7,-1,46.2,0,53.8],[5,14549,14,0,0,0,6,1,7,-1,42.9,7.1,50],[6,2901,14,0,0,0,6,1,7,-1,42.9,7.1,50],[7,2915,14,0,0,0,5,0,9,-4,35.7,0,64.3],[8,2910,15,0,0,0,5,4,6,-1,33.3,26.7,40],[9,2909,14,0,0,0,3,0,11,-8,21.4,0,78.6],[10,2914,16,0,0,0,3,8,5,-2,18.8,50,31.2]];
var addUp = [74,52.9,7,5,59,42.1,[65.5,20394],[63,14549],[71.4,2910],[57.1,2913],[84.6,20394],[78.6,14549],[10.3,2910,2914],[0,2909,14549]];
var addUpHalf = [60,42.9,20,14.3,60,42.9,[58.6,20394],[63,2909],[69.2,14549],[53.3,2900],[69.2,20394],[78.6,2909],[27.6,2914],[3.4,20394]];
var lastUpdateTime = '2025-01-20 14:33:47';
