var arrLeague = [273,'澳洲甲组联赛','澳洲甲組聯賽','Australia A-League','2012-2013','#FF7000','league_match/images/167305577951.png','澳洲甲','澳洲甲','AUS D1'];
var arrTeam = [[2900,'阿德莱德联','阿德萊德聯','Adelaide United','','images/2900/1hd5avvjts1y.png',0],[2901,'墨尔本胜利','墨爾本勝利','Melbourne Victory','','images/2901/1jaekt97145.png',0],[2909,'悉尼FC','悉尼FC','Sydney FC','','images/2909/1gq92j83knp.png',0],[2910,'中央海岸水手','中岸水手','Central Coast Mariners','','images/2910/1hd5avvjt32h.png',0],[2913,'珀斯光荣','珀斯光輝','Perth Glory','','images/2913/1h5bja71yq6.png',0],[2914,'布里斯班狮吼','布里斯本獅吼','Brisbane Roar','','images/2914/1j63q4e1gy18.png',0],[2915,'纽卡斯尔喷气机','紐卡素噴射機','Newcastle Jets','','images/2915/1hdajpw3vks.png',0],[5953,'惠灵顿凤凰','威靈頓鳳凰','Wellington Phoenix','','images/5953/1h6z210pqs2n.png',0],[14549,'墨尔本城','墨爾本城','Melbourne City','','images/14549/1gq92j83kv7.png',0],[20394,'西悉尼流浪者','西悉尼流浪者','Western Sydney','','images/20130923112441.png',0]];
var TotalBs = [[1,2909,27,18,1,8,66.7,3.7,29.6],[2,2901,29,18,0,11,62.1,0,37.9],[3,2915,27,17,0,10,63,0,37],[4,5953,27,14,0,13,51.9,0,48.1],[5,14549,27,13,0,14,48.1,0,51.9],[6,2900,28,13,1,14,46.4,3.6,50],[7,2910,29,11,0,18,37.9,0,62.1],[8,20394,29,11,0,18,37.9,0,62.1],[9,2914,29,11,0,18,37.9,0,62.1],[10,2913,28,10,0,18,35.7,0,64.3]];
var HomeBs = [[1,2901,15,10,0,5,66.7,0,33.3],[2,2909,13,7,1,5,53.8,7.7,38.5],[3,14549,13,7,0,6,53.8,0,46.2],[4,2915,13,7,0,6,53.8,0,46.2],[5,2910,14,7,0,7,50,0,50],[6,2900,15,7,0,8,46.7,0,53.3],[7,2914,13,6,0,7,46.2,0,53.8],[8,2913,14,6,0,8,42.9,0,57.1],[9,20394,16,6,0,10,37.5,0,62.5],[10,5953,14,5,0,9,35.7,0,64.3]];
var GuestBs = [[1,2909,14,11,0,3,78.6,0,21.4],[2,2915,14,10,0,4,71.4,0,28.6],[3,5953,13,9,0,4,69.2,0,30.8],[4,2901,14,8,0,6,57.1,0,42.9],[5,2900,13,6,1,6,46.2,7.7,46.2],[6,14549,14,6,0,8,42.9,0,57.1],[7,20394,13,5,0,8,38.5,0,61.5],[8,2914,16,5,0,11,31.2,0,68.8],[9,2913,14,4,0,10,28.6,0,71.4],[10,2910,15,4,0,11,26.7,0,73.3]];
var TotalBsHalf = [[1,2915,27,13,7,7,48.1,25.9,25.9],[2,5953,27,10,12,5,37,44.4,18.5],[3,2909,25,10,8,7,40,32,28],[4,2900,28,9,9,10,32.1,32.1,35.7],[5,2901,28,9,8,11,32.1,28.6,39.3],[6,14549,25,8,9,8,32,36,32],[7,2914,27,8,9,10,29.6,33.3,37],[8,20394,29,7,13,9,24.1,44.8,31],[9,2910,28,7,9,12,25,32.1,42.9],[10,2913,27,6,13,8,22.2,48.1,29.6]];
var HomeBsHalf = [[1,14549,13,6,4,3,46.2,30.8,23.1],[2,2900,15,6,4,5,40,26.7,33.3],[3,2901,15,6,4,5,40,26.7,33.3],[4,2915,13,5,3,5,38.5,23.1,38.5],[5,5953,14,4,7,3,28.6,50,21.4],[6,2914,13,4,5,4,30.8,38.5,30.8],[7,20394,16,4,7,5,25,43.8,31.2],[8,2910,14,4,3,7,28.6,21.4,50],[9,2913,14,3,8,3,21.4,57.1,21.4],[10,2909,13,3,5,5,23.1,38.5,38.5]];
var GuestBsHalf = [[1,2915,14,8,4,2,57.1,28.6,14.3],[2,2909,12,7,3,2,58.3,25,16.7],[3,5953,13,6,5,2,46.2,38.5,15.4],[4,2914,14,4,4,6,28.6,28.6,42.9],[5,20394,13,3,6,4,23.1,46.2,30.8],[6,2913,13,3,5,5,23.1,38.5,38.5],[7,2900,13,3,5,5,23.1,38.5,38.5],[8,2910,14,3,6,5,21.4,42.9,35.7],[9,2901,13,3,4,6,23.1,30.8,46.2],[10,14549,12,2,5,5,16.7,41.7,41.7]];
var addUp = [136,48.6,2,0.7,142,50.7,[66.7,2909],[64.3,2913],[66.7,2901],[64.3,5953],[78.6,2909],[73.3,2910]];
var addUpHalf = [87,32.1,97,35.8,87,32.1,[48.1,2915],[42.9,2910],[46.2,14549],[50,2910],[58.3,2909],[46.2,2901]];
var lastUpdateTime = '2025-01-20 14:33:59';
