var arrLeague = [8,'德国甲组联赛','德國甲組聯賽','German Bundesliga','2015-2016','#990099','league_match/images/166674997937.png','德甲','德甲','GER D1'];
var arrTeam = [[88,'拜仁慕尼黑','拜仁慕尼黑','Bayern Munchen','','images/1jarzw1r4wn.png',0],[99,'多特蒙德','多蒙特','Borussia Dortmund','','images/164870996363.png',0],[128,'门兴格拉德巴赫','慕遜加柏','Borussia Monchengladbach','','images/16487114506.png',0],[132,'云达不莱梅','雲達不萊梅','Werder Bremen','','images/2013119144220.jpg',0],[139,'柏林赫塔','哈化柏林','Hertha Berlin','','images/16487114635.png',0],[149,'沃尔夫斯堡','沃爾夫斯堡','VfL Wolfsburg','','images/164871147946.png',0],[151,'沙尔克04','史浩克零四','Schalke 04','','images/2013119145317.jpg',0],[155,'斯图加特','史特加','VfB Stuttgart','','images/164871149852.png',0],[160,'汉堡','漢堡','Hamburger SV','','images/2013119151640.jpg',0],[162,'美因茨','緬恩斯','FSV Mainz 05','','images/164871151364.png',0],[165,'勒沃库森','利華古遜','Bayer Leverkusen','','images/164871152472.png',0],[169,'汉诺威96','漢諾威','Hannover 96','','images/201312092606.jpg',0],[423,'法兰克福','法蘭克福','Eintracht Frankfurt','','images/164871155563.png',0],[490,'科隆','科隆','FC Koln','','images/164871158236.png',0],[1078,'霍芬海姆','賀芬咸','TSG Hoffenheim','','images/164871159920.png',0],[1080,'达姆施塔特','達斯泰特','Darmstadt','','images/2013120114115.jpg',0],[1135,'奥格斯堡','奧格斯堡','Augsburg','','images/164871162622.png',0],[2786,'因戈尔施塔特','恩高斯達特','Ingolstadt','','images/2013120104003.jpg',0]];
var TotalBs = [[1,155,34,24,0,10,70.6,0,29.4],[2,132,34,23,0,11,67.6,0,32.4],[3,128,34,22,1,11,64.7,2.9,32.4],[4,99,34,20,2,12,58.8,5.9,35.3],[5,151,34,19,2,13,55.9,5.9,38.2],[6,169,34,19,1,14,55.9,2.9,41.2],[7,165,34,17,2,15,50,5.9,44.1],[8,1080,34,17,0,17,50,0,50],[9,1135,34,17,0,17,50,0,50],[10,160,34,17,0,17,50,0,50],[11,162,34,17,0,17,50,0,50],[12,1078,34,16,0,18,47.1,0,52.9],[13,139,34,15,0,19,44.1,0,55.9],[14,88,34,14,0,20,41.2,0,58.8],[15,423,34,14,0,20,41.2,0,58.8],[16,149,34,13,2,19,38.2,5.9,55.9],[17,490,34,11,2,21,32.4,5.9,61.8],[18,2786,34,11,0,23,32.4,0,67.6]];
var HomeBs = [[1,99,17,12,0,5,70.6,0,29.4],[2,128,17,12,0,5,70.6,0,29.4],[3,132,17,11,0,6,64.7,0,35.3],[4,151,17,10,1,6,58.8,5.9,35.3],[5,155,17,10,0,7,58.8,0,41.2],[6,169,17,9,0,8,52.9,0,47.1],[7,162,17,9,0,8,52.9,0,47.1],[8,1135,17,9,0,8,52.9,0,47.1],[9,165,17,8,2,7,47.1,11.8,41.2],[10,1078,17,8,0,9,47.1,0,52.9],[11,88,17,8,0,9,47.1,0,52.9],[12,160,17,8,0,9,47.1,0,52.9],[13,1080,17,8,0,9,47.1,0,52.9],[14,139,17,7,0,10,41.2,0,58.8],[15,2786,17,7,0,10,41.2,0,58.8],[16,423,17,7,0,10,41.2,0,58.8],[17,149,17,5,2,10,29.4,11.8,58.8],[18,490,17,5,1,11,29.4,5.9,64.7]];
var GuestBs = [[1,155,17,14,0,3,82.4,0,17.6],[2,132,17,12,0,5,70.6,0,29.4],[3,169,17,10,1,6,58.8,5.9,35.3],[4,128,17,10,1,6,58.8,5.9,35.3],[5,151,17,9,1,7,52.9,5.9,41.2],[6,160,17,9,0,8,52.9,0,47.1],[7,1080,17,9,0,8,52.9,0,47.1],[8,165,17,9,0,8,52.9,0,47.1],[9,99,17,8,2,7,47.1,11.8,41.2],[10,1078,17,8,0,9,47.1,0,52.9],[11,1135,17,8,0,9,47.1,0,52.9],[12,139,17,8,0,9,47.1,0,52.9],[13,149,17,8,0,9,47.1,0,52.9],[14,162,17,8,0,9,47.1,0,52.9],[15,423,17,7,0,10,41.2,0,58.8],[16,490,17,6,1,10,35.3,5.9,58.8],[17,88,17,6,0,11,35.3,0,64.7],[18,2786,17,4,0,13,23.5,0,76.5]];
var TotalBsHalf = [[1,132,34,19,5,10,55.9,14.7,29.4],[2,155,33,18,0,15,54.5,0,45.5],[3,128,33,15,6,12,45.5,18.2,36.4],[4,1135,34,15,5,14,44.1,14.7,41.2],[5,1078,34,15,4,15,44.1,11.8,44.1],[6,2786,33,15,2,16,45.5,6.1,48.5],[7,162,34,14,8,12,41.2,23.5,35.3],[8,99,34,14,0,20,41.2,0,58.8],[9,139,33,13,9,11,39.4,27.3,33.3],[10,1080,34,13,7,14,38.2,20.6,41.2],[11,165,34,13,5,16,38.2,14.7,47.1],[12,169,33,12,12,9,36.4,36.4,27.3],[13,490,33,12,8,13,36.4,24.2,39.4],[14,423,33,12,6,15,36.4,18.2,45.5],[15,151,33,11,8,14,33.3,24.2,42.4],[16,160,33,11,7,15,33.3,21.2,45.5],[17,149,34,11,6,17,32.4,17.6,50],[18,88,34,9,0,25,26.5,0,73.5]];
var HomeBsHalf = [[1,132,17,10,4,3,58.8,23.5,17.6],[2,2786,17,9,1,7,52.9,5.9,41.2],[3,155,17,8,0,9,47.1,0,52.9],[4,99,17,8,0,9,47.1,0,52.9],[5,423,17,7,5,5,41.2,29.4,29.4],[6,128,17,7,4,6,41.2,23.5,35.3],[7,1078,17,7,3,7,41.2,17.6,41.2],[8,160,17,7,3,7,41.2,17.6,41.2],[9,490,17,7,2,8,41.2,11.8,47.1],[10,149,17,7,2,8,41.2,11.8,47.1],[11,1135,17,7,2,8,41.2,11.8,47.1],[12,169,17,6,5,6,35.3,29.4,35.3],[13,139,17,6,5,6,35.3,29.4,35.3],[14,162,17,6,4,7,35.3,23.5,41.2],[15,151,17,6,3,8,35.3,17.6,47.1],[16,88,17,6,0,11,35.3,0,64.7],[17,1080,17,5,5,7,29.4,29.4,41.2],[18,165,17,5,1,11,29.4,5.9,64.7]];
var GuestBsHalf = [[1,155,16,10,0,6,62.5,0,37.5],[2,132,17,9,1,7,52.9,5.9,41.2],[3,162,17,8,4,5,47.1,23.5,29.4],[4,165,17,8,4,5,47.1,23.5,29.4],[5,1135,17,8,3,6,47.1,17.6,35.3],[6,128,16,8,2,6,50,12.5,37.5],[7,1080,17,8,2,7,47.1,11.8,41.2],[8,1078,17,8,1,8,47.1,5.9,47.1],[9,139,16,7,4,5,43.8,25,31.2],[10,169,16,6,7,3,37.5,43.8,18.8],[11,2786,16,6,1,9,37.5,6.2,56.2],[12,99,17,6,0,11,35.3,0,64.7],[13,490,16,5,6,5,31.2,37.5,31.2],[14,151,16,5,5,6,31.2,31.2,37.5],[15,423,16,5,1,10,31.2,6.2,62.5],[16,160,16,4,4,8,25,25,50],[17,149,17,4,4,9,23.5,23.5,52.9],[18,88,17,3,0,14,17.6,0,82.4]];
var addUp = [306,50,12,2,294,48,[70.6,155],[67.6,2786],[70.6,99,128],[64.7,490],[82.4,155],[76.5,2786]];
var addUpHalf = [242,40.1,98,16.3,263,43.6,[55.9,132],[73.5,88],[58.8,132],[64.7,88,165],[62.5,155],[82.4,88]];
var lastUpdateTime = '2025-01-19 16:30:17';
