var arrLeague = [9,'德国乙组联赛','德國乙組聯賽','German Bundesliga 2','2014-2015','#CA00CA','league_match/images/20181221085736.png','德乙','德乙','GER D2'];
var arrTeam = [[95,'波鸿','波琴','VfL Bochum','','images/164870992655.png',0],[136,'纽伦堡','紐倫堡','Nurnberg','','images/2013119145001.jpg',0],[160,'汉堡','漢堡','Hamburger SV','','images/2013119151640.jpg',0],[175,'凯泽斯劳滕','凱沙羅頓','Kaiserslautern','','images/201312095551.jpg',0],[403,'慕尼黑1860','慕尼黑1860','TSV 1860 Munchen','','images/201312095748.jpg',0],[458,'菲尔特','格雷特霍夫','Greuther Furth','','images/16487115697.png',0],[461,'奥厄','奧厄','Erzgebirge Aue','','images/20180921190117.jpg',0],[487,'卡尔斯鲁厄','卡斯魯厄','Karlsruher SC','','images/2013120111953.jpg',0],[1080,'达姆施塔特','達斯泰特','Darmstadt','','images/2013120114115.jpg',0],[1085,'圣保利','聖保利','St. Pauli','','images/20180921185751.jpg',0],[1087,'柏林联合','柏林聯','Union Berlin','','images/164871161365.png',0],[1116,'布伦瑞克','布倫斯維克','Eintracht Braunschweig','','images/2013120103227.jpg',0],[1117,'荷尔斯泰因','基爾','Holstein Kiel','','images/2013120132327.jpg',0],[1133,'亚伦','艾阿倫','Vfr Aalen','','images/2013120103747.jpg',0],[1344,'杜塞尔多夫','杜斯多夫','Fortuna Dusseldorf','','images/201312093635.jpg',0],[2786,'因戈尔施塔特','恩高斯達特','Ingolstadt','','images/2013120104003.jpg',0],[4449,'桑德豪森','辛特侯遜','SV Sandhausen','','images/2013120104323.jpg',0],[6021,'FSV法兰克福','FSV法蘭克福','FSV Frankfurt','','images/2013120104456.jpg',0],[8371,'海登海姆','海登海默','Heidenheimer','','images/2013120120906.jpg',0],[13201,'RB莱比锡','RB萊比錫','RB Leipzig','','images/164871164178.png',0]];
var TotalBs = [[1,95,34,20,0,14,58.8,0,41.2],[2,1087,34,20,0,14,58.8,0,41.2],[3,136,34,19,1,14,55.9,2.9,41.2],[4,1085,34,19,0,15,55.9,0,44.1],[5,8371,34,19,0,15,55.9,0,44.1],[6,403,36,18,0,18,50,0,50],[7,1116,34,17,0,17,50,0,50],[8,1344,34,17,0,17,50,0,50],[9,2786,34,15,0,19,44.1,0,55.9],[10,6021,34,14,0,20,41.2,0,58.8],[11,458,34,14,0,20,41.2,0,58.8],[12,461,34,14,0,20,41.2,0,58.8],[13,13201,34,13,0,21,38.2,0,61.8],[14,4449,34,13,0,21,38.2,0,61.8],[15,1133,34,12,1,21,35.3,2.9,61.8],[16,175,34,12,0,22,35.3,0,64.7],[17,487,36,12,0,24,33.3,0,66.7],[18,1080,34,9,0,25,26.5,0,73.5],[19,1117,2,1,0,1,50,0,50],[20,160,2,0,0,2,0,0,100]];
var HomeBs = [[1,8371,17,10,0,7,58.8,0,41.2],[2,403,18,10,0,8,55.6,0,44.4],[3,1087,17,9,0,8,52.9,0,47.1],[4,458,17,9,0,8,52.9,0,47.1],[5,1085,17,9,0,8,52.9,0,47.1],[6,2786,17,9,0,8,52.9,0,47.1],[7,1344,17,9,0,8,52.9,0,47.1],[8,13201,17,8,0,9,47.1,0,52.9],[9,1133,17,8,0,9,47.1,0,52.9],[10,95,17,8,0,9,47.1,0,52.9],[11,461,17,8,0,9,47.1,0,52.9],[12,136,17,7,1,9,41.2,5.9,52.9],[13,1116,17,7,0,10,41.2,0,58.8],[14,175,17,7,0,10,41.2,0,58.8],[15,6021,17,6,0,11,35.3,0,64.7],[16,1080,17,6,0,11,35.3,0,64.7],[17,4449,17,5,0,12,29.4,0,70.6],[18,487,18,4,0,14,22.2,0,77.8],[19,160,1,0,0,1,0,0,100],[20,1117,1,0,0,1,0,0,100]];
var GuestBs = [[1,95,17,12,0,5,70.6,0,29.4],[2,136,17,12,0,5,70.6,0,29.4],[3,1087,17,11,0,6,64.7,0,35.3],[4,1116,17,10,0,7,58.8,0,41.2],[5,1085,17,10,0,7,58.8,0,41.2],[6,8371,17,9,0,8,52.9,0,47.1],[7,6021,17,8,0,9,47.1,0,52.9],[8,4449,17,8,0,9,47.1,0,52.9],[9,1344,17,8,0,9,47.1,0,52.9],[10,487,18,8,0,10,44.4,0,55.6],[11,403,18,8,0,10,44.4,0,55.6],[12,461,17,6,0,11,35.3,0,64.7],[13,2786,17,6,0,11,35.3,0,64.7],[14,13201,17,5,0,12,29.4,0,70.6],[15,458,17,5,0,12,29.4,0,70.6],[16,175,17,5,0,12,29.4,0,70.6],[17,1133,17,4,1,12,23.5,5.9,70.6],[18,1080,17,3,0,14,17.6,0,82.4],[19,1117,1,1,0,0,100,0,0],[20,160,1,0,0,1,0,0,100]];
var TotalBsHalf = [[1,8371,34,16,8,10,47.1,23.5,29.4],[2,2786,33,15,10,8,45.5,30.3,24.2],[3,136,34,15,10,9,44.1,29.4,26.5],[4,487,36,15,7,14,41.7,19.4,38.9],[5,95,34,14,14,6,41.2,41.2,17.6],[6,1085,33,13,12,8,39.4,36.4,24.2],[7,13201,34,13,9,12,38.2,26.5,35.3],[8,1344,34,12,16,6,35.3,47.1,17.6],[9,6021,33,12,9,12,36.4,27.3,36.4],[10,458,33,12,9,12,36.4,27.3,36.4],[11,461,33,12,8,13,36.4,24.2,39.4],[12,1116,33,11,13,9,33.3,39.4,27.3],[13,1080,34,11,8,15,32.4,23.5,44.1],[14,403,36,10,19,7,27.8,52.8,19.4],[15,1087,34,10,12,12,29.4,35.3,35.3],[16,175,34,10,11,13,29.4,32.4,38.2],[17,4449,33,8,7,18,24.2,21.2,54.5],[18,1133,33,6,12,15,18.2,36.4,45.5],[19,160,1,0,1,0,0,100,0],[20,1117,1,0,0,1,0,0,100]];
var HomeBsHalf = [[1,13201,17,9,4,4,52.9,23.5,23.5],[2,6021,17,8,5,4,47.1,29.4,23.5],[3,136,17,8,4,5,47.1,23.5,29.4],[4,8371,17,8,2,7,47.1,11.8,41.2],[5,1344,17,7,7,3,41.2,41.2,17.6],[6,1085,17,7,6,4,41.2,35.3,23.5],[7,2786,17,7,6,4,41.2,35.3,23.5],[8,175,17,7,5,5,41.2,29.4,29.4],[9,95,17,6,8,3,35.3,47.1,17.6],[10,458,17,6,5,6,35.3,29.4,35.3],[11,1080,17,6,5,6,35.3,29.4,35.3],[12,461,17,6,2,9,35.3,11.8,52.9],[13,1133,17,5,5,7,29.4,29.4,41.2],[14,487,18,5,2,11,27.8,11.1,61.1],[15,403,18,4,13,1,22.2,72.2,5.6],[16,1116,17,4,9,4,23.5,52.9,23.5],[17,1087,17,3,7,7,17.6,41.2,41.2],[18,4449,17,3,2,12,17.6,11.8,70.6],[19,160,1,0,1,0,0,100,0],[20,1117,1,0,0,1,0,0,100]];
var GuestBsHalf = [[1,487,18,10,5,3,55.6,27.8,16.7],[2,95,17,8,6,3,47.1,35.3,17.6],[3,8371,17,8,6,3,47.1,35.3,17.6],[4,2786,16,8,4,4,50,25,25],[5,136,17,7,6,4,41.2,35.3,23.5],[6,1087,17,7,5,5,41.2,29.4,29.4],[7,1116,16,7,4,5,43.8,25,31.2],[8,461,16,6,6,4,37.5,37.5,25],[9,1085,16,6,6,4,37.5,37.5,25],[10,403,18,6,6,6,33.3,33.3,33.3],[11,458,16,6,4,6,37.5,25,37.5],[12,1344,17,5,9,3,29.4,52.9,17.6],[13,4449,16,5,5,6,31.2,31.2,37.5],[14,1080,17,5,3,9,29.4,17.6,52.9],[15,13201,17,4,5,8,23.5,29.4,47.1],[16,6021,16,4,4,8,25,25,50],[17,175,17,3,6,8,17.6,35.3,47.1],[18,1133,16,1,7,8,6.2,43.8,50],[19,160,0,0,0,0,0,0,0],[20,1117,0,0,0,0,0,0,0]];
var addUp = [278,44.8,2,0.3,340,54.8,[58.8,95,1087],[100,160],[58.8,8371],[100,160,1117],[100,1117],[100,160]];
var addUpHalf = [215,35.2,195,32,200,32.8,[47.1,8371],[100,1117],[52.9,13201],[100,1117],[55.6,487],[52.9,1080]];
var lastUpdateTime = '2025-01-20 09:02:30';
