var arrLeague = [17,'荷兰乙组联赛','荷蘭乙組聯賽','Holland Eerste Divisie','2019-2020','#FFC4E1','league_match/images/20200419030037.jpg','荷乙','荷乙','HOL D2'];
var arrTeam = [[232,'布雷达','比達','NAC Breda','','images/232/1grmmyzcmyj.png',0],[233,'罗达JC','洛達','Roda JC','','images/233/1heh20g0cp16.png',0],[239,'奈梅亨','NEC尼美根','NEC Nijmegen','','images/165095704158.png',0],[243,'格拉夫夏普','迪加史卓普','De Graafschap','','images/243/1gtg0nv5p6e.png',0],[258,'邓伯什','丹博斯治','Den Bosch','','images/258/1jh72ghqsq2.png',0],[270,'SBV精英','SBV精英隊','Excelsior SBV','','images/270/1h5bja71et21.png',0],[275,'赫尔蒙德','靴蒙特','Helmond Sport','','images/275/1ht3wd9jt01z.png',0],[279,'特尔斯达','泰斯達','SC Telstar','','images/279/1h51a204km32.png',0],[280,'前进之鹰','伊高斯','Go Ahead Eagles','','images/16509570569.png',0],[281,'奥斯','奧斯','FC Oss','','images/281/1gpyr7b7ta3.png',0],[287,'多德勒支','多德勒支','Dordrecht','','images/287/1hy78m77g92v.png',0],[288,'坎布尔','甘堡爾','SC Cambuur','','images/165095700772.png',0],[290,'马斯特里赫特','馬斯特里赫特','MVV Maastricht','','images/290/1heh20g0cy1q.png',0],[415,'福伦丹','華倫丹','Volendam','','images/415/1h5bja71ejk.png',0],[1092,'FC埃因霍温','FC燕豪芬','FC Eindhoven','','images/1092/1heh20g0c013.png',0],[2596,'阿尔梅勒城','阿梅爾城','Almere City FC','','images/2596/1hj4yssc3c1a.png',0],[7214,'阿贾克斯青年队','阿積士青年隊','Jong Ajax (Youth)','','images/7214/1j523s24jh1f.png',0],[7219,'乌德勒支青年队','烏德勒支青年隊','FC Utrecht (Youth)','','images/7219/1gpyr7b7tc21.png',0],[7416,'阿尔克马尔青年队','艾克馬亞青年隊','AZ Alkmaar (Youth)','','images/7416/1h53w1vand1k.png',0],[7580,'埃因霍温青年队','PSV燕豪芬青年隊','Jong PSV Eindhoven (Youth)','','images/7580/1gpyr7b7tc2n.png',0]];
var TotalBs = [[1,7214,29,18,1,10,62.1,3.4,34.5],[2,270,29,17,3,9,58.6,10.3,31],[3,258,29,16,3,10,55.2,10.3,34.5],[4,1092,29,15,4,10,51.7,13.8,34.5],[5,7416,29,15,4,10,51.7,13.8,34.5],[6,290,29,14,2,13,48.3,6.9,44.8],[7,415,29,13,6,10,44.8,20.7,34.5],[8,279,29,13,4,12,44.8,13.8,41.4],[9,288,29,13,3,13,44.8,10.3,44.8],[10,281,29,12,6,11,41.4,20.7,37.9],[11,233,29,12,3,14,41.4,10.3,48.3],[12,7580,29,12,3,14,41.4,10.3,48.3],[13,287,29,12,2,15,41.4,6.9,51.7],[14,7219,29,12,1,16,41.4,3.4,55.2],[15,280,29,11,4,14,37.9,13.8,48.3],[16,243,29,11,3,15,37.9,10.3,51.7],[17,2596,29,11,3,15,37.9,10.3,51.7],[18,275,29,10,1,18,34.5,3.4,62.1],[19,239,29,9,4,16,31,13.8,55.2],[20,232,29,8,6,15,27.6,20.7,51.7]];
var HomeBs = [[1,270,15,11,0,4,73.3,0,26.7],[2,233,14,10,2,2,71.4,14.3,14.3],[3,288,14,9,1,4,64.3,7.1,28.6],[4,415,15,9,1,5,60,6.7,33.3],[5,7214,14,9,0,5,64.3,0,35.7],[6,258,15,8,2,5,53.3,13.3,33.3],[7,1092,15,7,2,6,46.7,13.3,40],[8,290,14,7,1,6,50,7.1,42.9],[9,243,14,7,1,6,50,7.1,42.9],[10,7416,15,7,1,7,46.7,6.7,46.7],[11,281,14,6,3,5,42.9,21.4,35.7],[12,7580,14,5,2,7,35.7,14.3,50],[13,280,15,5,2,8,33.3,13.3,53.3],[14,7219,15,5,1,9,33.3,6.7,60],[15,2596,14,4,2,8,28.6,14.3,57.1],[16,239,14,4,2,8,28.6,14.3,57.1],[17,287,14,4,1,9,28.6,7.1,64.3],[18,275,15,4,1,10,26.7,6.7,66.7],[19,232,15,3,4,8,20,26.7,53.3],[20,279,15,3,4,8,20,26.7,53.3]];
var GuestBs = [[1,279,14,10,0,4,71.4,0,28.6],[2,7214,15,9,1,5,60,6.7,33.3],[3,7416,14,8,3,3,57.1,21.4,21.4],[4,1092,14,8,2,4,57.1,14.3,28.6],[5,258,14,8,1,5,57.1,7.1,35.7],[6,287,15,8,1,6,53.3,6.7,40],[7,290,15,7,1,7,46.7,6.7,46.7],[8,2596,15,7,1,7,46.7,6.7,46.7],[9,7219,14,7,0,7,50,0,50],[10,7580,15,7,1,7,46.7,6.7,46.7],[11,270,14,6,3,5,42.9,21.4,35.7],[12,281,15,6,3,6,40,20,40],[13,280,14,6,2,6,42.9,14.3,42.9],[14,275,14,6,0,8,42.9,0,57.1],[15,232,14,5,2,7,35.7,14.3,50],[16,239,15,5,2,8,33.3,13.3,53.3],[17,415,14,4,5,5,28.6,35.7,35.7],[18,243,15,4,2,9,26.7,13.3,60],[19,288,15,4,2,9,26.7,13.3,60],[20,233,15,2,1,12,13.3,6.7,80]];
var TotalBsHalf = [[1,288,29,16,0,13,55.2,0,44.8],[2,415,29,16,0,13,55.2,0,44.8],[3,7214,29,14,0,15,48.3,0,51.7],[4,287,29,14,0,15,48.3,0,51.7],[5,258,29,14,0,15,48.3,0,51.7],[6,7416,29,14,0,15,48.3,0,51.7],[7,7219,29,13,0,16,44.8,0,55.2],[8,281,29,12,1,16,41.4,3.4,55.2],[9,7580,29,11,0,18,37.9,0,62.1],[10,1092,29,10,0,19,34.5,0,65.5],[11,233,29,10,0,19,34.5,0,65.5],[12,243,29,10,0,19,34.5,0,65.5],[13,270,29,9,0,20,31,0,69],[14,2596,29,9,0,20,31,0,69],[15,290,29,9,0,20,31,0,69],[16,279,29,8,0,21,27.6,0,72.4],[17,280,29,8,0,21,27.6,0,72.4],[18,232,29,8,0,21,27.6,0,72.4],[19,239,29,7,0,22,24.1,0,75.9],[20,275,29,6,1,22,20.7,3.4,75.9]];
var HomeBsHalf = [[1,415,15,11,0,4,73.3,0,26.7],[2,288,14,10,0,4,71.4,0,28.6],[3,287,14,9,0,5,64.3,0,35.7],[4,7214,14,8,0,6,57.1,0,42.9],[5,7219,15,8,0,7,53.3,0,46.7],[6,233,14,6,0,8,42.9,0,57.1],[7,281,14,6,0,8,42.9,0,57.1],[8,243,14,6,0,8,42.9,0,57.1],[9,270,15,6,0,9,40,0,60],[10,258,15,6,0,9,40,0,60],[11,7416,15,6,0,9,40,0,60],[12,232,15,5,0,10,33.3,0,66.7],[13,7580,14,4,0,10,28.6,0,71.4],[14,2596,14,4,0,10,28.6,0,71.4],[15,290,14,3,0,11,21.4,0,78.6],[16,239,14,3,0,11,21.4,0,78.6],[17,1092,15,3,0,12,20,0,80],[18,275,15,2,1,12,13.3,6.7,80],[19,280,15,2,0,13,13.3,0,86.7],[20,279,15,1,0,14,6.7,0,93.3]];
var GuestBsHalf = [[1,258,14,8,0,6,57.1,0,42.9],[2,7416,14,8,0,6,57.1,0,42.9],[3,279,14,7,0,7,50,0,50],[4,1092,14,7,0,7,50,0,50],[5,7580,15,7,0,8,46.7,0,53.3],[6,281,15,6,1,8,40,6.7,53.3],[7,280,14,6,0,8,42.9,0,57.1],[8,290,15,6,0,9,40,0,60],[9,288,15,6,0,9,40,0,60],[10,7214,15,6,0,9,40,0,60],[11,7219,14,5,0,9,35.7,0,64.3],[12,415,14,5,0,9,35.7,0,64.3],[13,287,15,5,0,10,33.3,0,66.7],[14,2596,15,5,0,10,33.3,0,66.7],[15,275,14,4,0,10,28.6,0,71.4],[16,239,15,4,0,11,26.7,0,73.3],[17,243,15,4,0,11,26.7,0,73.3],[18,233,15,4,0,11,26.7,0,73.3],[19,270,14,3,0,11,21.4,0,78.6],[20,232,14,3,0,11,21.4,0,78.6]];
var addUp = [254,43.8,66,11.4,260,44.8,[62.1,7214],[62.1,275],[73.3,270],[66.7,275],[71.4,279],[80,233]];
var addUpHalf = [218,37.6,2,0.3,360,62.1,[55.2,288,415],[75.9,239,275],[73.3,415],[93.3,279],[57.1,258,7416],[78.6,270,232]];
var lastUpdateTime = '2025-01-19 09:03:41';
