var arrLeague = [31,'西班牙甲组联赛','西班牙甲組聯賽','Spanish La Liga','2024-2025','#006633','league_match/images/1jx44n35b42j.png','西甲','西甲','SPA D1'];
var arrTeam = [[82,'皇家马德里','皇家馬德里','Real Madrid','','images/164871252161.png',0],[84,'巴塞罗那','巴塞隆拿','FC Barcelona','','images/164871253294.png',0],[86,'塞维利亚','西維爾','Sevilla','','images/164871255158.png',0],[91,'巴伦西亚','華倫西亞','Valencia','','images/164871269140.png',0],[92,'毕尔巴鄂竞技','畢爾包','Athletic Bilbao','','images/164871258463.png',0],[94,'奥萨苏纳','奧沙辛拿','Osasuna','','images/164871260392.png',0],[96,'皇家贝蒂斯','貝迪斯','Real Betis','','images/164871261858.png',0],[98,'赫塔菲','加泰','Getafe','','images/164871263258.png',0],[100,'西班牙人','愛斯賓奴','RCD Espanyol','','images/164871556292.png',0],[101,'马洛卡','馬略卡','Mallorca','','images/164871266038.png',0],[106,'皇家社会','皇家蘇斯達','Real Sociedad','','images/164871271877.png',0],[107,'比利亚雷亚尔','維拉利爾','Villarreal','','images/164871273527.png',0],[109,'马德里竞技','馬德里體育會','Atletico Madrid','','images/164871274624.png',0],[114,'塞尔塔','切爾達','Celta Vigo','','images/164871275971.png',0],[123,'巴拉多利德','華拉度列','Real Valladolid','','images/123/1j8kb6vyqp2f.png',0],[137,'阿拉维斯','艾拉維斯','Alaves','','images/164871280016.png',0],[982,'赫罗纳','傑羅納','Girona','','images/982/1hke8brgq5m.png',0],[991,'拉斯帕尔马斯','拉斯彭馬斯','Las Palmas','','images/991/1h71m9g00a1e.png',0],[992,'莱加内斯','雷加利斯','Leganes','','images/992/1h5bja70zq1p.png',0],[994,'巴列卡诺','華歷簡奴','Rayo Vallecano','','images/164871283245.png',0]];
var TotalBs = [[1,114,38,24,1,13,63.2,2.6,34.2],[2,107,38,24,0,14,63.2,0,36.8],[3,123,38,22,1,15,57.9,2.6,39.5],[4,84,38,21,2,15,55.3,5.3,39.5],[5,982,38,21,0,17,55.3,0,44.7],[6,96,38,20,2,16,52.6,5.3,42.1],[7,992,38,18,2,18,47.4,5.3,47.4],[8,98,38,18,1,19,47.4,2.6,50],[9,991,38,18,0,20,47.4,0,52.6],[10,91,38,17,4,17,44.7,10.5,44.7],[11,994,38,17,4,17,44.7,10.5,44.7],[12,94,38,17,2,19,44.7,5.3,50],[13,106,38,16,4,18,42.1,10.5,47.4],[14,82,38,16,3,19,42.1,7.9,50],[15,109,38,16,2,20,42.1,5.3,52.6],[16,101,38,15,5,18,39.5,13.2,47.4],[17,86,38,15,4,19,39.5,10.5,50],[18,137,38,15,3,20,39.5,7.9,52.6],[19,92,38,14,1,23,36.8,2.6,60.5],[20,100,38,14,1,23,36.8,2.6,60.5]];
var HomeBs = [[1,107,19,13,0,6,68.4,0,31.6],[2,982,19,13,0,6,68.4,0,31.6],[3,114,19,11,1,7,57.9,5.3,36.8],[4,94,19,11,1,7,57.9,5.3,36.8],[5,994,19,11,1,7,57.9,5.3,36.8],[6,96,19,10,1,8,52.6,5.3,42.1],[7,98,19,10,1,8,52.6,5.3,42.1],[8,109,19,10,0,9,52.6,0,47.4],[9,101,19,9,2,8,47.4,10.5,42.1],[10,82,19,9,2,8,47.4,10.5,42.1],[11,84,19,9,1,9,47.4,5.3,47.4],[12,91,19,9,1,9,47.4,5.3,47.4],[13,991,19,9,0,10,47.4,0,52.6],[14,992,19,9,0,10,47.4,0,52.6],[15,106,19,8,3,8,42.1,15.8,42.1],[16,100,19,7,1,11,36.8,5.3,57.9],[17,123,19,7,0,12,36.8,0,63.2],[18,92,19,6,1,12,31.6,5.3,63.2],[19,86,19,5,4,10,26.3,21.1,52.6],[20,137,19,3,1,15,15.8,5.3,78.9]];
var GuestBs = [[1,123,19,15,1,3,78.9,5.3,15.8],[2,114,19,13,0,6,68.4,0,31.6],[3,137,19,12,2,5,63.2,10.5,26.3],[4,84,19,12,1,6,63.2,5.3,31.6],[5,107,19,11,0,8,57.9,0,42.1],[6,96,19,10,1,8,52.6,5.3,42.1],[7,86,19,10,0,9,52.6,0,47.4],[8,992,19,9,2,8,47.4,10.5,42.1],[9,991,19,9,0,10,47.4,0,52.6],[10,91,19,8,3,8,42.1,15.8,42.1],[11,106,19,8,1,10,42.1,5.3,52.6],[12,982,19,8,0,11,42.1,0,57.9],[13,92,19,8,0,11,42.1,0,57.9],[14,98,19,8,0,11,42.1,0,57.9],[15,82,19,7,1,11,36.8,5.3,57.9],[16,100,19,7,0,12,36.8,0,63.2],[17,101,19,6,3,10,31.6,15.8,52.6],[18,994,19,6,3,10,31.6,15.8,52.6],[19,109,19,6,2,11,31.6,10.5,57.9],[20,94,19,6,1,12,31.6,5.3,63.2]];
var TotalBsHalf = [[1,91,38,22,5,11,57.9,13.2,28.9],[2,106,38,21,3,14,55.3,7.9,36.8],[3,123,38,20,3,15,52.6,7.9,39.5],[4,98,38,20,3,15,52.6,7.9,39.5],[5,84,38,20,2,16,52.6,5.3,42.1],[6,86,38,19,6,13,50,15.8,34.2],[7,94,38,19,6,13,50,15.8,34.2],[8,96,38,19,5,14,50,13.2,36.8],[9,994,38,19,5,14,50,13.2,36.8],[10,114,38,18,9,11,47.4,23.7,28.9],[11,107,38,18,5,15,47.4,13.2,39.5],[12,100,38,17,7,14,44.7,18.4,36.8],[13,137,38,17,6,15,44.7,15.8,39.5],[14,992,38,16,4,18,42.1,10.5,47.4],[15,101,38,15,4,19,39.5,10.5,50],[16,982,38,14,7,17,36.8,18.4,44.7],[17,991,38,14,6,18,36.8,15.8,47.4],[18,92,38,13,5,20,34.2,13.2,52.6],[19,82,38,12,4,22,31.6,10.5,57.9],[20,109,38,11,9,18,28.9,23.7,47.4]];
var HomeBsHalf = [[1,94,19,12,5,2,63.2,26.3,10.5],[2,91,19,12,3,4,63.2,15.8,21.1],[3,84,19,11,0,8,57.9,0,42.1],[4,994,19,10,3,6,52.6,15.8,31.6],[5,107,19,10,2,7,52.6,10.5,36.8],[6,982,19,10,2,7,52.6,10.5,36.8],[7,98,19,10,1,8,52.6,5.3,42.1],[8,100,19,9,3,7,47.4,15.8,36.8],[9,96,19,9,3,7,47.4,15.8,36.8],[10,114,19,9,3,7,47.4,15.8,36.8],[11,86,19,9,2,8,47.4,10.5,42.1],[12,106,19,8,3,8,42.1,15.8,42.1],[13,82,19,8,0,11,42.1,0,57.9],[14,991,19,7,3,9,36.8,15.8,47.4],[15,101,19,7,3,9,36.8,15.8,47.4],[16,992,19,7,1,11,36.8,5.3,57.9],[17,123,19,7,1,11,36.8,5.3,57.9],[18,92,19,6,5,8,31.6,26.3,42.1],[19,137,19,6,3,10,31.6,15.8,52.6],[20,109,19,5,6,8,26.3,31.6,42.1]];
var GuestBsHalf = [[1,123,19,13,2,4,68.4,10.5,21.1],[2,106,19,13,0,6,68.4,0,31.6],[3,137,19,11,3,5,57.9,15.8,26.3],[4,86,19,10,4,5,52.6,21.1,26.3],[5,91,19,10,2,7,52.6,10.5,36.8],[6,96,19,10,2,7,52.6,10.5,36.8],[7,98,19,10,2,7,52.6,10.5,36.8],[8,114,19,9,6,4,47.4,31.6,21.1],[9,992,19,9,3,7,47.4,15.8,36.8],[10,994,19,9,2,8,47.4,10.5,42.1],[11,84,19,9,2,8,47.4,10.5,42.1],[12,100,19,8,4,7,42.1,21.1,36.8],[13,107,19,8,3,8,42.1,15.8,42.1],[14,101,19,8,1,10,42.1,5.3,52.6],[15,991,19,7,3,9,36.8,15.8,47.4],[16,94,19,7,1,11,36.8,5.3,57.9],[17,92,19,7,0,12,36.8,0,63.2],[18,109,19,6,3,10,31.6,15.8,52.6],[19,982,19,4,5,10,21.1,26.3,52.6],[20,82,19,4,4,11,21.1,21.1,57.9]];
var addUp = [358,47.1,42,5.5,360,47.4,[63.2,114,107],[60.5,92,100],[68.4,107,982],[78.9,137],[78.9,123],[63.2,100,94]];
var addUpHalf = [344,45.3,104,13.7,312,41.1,[57.9,91],[57.9,82],[63.2,94,91],[57.9,82,992,123],[68.4,123,106],[63.2,92]];
var lastUpdateTime = '2025-06-07 10:57:14';
