var arrLeague = [15,'南韩K联赛','南韓K聯賽','K League 1','2019','#0542b1','league_match/images/20190423203352.jpg','韩K联','韓K聯','KOR D1'];
var arrTeam = [[477,'城南足球俱乐部','城南FC','Seongnam FC','','images/477/1gxsf6qkxc2j.png',0],[480,'蔚山HD','蔚山HD','Ulsan HD FC','','images/1j1c2yt4wj7.png',0],[481,'浦项制铁','浦項制鐵','Pohang Steelers','','images/481/1h1jgrf3gp0.png',0],[484,'全北现代','全北汽車','Jeonbuk Hyundai Motors','','images/484/1h1jgrf3gr2k.png',0],[491,'大邱FC','大邱FC','Daegu FC','','images/491/1gxsf6qkd41p.png',0],[494,'金泉尚武','金泉尚武','Gimcheon Sangmu FC','','images/494/1grzke26w41a.png',0],[497,'仁川联队','仁川聯','Incheon United','','images/497/1h6swyavg60.png',0],[499,'水原三星','水原三星','Suwon Samsung Bluewings','','images/499/1gxsf6qjy02n.png',0],[501,'釜山偶像','釜山偶像','Busan I Park','','images/501/1gxsf6qkd2e.png',0],[741,'FC首尔','FC首爾','FC Seoul','','images/741/1gxsf6qjyq26.png',0],[4074,'庆南FC','慶南FC','Gyeongnam FC','','images/4074/1gxsf6qkdcq.png',0],[4075,'济州联队','濟州聯','Jeju United','','images/4075/1gxsf6qjyw29.png',0],[9945,'江原FC','FC江原','Gangwon FC','','images/9945/1gxsf6qkdd19.png',0]];
var TotalPanLu = [[1,9945,38,14,3,21,22,1,15,7,57.9,2.6,39.5],[2,480,38,31,4,3,21,4,13,8,55.3,10.5,34.2],[3,481,38,11,5,22,21,1,16,5,55.3,2.6,42.1],[4,494,38,13,9,16,20,2,16,4,52.6,5.3,42.1],[5,497,38,1,5,32,19,3,16,3,50,7.9,42.1],[6,484,38,37,1,0,19,1,18,1,50,2.6,47.4],[7,491,38,20,7,11,19,1,18,1,50,2.6,47.4],[8,741,38,21,6,11,17,3,18,-1,44.7,7.9,47.4],[9,477,38,7,6,25,16,3,19,-3,42.1,7.9,50],[10,499,38,18,9,11,14,4,20,-6,36.8,10.5,52.6],[11,4074,40,9,11,20,14,4,22,-8,35,10,55],[12,501,2,0,1,1,1,1,0,1,50,50,0],[13,4075,38,11,7,20,11,4,23,-12,28.9,10.5,60.5]];
var HomePanLu = [[1,481,19,10,2,7,12,1,6,6,63.2,5.3,31.6],[2,9945,19,12,2,5,11,0,8,3,57.9,0,42.1],[3,480,19,17,1,1,10,3,6,4,52.6,15.8,31.6],[4,494,19,11,6,2,10,1,8,2,52.6,5.3,42.1],[5,484,20,20,0,0,10,0,10,0,50,0,50],[6,497,19,1,5,13,8,3,8,0,42.1,15.8,42.1],[7,477,19,5,6,8,8,2,9,-1,42.1,10.5,47.4],[8,741,19,14,2,3,8,1,10,-2,42.1,5.3,52.6],[9,491,19,13,3,3,7,0,12,-5,36.8,0,63.2],[10,4074,20,9,5,6,7,2,11,-4,35,10,55],[11,4075,18,10,3,5,5,1,12,-7,27.8,5.6,66.7],[12,499,19,15,1,3,5,1,13,-8,26.3,5.3,68.4],[13,501,1,0,1,0,0,1,0,0,0,100,0]];
var GuestPanLu = [[1,491,19,7,4,8,12,1,6,6,63.2,5.3,31.6],[2,480,19,14,3,2,11,1,7,4,57.9,5.3,36.8],[3,9945,19,2,1,16,11,1,7,4,57.9,5.3,36.8],[4,497,19,0,0,19,11,0,8,3,57.9,0,42.1],[5,494,19,2,3,14,10,1,8,2,52.6,5.3,42.1],[6,501,1,0,0,1,1,0,0,1,100,0,0],[7,484,18,17,1,0,9,1,8,1,50,5.6,44.4],[8,499,19,3,8,8,9,3,7,2,47.4,15.8,36.8],[9,741,19,7,4,8,9,2,8,1,47.4,10.5,42.1],[10,481,19,1,3,15,9,0,10,-1,47.4,0,52.6],[11,477,19,2,0,17,8,1,10,-2,42.1,5.3,52.6],[12,4074,20,0,6,14,7,2,11,-4,35,10,55],[13,4075,20,1,4,15,6,3,11,-5,30,15,55]];
var TotalHalfPanLu = [[1,741,38,11,21,6,17,10,11,6,44.7,26.3,28.9],[2,480,38,23,12,3,17,8,13,4,44.7,21.1,34.2],[3,484,38,37,1,0,17,1,20,-3,44.7,2.6,52.6],[4,477,38,0,25,13,15,18,5,10,39.5,47.4,13.2],[5,497,38,0,15,23,15,10,13,2,39.5,26.3,34.2],[6,481,38,7,20,11,15,9,14,1,39.5,23.7,36.8],[7,9945,38,8,19,11,15,9,14,1,39.5,23.7,36.8],[8,494,38,3,24,11,12,12,14,-2,31.6,31.6,36.8],[9,4075,38,5,22,11,12,11,15,-3,31.6,28.9,39.5],[10,499,38,9,23,6,11,12,15,-4,28.9,31.6,39.5],[11,491,38,12,20,6,10,10,18,-8,26.3,26.3,47.4],[12,4074,40,1,24,15,10,16,14,-4,25,40,35],[13,501,2,0,2,0,0,2,0,0,0,100,0]];
var HomeHalfPanLu = [[1,484,20,20,0,0,10,0,10,0,50,0,50],[2,480,19,16,2,1,9,1,9,0,47.4,5.3,47.4],[3,481,19,7,9,3,7,6,6,1,36.8,31.6,31.6],[4,741,19,9,8,2,7,4,8,-1,36.8,21.1,42.1],[5,477,19,0,17,2,6,11,2,4,31.6,57.9,10.5],[6,494,19,3,15,1,6,6,7,-1,31.6,31.6,36.8],[7,9945,19,7,10,2,6,5,8,-2,31.6,26.3,42.1],[8,497,19,0,11,8,5,6,8,-3,26.3,31.6,42.1],[9,499,19,8,9,2,4,6,9,-5,21.1,31.6,47.4],[10,491,19,10,7,2,4,3,12,-8,21.1,15.8,63.2],[11,4075,18,5,10,3,3,5,10,-7,16.7,27.8,55.6],[12,4074,20,1,15,4,3,10,7,-4,15,50,35],[13,501,1,0,1,0,0,1,0,0,0,100,0]];
var GuestHalfPanLu = [[1,741,19,2,13,4,10,6,3,7,52.6,31.6,15.8],[2,497,19,0,4,15,10,4,5,5,52.6,21.1,26.3],[3,477,19,0,8,11,9,7,3,6,47.4,36.8,15.8],[4,9945,19,1,9,9,9,4,6,3,47.4,21.1,31.6],[5,4075,20,0,12,8,9,6,5,4,45,30,25],[6,480,19,7,10,2,8,7,4,4,42.1,36.8,21.1],[7,481,19,0,11,8,8,3,8,0,42.1,15.8,42.1],[8,484,18,17,1,0,7,1,10,-3,38.9,5.6,55.6],[9,499,19,1,14,4,7,6,6,1,36.8,31.6,31.6],[10,4074,20,0,9,11,7,6,7,0,35,30,35],[11,491,19,2,13,4,6,7,6,0,31.6,36.8,31.6],[12,494,19,0,9,10,6,6,7,-1,31.6,31.6,36.8],[13,501,1,0,1,0,0,1,0,0,0,100,0]];
var addUp = [101,43.9,16,7,113,49.1,[57.9,9945],[60.5,4075],[63.2,481],[68.4,499],[100,501],[55,4074,4075],[50,501],[2.6,9945,481,484,491]];
var addUpHalf = [70,30.4,64,27.8,96,41.7,[44.7,741,480,484],[52.6,484],[50,484],[63.2,491],[52.6,741,497],[55.6,484],[100,501],[2.6,484]];
var lastUpdateTime = '2025-01-19 09:37:57';
