var arrLeague = [15,'南韩K联赛','南韓K聯賽','K League 1','2019','#0542b1','league_match/images/20190423203352.jpg','韩K联','韓K聯','KOR D1'];
var arrTeam = [[477,'城南足球俱乐部','城南FC','Seongnam FC','','images/477/1gxsf6qkxc2j.png',0],[480,'蔚山HD','蔚山HD','Ulsan HD FC','','images/1j1c2yt4wj7.png',0],[481,'浦项制铁','浦項制鐵','Pohang Steelers','','images/481/1h1jgrf3gp0.png',0],[484,'全北现代','全北汽車','Jeonbuk Hyundai Motors','','images/484/1h1jgrf3gr2k.png',0],[491,'大邱FC','大邱FC','Daegu FC','','images/491/1gxsf6qkd41p.png',0],[494,'金泉尚武','金泉尚武','Gimcheon Sangmu FC','','images/494/1grzke26w41a.png',0],[497,'仁川联队','仁川聯','Incheon United','','images/497/1h6swyavg60.png',0],[499,'水原三星','水原三星','Suwon Samsung Bluewings','','images/499/1gxsf6qjy02n.png',0],[501,'釜山偶像','釜山偶像','Busan I Park','','images/501/1gxsf6qkd2e.png',0],[741,'FC首尔','FC首爾','FC Seoul','','images/741/1gxsf6qjyq26.png',0],[4074,'庆南FC','慶南FC','Gyeongnam FC','','images/4074/1gxsf6qkdcq.png',0],[4075,'济州联队','濟州聯','Jeju United','','images/4075/1gxsf6qjyw29.png',0],[9945,'江原FC','FC江原','Gangwon FC','','images/9945/1gxsf6qkdd19.png',0]];
var TotalBs = [[1,480,38,22,1,15,57.9,2.6,39.5],[2,741,38,22,1,15,57.9,2.6,39.5],[3,4075,38,22,1,15,57.9,2.6,39.5],[4,9945,38,21,1,16,55.3,2.6,42.1],[5,481,38,19,2,17,50,5.3,44.7],[6,4074,40,19,0,21,47.5,0,52.5],[7,494,38,18,0,20,47.4,0,52.6],[8,484,38,17,0,21,44.7,0,55.3],[9,499,38,16,0,22,42.1,0,57.9],[10,497,38,15,0,23,39.5,0,60.5],[11,491,38,14,0,24,36.8,0,63.2],[12,477,38,13,0,25,34.2,0,65.8],[13,501,2,0,0,2,0,0,100]];
var HomeBs = [[1,4075,18,12,0,6,66.7,0,33.3],[2,9945,19,12,0,7,63.2,0,36.8],[3,741,19,11,1,7,57.9,5.3,36.8],[4,481,19,10,1,8,52.6,5.3,42.1],[5,4074,20,10,0,10,50,0,50],[6,480,19,9,1,9,47.4,5.3,47.4],[7,494,19,9,0,10,47.4,0,52.6],[8,491,19,8,0,11,42.1,0,57.9],[9,484,20,8,0,12,40,0,60],[10,499,19,7,0,12,36.8,0,63.2],[11,497,19,7,0,12,36.8,0,63.2],[12,477,19,6,0,13,31.6,0,68.4],[13,501,1,0,0,1,0,0,100]];
var GuestBs = [[1,480,19,13,0,6,68.4,0,31.6],[2,741,19,11,0,8,57.9,0,42.1],[3,4075,20,10,1,9,50,5,45],[4,484,18,9,0,9,50,0,50],[5,481,19,9,1,9,47.4,5.3,47.4],[6,9945,19,9,1,9,47.4,5.3,47.4],[7,494,19,9,0,10,47.4,0,52.6],[8,499,19,9,0,10,47.4,0,52.6],[9,4074,20,9,0,11,45,0,55],[10,497,19,8,0,11,42.1,0,57.9],[11,477,19,7,0,12,36.8,0,63.2],[12,491,19,6,0,13,31.6,0,68.4],[13,501,1,0,0,1,0,0,100]];
var TotalBsHalf = [[1,4075,38,19,5,14,50,13.2,36.8],[2,494,38,14,11,13,36.8,28.9,34.2],[3,499,38,13,12,13,34.2,31.6,34.2],[4,484,38,13,6,19,34.2,15.8,50],[5,741,38,12,13,13,31.6,34.2,34.2],[6,9945,38,12,12,14,31.6,31.6,36.8],[7,480,38,11,11,16,28.9,28.9,42.1],[8,481,38,11,10,17,28.9,26.3,44.7],[9,4074,40,11,12,17,27.5,30,42.5],[10,477,38,10,6,22,26.3,15.8,57.9],[11,491,38,8,14,16,21.1,36.8,42.1],[12,497,38,8,10,20,21.1,26.3,52.6],[13,501,2,0,0,2,0,0,100]];
var HomeBsHalf = [[1,741,19,8,6,5,42.1,31.6,26.3],[2,4075,18,8,2,8,44.4,11.1,44.4],[3,477,19,8,2,9,42.1,10.5,47.4],[4,494,19,7,6,6,36.8,31.6,31.6],[5,4074,20,7,5,8,35,25,40],[6,9945,19,6,6,7,31.6,31.6,36.8],[7,491,19,5,7,7,26.3,36.8,36.8],[8,499,19,5,6,8,26.3,31.6,42.1],[9,484,20,5,4,11,25,20,55],[10,480,19,4,8,7,21.1,42.1,36.8],[11,497,19,4,6,9,21.1,31.6,47.4],[12,481,19,4,3,12,21.1,15.8,63.2],[13,501,1,0,0,1,0,0,100]];
var GuestBsHalf = [[1,4075,20,11,3,6,55,15,30],[2,499,19,8,6,5,42.1,31.6,26.3],[3,484,18,8,2,8,44.4,11.1,44.4],[4,481,19,7,7,5,36.8,36.8,26.3],[5,494,19,7,5,7,36.8,26.3,36.8],[6,480,19,7,3,9,36.8,15.8,47.4],[7,9945,19,6,6,7,31.6,31.6,36.8],[8,741,19,4,7,8,21.1,36.8,42.1],[9,4074,20,4,7,9,20,35,45],[10,497,19,4,4,11,21.1,21.1,57.9],[11,491,19,3,7,9,15.8,36.8,47.4],[12,477,19,2,4,13,10.5,21.1,68.4],[13,501,1,0,0,1,0,0,100]];
var addUp = [218,47.4,6,1.3,236,51.3,[57.9,480,741,4075],[100,501],[66.7,4075],[100,501],[68.4,480],[100,501]];
var addUpHalf = [142,30.9,122,26.5,196,42.6,[50,4075],[100,501],[44.4,4075],[100,501],[55,4075],[100,501]];
var lastUpdateTime = '2025-01-19 09:38:05';
