var arrLeague = [27,'瑞士超级联赛','瑞士超級聯賽','Switzerland Super League','2013-2014','#1ba578','league_match/images/20151127162550.jpg','瑞士超','瑞士超','SUI SL'];
var arrTeam = [[430,'图恩','杜安','Thun','','images/430/1gtqm5nk922e.png',0],[433,'圣加仑','聖加倫','St. Gallen','','images/433/1gtqm1pz3d2d.png',0],[436,'草蜢','草蜢','Grasshopper','','images/436/1h8asqtqsjb.png',0],[442,'年青人','年青人','Young Boys','','images/442/1gxmbma5rq4.png',0],[444,'阿劳','阿勞','Aarau','','images/444/1j3p94eyn924.png',0],[449,'苏黎世','蘇黎世','FC Zurich','','images/449/1jh4aqszf629.png',0],[451,'巴塞尔','巴素利','Basel','','images/451/1gv1yreqw0h.png',0],[1237,'卢森','琉森','Luzern','','images/1237/1h6wfe0585w.png',0],[1323,'锡昂','錫永','FC Sion','','images/1323/1hkrdvr1r626.png',0],[2601,'洛桑','洛桑體育隊','Lausanne Sports','','images/2601/1j0ytn4xd41b.png',0]];
var TotalPanLu = [[1,436,36,23,3,10,22,1,13,9,61.1,2.8,36.1],[2,442,36,21,3,12,20,1,15,5,55.6,2.8,41.7],[3,1237,36,14,8,14,19,0,17,2,52.8,0,47.2],[4,451,36,36,0,0,18,1,17,1,50,2.8,47.2],[5,1323,36,6,4,26,17,3,16,1,47.2,8.3,44.4],[6,430,36,15,6,15,17,2,17,0,47.2,5.6,47.2],[7,444,36,5,7,24,17,2,17,0,47.2,5.6,47.2],[8,449,36,20,4,12,16,0,20,-4,44.4,0,55.6],[9,433,36,18,5,13,14,4,18,-4,38.9,11.1,50],[10,2601,36,2,0,34,12,2,22,-10,33.3,5.6,61.1]];
var HomePanLu = [[1,1323,18,5,4,9,10,3,5,5,55.6,16.7,27.8],[2,430,18,12,3,3,10,1,7,3,55.6,5.6,38.9],[3,451,18,18,0,0,10,0,8,2,55.6,0,44.4],[4,1237,18,12,4,2,10,0,8,2,55.6,0,44.4],[5,436,18,16,0,2,10,0,8,2,55.6,0,44.4],[6,442,18,16,0,2,10,0,8,2,55.6,0,44.4],[7,444,18,4,7,7,9,1,8,1,50,5.6,44.4],[8,433,18,15,1,2,8,2,8,0,44.4,11.1,44.4],[9,449,18,15,1,2,8,0,10,-2,44.4,0,55.6],[10,2601,18,2,0,16,4,1,13,-9,22.2,5.6,72.2]];
var GuestPanLu = [[1,436,18,7,3,8,12,1,5,7,66.7,5.6,27.8],[2,442,18,5,3,10,10,1,7,3,55.6,5.6,38.9],[3,1237,18,2,4,12,9,0,9,0,50,0,50],[4,444,18,1,0,17,8,1,9,-1,44.4,5.6,50],[5,451,18,18,0,0,8,1,9,-1,44.4,5.6,50],[6,2601,18,0,0,18,8,1,9,-1,44.4,5.6,50],[7,449,18,5,3,10,8,0,10,-2,44.4,0,55.6],[8,430,18,3,3,12,7,1,10,-3,38.9,5.6,55.6],[9,1323,18,1,0,17,7,0,11,-4,38.9,0,61.1],[10,433,18,3,4,11,6,2,10,-4,33.3,11.1,55.6]];
var TotalHalfPanLu = [[1,1323,36,0,0,0,20,3,13,7,55.6,8.3,36.1],[2,444,36,0,0,0,19,5,12,7,52.8,13.9,33.3],[3,442,36,0,0,0,18,5,13,5,50,13.9,36.1],[4,2601,36,0,0,0,17,1,18,-1,47.2,2.8,50],[5,430,36,0,0,0,16,7,13,3,44.4,19.4,36.1],[6,449,36,0,0,0,14,7,15,-1,38.9,19.4,41.7],[7,1237,36,0,0,0,14,3,19,-5,38.9,8.3,52.8],[8,451,36,0,0,0,14,2,20,-6,38.9,5.6,55.6],[9,436,36,0,0,0,13,7,16,-3,36.1,19.4,44.4],[10,433,36,0,0,0,11,8,17,-6,30.6,22.2,47.2]];
var HomeHalfPanLu = [[1,444,18,0,0,0,10,4,4,6,55.6,22.2,22.2],[2,449,18,0,0,0,10,2,6,4,55.6,11.1,33.3],[3,442,18,0,0,0,9,2,7,2,50,11.1,38.9],[4,2601,18,0,0,0,9,1,8,1,50,5.6,44.4],[5,430,18,0,0,0,8,5,5,3,44.4,27.8,27.8],[6,1323,18,0,0,0,8,3,7,1,44.4,16.7,38.9],[7,1237,18,0,0,0,8,1,9,-1,44.4,5.6,50],[8,436,18,0,0,0,8,1,9,-1,44.4,5.6,50],[9,451,18,0,0,0,7,0,11,-4,38.9,0,61.1],[10,433,18,0,0,0,6,5,7,-1,33.3,27.8,38.9]];
var GuestHalfPanLu = [[1,1323,18,0,0,0,12,0,6,6,66.7,0,33.3],[2,442,18,0,0,0,9,3,6,3,50,16.7,33.3],[3,444,18,0,0,0,9,1,8,1,50,5.6,44.4],[4,430,18,0,0,0,8,2,8,0,44.4,11.1,44.4],[5,2601,18,0,0,0,8,0,10,-2,44.4,0,55.6],[6,451,18,0,0,0,7,2,9,-2,38.9,11.1,50],[7,1237,18,0,0,0,6,2,10,-4,33.3,11.1,55.6],[8,436,18,0,0,0,5,6,7,-2,27.8,33.3,38.9],[9,433,18,0,0,0,5,3,10,-5,27.8,16.7,55.6],[10,449,18,0,0,0,4,5,9,-5,22.2,27.8,50]];
var addUp = [89,49.4,8,4.4,83,46.1,[61.1,436],[61.1,2601],[55.6,1323,430,451,1237,436,442],[72.2,2601],[66.7,436],[61.1,1323],[11.1,433],[0,1237,449]];
var addUpHalf = [83,46.1,24,13.3,73,40.6,[55.6,1323],[55.6,451],[55.6,444,449],[61.1,451],[66.7,1323],[55.6,2601,1237,433],[22.2,433],[2.8,2601]];
var lastUpdateTime = '2025-01-20 10:20:53';
