var arrLeague = [27,'瑞士超级联赛','瑞士超級聯賽','Switzerland Super League','2013-2014','#1ba578','league_match/images/20151127162550.jpg','瑞士超','瑞士超','SUI SL'];
var arrTeam = [[430,'图恩','杜安','Thun','','images/430/1gtqm5nk922e.png',0],[433,'圣加仑','聖加倫','St. Gallen','','images/433/1gtqm1pz3d2d.png',0],[436,'草蜢','草蜢','Grasshopper','','images/436/1h8asqtqsjb.png',0],[442,'年青人','年青人','Young Boys','','images/442/1gxmbma5rq4.png',0],[444,'阿劳','阿勞','Aarau','','images/444/1j3p94eyn924.png',0],[449,'苏黎世','蘇黎世','FC Zurich','','images/449/1jh4aqszf629.png',0],[451,'巴塞尔','巴素利','Basel','','images/451/1gv1yreqw0h.png',0],[1237,'卢森','琉森','Luzern','','images/1237/1h6wfe0585w.png',0],[1323,'锡昂','錫永','FC Sion','','images/1323/1hkrdvr1r626.png',0],[2601,'洛桑','洛桑體育隊','Lausanne Sports','','images/2601/1j0ytn4xd41b.png',0]];
var TotalBs = [[1,444,36,26,1,9,72.2,2.8,25],[2,442,36,23,1,12,63.9,2.8,33.3],[3,430,36,22,2,12,61.1,5.6,33.3],[4,449,36,21,2,13,58.3,5.6,36.1],[5,2601,36,21,1,14,58.3,2.8,38.9],[6,451,36,19,0,17,52.8,0,47.2],[7,436,36,19,0,17,52.8,0,47.2],[8,1237,36,17,1,18,47.2,2.8,50],[9,1323,36,15,0,21,41.7,0,58.3],[10,433,36,13,0,23,36.1,0,63.9]];
var HomeBs = [[1,444,18,14,0,4,77.8,0,22.2],[2,442,18,11,1,6,61.1,5.6,33.3],[3,449,18,11,1,6,61.1,5.6,33.3],[4,430,18,11,1,6,61.1,5.6,33.3],[5,451,18,11,0,7,61.1,0,38.9],[6,436,18,10,0,8,55.6,0,44.4],[7,1323,18,10,0,8,55.6,0,44.4],[8,2601,18,9,0,9,50,0,50],[9,1237,18,6,1,11,33.3,5.6,61.1],[10,433,18,5,0,13,27.8,0,72.2]];
var GuestBs = [[1,444,18,12,1,5,66.7,5.6,27.8],[2,2601,18,12,1,5,66.7,5.6,27.8],[3,442,18,12,0,6,66.7,0,33.3],[4,430,18,11,1,6,61.1,5.6,33.3],[5,1237,18,11,0,7,61.1,0,38.9],[6,449,18,10,1,7,55.6,5.6,38.9],[7,436,18,9,0,9,50,0,50],[8,451,18,8,0,10,44.4,0,55.6],[9,433,18,8,0,10,44.4,0,55.6],[10,1323,18,5,0,13,27.8,0,72.2]];
var TotalBsHalf = [[1,1237,36,16,10,10,44.4,27.8,27.8],[2,442,36,14,6,16,38.9,16.7,44.4],[3,444,35,13,8,14,37.1,22.9,40],[4,430,35,13,8,14,37.1,22.9,40],[5,436,35,12,10,13,34.3,28.6,37.1],[6,451,36,11,4,21,30.6,11.1,58.3],[7,1323,36,10,12,14,27.8,33.3,38.9],[8,2601,35,10,10,15,28.6,28.6,42.9],[9,449,36,10,11,15,27.8,30.6,41.7],[10,433,35,7,13,15,20,37.1,42.9]];
var HomeBsHalf = [[1,444,18,7,5,6,38.9,27.8,33.3],[2,430,18,7,4,7,38.9,22.2,38.9],[3,442,18,7,1,10,38.9,5.6,55.6],[4,1323,18,6,7,5,33.3,38.9,27.8],[5,436,18,6,7,5,33.3,38.9,27.8],[6,449,18,6,6,6,33.3,33.3,33.3],[7,1237,18,6,6,6,33.3,33.3,33.3],[8,451,18,6,2,10,33.3,11.1,55.6],[9,433,18,5,3,10,27.8,16.7,55.6],[10,2601,18,3,5,10,16.7,27.8,55.6]];
var GuestBsHalf = [[1,1237,18,10,4,4,55.6,22.2,22.2],[2,2601,17,7,5,5,41.2,29.4,29.4],[3,442,18,7,5,6,38.9,27.8,33.3],[4,430,17,6,4,7,35.3,23.5,41.2],[5,444,17,6,3,8,35.3,17.6,47.1],[6,436,17,6,3,8,35.3,17.6,47.1],[7,451,18,5,2,11,27.8,11.1,61.1],[8,1323,18,4,5,9,22.2,27.8,50],[9,449,18,4,5,9,22.2,27.8,50],[10,433,17,2,10,5,11.8,58.8,29.4]];
var addUp = [196,54.4,8,2.2,156,43.3,[72.2,444],[63.9,433],[77.8,444],[72.2,433],[66.7,444,2601,442],[72.2,1323]];
var addUpHalf = [116,32.7,92,25.9,147,41.4,[44.4,1237],[58.3,451],[38.9,444,430,442],[55.6,442,451,433,2601],[55.6,1237],[61.1,451]];
var lastUpdateTime = '2025-01-20 10:21:06';
