var arrLeague = [36,'英格兰超级联赛','英格蘭超級聯賽','English Premier League','2016-2017','#FF3333','league_match/images/164577482086.png','英超','英超','ENG PR'];
var arrTeam = [[17,'米德尔斯堡','米杜士堡','Middlesbrough','','images/164869090579.png',0],[18,'西布罗姆维奇','西布朗','West Bromwich(WBA)','','images/164869092720.png',0],[19,'阿森纳','阿仙奴','Arsenal','','images/164577419697.png',0],[24,'切尔西','車路士','Chelsea','','images/164577409120.png',0],[25,'利物浦','利物浦','Liverpool','','images/1j6np822z82a.png',0],[26,'曼彻斯特城','曼城','Manchester City','','images/164577478031.png',0],[27,'曼彻斯特联','曼聯','Manchester United','','images/164577479190.png',0],[30,'南安普敦','修咸頓','Southampton','','images/164577463784.png',0],[31,'埃弗顿','愛華頓','Everton','','images/164577449385.png',0],[33,'托特纳姆热刺','熱刺','Tottenham Hotspur','','images/1jdbdk17e62x.png',0],[35,'水晶宫','水晶宮','Crystal Palace','','images/164577426766.png',0],[46,'伯恩利','般尼','Burnley','','images/1h99zdamy01a.png',0],[53,'沃特福德','屈福特','Watford','','images/164601828730.png',0],[58,'斯托克城','史篤城','Stoke City','','images/58/1j2fnq1y362w.png',0],[59,'莱斯特城','李斯特城','Leicester City','','images/164577432827.png',0],[62,'西汉姆联','韋斯咸','West Ham United','','images/164577453830.png',0],[65,'桑德兰','新特蘭','Sunderland A.F.C','','images/165900273323.png',0],[348,'伯恩茅斯','般尼茅夫','AFC Bournemouth','','images/164869115455.png',0],[384,'赫尔城','侯城','Hull City','','images/164869127959.png',0],[1194,'斯旺西','史雲斯','Swansea City','','images/16590027546.png',0]];
var TotalBs = [[1,24,38,24,2,12,63.2,5.3,31.6],[2,59,38,23,0,15,60.5,0,39.5],[3,1194,38,23,0,15,60.5,0,39.5],[4,19,38,22,2,14,57.9,5.3,36.8],[5,348,38,22,1,15,57.9,2.6,39.5],[6,26,38,21,2,15,55.3,5.3,39.5],[7,62,38,21,1,16,55.3,2.6,42.1],[8,35,38,20,1,17,52.6,2.6,44.7],[9,25,38,19,4,15,50,10.5,39.5],[10,384,38,19,2,17,50,5.3,44.7],[11,30,38,19,0,19,50,0,50],[12,31,38,19,0,19,50,0,50],[13,33,38,18,1,19,47.4,2.6,50],[14,18,38,17,2,19,44.7,5.3,50],[15,65,38,17,1,20,44.7,2.6,52.6],[16,53,38,17,0,21,44.7,0,55.3],[17,17,38,15,3,20,39.5,7.9,52.6],[18,58,38,15,0,23,39.5,0,60.5],[19,46,38,14,4,20,36.8,10.5,52.6],[20,27,38,13,0,25,34.2,0,65.8]];
var HomeBs = [[1,24,19,15,2,2,78.9,10.5,10.5],[2,1194,19,13,0,6,68.4,0,31.6],[3,59,19,12,0,7,63.2,0,36.8],[4,348,19,12,0,7,63.2,0,36.8],[5,65,19,11,0,8,57.9,0,42.1],[6,384,19,10,0,9,52.6,0,47.4],[7,53,19,10,0,9,52.6,0,47.4],[8,35,19,10,0,9,52.6,0,47.4],[9,31,19,10,0,9,52.6,0,47.4],[10,25,19,9,4,6,47.4,21.1,31.6],[11,33,19,9,1,9,47.4,5.3,47.4],[12,17,19,9,1,9,47.4,5.3,47.4],[13,18,19,9,0,10,47.4,0,52.6],[14,62,19,9,0,10,47.4,0,52.6],[15,19,19,8,2,9,42.1,10.5,47.4],[16,26,19,8,1,10,42.1,5.3,52.6],[17,58,19,8,0,11,42.1,0,57.9],[18,30,19,7,0,12,36.8,0,63.2],[19,46,19,6,2,11,31.6,10.5,57.9],[20,27,19,4,0,15,21.1,0,78.9]];
var GuestBs = [[1,19,19,14,0,5,73.7,0,26.3],[2,26,19,13,1,5,68.4,5.3,26.3],[3,62,19,12,1,6,63.2,5.3,31.6],[4,30,19,12,0,7,63.2,0,36.8],[5,59,19,11,0,8,57.9,0,42.1],[6,35,19,10,1,8,52.6,5.3,42.1],[7,348,19,10,1,8,52.6,5.3,42.1],[8,25,19,10,0,9,52.6,0,47.4],[9,1194,19,10,0,9,52.6,0,47.4],[10,384,19,9,2,8,47.4,10.5,42.1],[11,31,19,9,0,10,47.4,0,52.6],[12,33,19,9,0,10,47.4,0,52.6],[13,24,19,9,0,10,47.4,0,52.6],[14,27,19,9,0,10,47.4,0,52.6],[15,18,19,8,2,9,42.1,10.5,47.4],[16,46,19,8,2,9,42.1,10.5,47.4],[17,53,19,7,0,12,36.8,0,63.2],[18,58,19,7,0,12,36.8,0,63.2],[19,17,19,6,2,11,31.6,10.5,57.9],[20,65,19,6,1,12,31.6,5.3,63.2]];
var TotalBsHalf = [[1,348,37,19,9,9,51.4,24.3,24.3],[2,25,38,19,4,15,50,10.5,39.5],[3,24,38,17,7,14,44.7,18.4,36.8],[4,59,38,16,11,11,42.1,28.9,28.9],[5,18,36,15,8,13,41.7,22.2,36.1],[6,46,38,15,6,17,39.5,15.8,44.7],[7,17,37,14,6,17,37.8,16.2,45.9],[8,19,38,14,4,20,36.8,10.5,52.6],[9,26,37,14,1,22,37.8,2.7,59.5],[10,53,38,13,12,13,34.2,31.6,34.2],[11,58,37,13,11,13,35.1,29.7,35.1],[12,33,36,13,9,14,36.1,25,38.9],[13,35,37,13,10,14,35.1,27,37.8],[14,65,36,13,3,20,36.1,8.3,55.6],[15,1194,38,12,12,14,31.6,31.6,36.8],[16,30,38,12,9,17,31.6,23.7,44.7],[17,31,37,11,11,15,29.7,29.7,40.5],[18,62,37,11,10,16,29.7,27,43.2],[19,27,38,9,15,14,23.7,39.5,36.8],[20,384,38,9,10,19,23.7,26.3,50]];
var HomeBsHalf = [[1,24,19,13,1,5,68.4,5.3,26.3],[2,25,19,12,1,6,63.2,5.3,31.6],[3,19,19,9,1,9,47.4,5.3,47.4],[4,348,19,8,6,5,42.1,31.6,26.3],[5,18,19,8,6,5,42.1,31.6,26.3],[6,58,19,8,5,6,42.1,26.3,31.6],[7,33,19,8,5,6,42.1,26.3,31.6],[8,65,19,8,2,9,42.1,10.5,47.4],[9,46,19,8,2,9,42.1,10.5,47.4],[10,53,19,7,7,5,36.8,36.8,26.3],[11,1194,19,6,6,7,31.6,31.6,36.8],[12,59,19,6,6,7,31.6,31.6,36.8],[13,35,19,6,6,7,31.6,31.6,36.8],[14,17,19,6,6,7,31.6,31.6,36.8],[15,384,19,5,6,8,26.3,31.6,42.1],[16,27,19,5,6,8,26.3,31.6,42.1],[17,31,19,5,5,9,26.3,26.3,47.4],[18,30,19,5,3,11,26.3,15.8,57.9],[19,26,19,4,0,15,21.1,0,78.9],[20,62,19,3,4,12,15.8,21.1,63.2]];
var GuestBsHalf = [[1,348,18,11,3,4,61.1,16.7,22.2],[2,59,19,10,5,4,52.6,26.3,21.1],[3,26,18,10,1,7,55.6,5.6,38.9],[4,62,18,8,6,4,44.4,33.3,22.2],[5,17,18,8,0,10,44.4,0,55.6],[6,30,19,7,6,6,36.8,31.6,31.6],[7,35,18,7,4,7,38.9,22.2,38.9],[8,46,19,7,4,8,36.8,21.1,42.1],[9,18,17,7,2,8,41.2,11.8,47.1],[10,25,19,7,3,9,36.8,15.8,47.4],[11,31,18,6,6,6,33.3,33.3,33.3],[12,1194,19,6,6,7,31.6,31.6,36.8],[13,53,19,6,5,8,31.6,26.3,42.1],[14,58,18,5,6,7,27.8,33.3,38.9],[15,33,17,5,4,8,29.4,23.5,47.1],[16,65,17,5,1,11,29.4,5.9,64.7],[17,19,19,5,3,11,26.3,15.8,57.9],[18,27,19,4,9,6,21.1,47.4,31.6],[19,24,19,4,6,9,21.1,31.6,47.4],[20,384,19,4,4,11,21.1,21.1,57.9]];
var addUp = [378,49.7,26,3.4,356,46.8,[63.2,24],[65.8,27],[78.9,24],[78.9,27],[73.7,19],[63.2,53,58,65]];
var addUpHalf = [272,36.4,168,22.5,307,41.1,[51.4,348],[59.5,26],[68.4,24],[78.9,26],[61.1,348],[64.7,65]];
var lastUpdateTime = '2025-01-19 14:53:15';
