var arrLeague = [16,'荷兰甲组联赛','荷蘭甲組聯賽','Holland Eredivisie','2022-2023','#FF6699','league_match/images/20210531104733.png','荷甲','荷甲','HOL D1'];
var arrTeam = [[234,'阿尔克马尔','艾克馬亞','AZ Alkmaar','','images/165095691021.png',0],[235,'海伦芬','海倫維恩','SC Heerenveen','','images/165095697544.png',0],[236,'格罗宁根','高寧根','Groningen','','images/16509569590.png',0],[237,'乌德勒支','烏德勒支','FC Utrecht','','images/165095716992.png',0],[239,'奈梅亨','NEC尼美根','NEC Nijmegen','','images/165095704158.png',0],[241,'瓦尔韦克','RKC華域克','RKC Waalwijk','','images/165095708910.png',0],[246,'维迪斯','維迪斯','Vitesse Arnhem','','images/165095712094.png',0],[250,'特温特','川迪','FC Twente Enschede','','images/165095707230.png',0],[252,'费耶诺德','飛燕諾','Feyenoord','','images/165095692730.png',0],[253,'阿贾克斯','阿積士','AFC Ajax','','images/253/1gtg0nv66q2p.png',0],[254,'埃因霍温','PSV燕豪芬','PSV Eindhoven','','images/254/1gtg0nv5pw24.png',0],[270,'SBV精英','SBV精英隊','Excelsior SBV','','images/270/1h5bja71et21.png',0],[273,'鹿特丹斯巴达','鹿特丹斯巴達','Sparta Rotterdam','','images/165095702458.png',0],[274,'福图纳锡塔德','幸運薛達','Fortuna Sittard','','images/165095694366.png',0],[280,'前进之鹰','伊高斯','Go Ahead Eagles','','images/16509570569.png',0],[288,'坎布尔','甘堡爾','SC Cambuur','','images/165095700772.png',0],[415,'福伦丹','華倫丹','Volendam','','images/415/1h5bja71ejk.png',0],[1093,'安曼','安曼','Emmen','','images/1093/1h5bjb8w50b.png',0]];
var TotalBs = [[1,241,34,22,1,11,64.7,2.9,32.4],[2,237,36,22,0,14,61.1,0,38.9],[3,253,34,20,2,12,58.8,5.9,35.3],[4,273,38,20,2,16,52.6,5.3,42.1],[5,235,36,20,0,16,55.6,0,44.4],[6,415,34,19,2,13,55.9,5.9,38.2],[7,236,34,19,1,14,55.9,2.9,41.2],[8,274,34,18,2,14,52.9,5.9,41.2],[9,1093,34,18,1,15,52.9,2.9,44.1],[10,288,34,18,1,15,52.9,2.9,44.1],[11,254,34,17,3,14,50,8.8,41.2],[12,270,34,17,2,15,50,5.9,44.1],[13,246,34,16,2,16,47.1,5.9,47.1],[14,252,34,16,2,16,47.1,5.9,47.1],[15,280,34,15,1,18,44.1,2.9,52.9],[16,250,38,15,4,19,39.5,10.5,50],[17,234,34,14,5,15,41.2,14.7,44.1],[18,239,34,12,1,21,35.3,2.9,61.8]];
var HomeBs = [[1,241,17,12,0,5,70.6,0,29.4],[2,415,17,12,0,5,70.6,0,29.4],[3,253,17,11,0,6,64.7,0,35.3],[4,235,18,11,0,7,61.1,0,38.9],[5,288,17,10,0,7,58.8,0,41.2],[6,236,17,10,0,7,58.8,0,41.2],[7,273,19,10,1,8,52.6,5.3,42.1],[8,250,19,9,4,6,47.4,21.1,31.6],[9,254,17,9,1,7,52.9,5.9,41.2],[10,270,17,8,2,7,47.1,11.8,41.2],[11,246,17,8,1,8,47.1,5.9,47.1],[12,239,17,8,1,8,47.1,5.9,47.1],[13,274,17,8,0,9,47.1,0,52.9],[14,237,18,8,0,10,44.4,0,55.6],[15,280,17,7,1,9,41.2,5.9,52.9],[16,252,17,6,2,9,35.3,11.8,52.9],[17,234,17,6,2,9,35.3,11.8,52.9],[18,1093,17,6,1,10,35.3,5.9,58.8]];
var GuestBs = [[1,237,18,14,0,4,77.8,0,22.2],[2,1093,17,12,0,5,70.6,0,29.4],[3,274,17,10,2,5,58.8,11.8,29.4],[4,241,17,10,1,6,58.8,5.9,35.3],[5,252,17,10,0,7,58.8,0,41.2],[6,273,19,10,1,8,52.6,5.3,42.1],[7,253,17,9,2,6,52.9,11.8,35.3],[8,236,17,9,1,7,52.9,5.9,41.2],[9,270,17,9,0,8,52.9,0,47.1],[10,235,18,9,0,9,50,0,50],[11,234,17,8,3,6,47.1,17.6,35.3],[12,254,17,8,2,7,47.1,11.8,41.2],[13,288,17,8,1,8,47.1,5.9,47.1],[14,246,17,8,1,8,47.1,5.9,47.1],[15,280,17,8,0,9,47.1,0,52.9],[16,415,17,7,2,8,41.2,11.8,47.1],[17,250,19,6,0,13,31.6,0,68.4],[18,239,17,4,0,13,23.5,0,76.5]];
var TotalBsHalf = [[1,235,36,19,4,13,52.8,11.1,36.1],[2,253,34,19,0,15,55.9,0,44.1],[3,252,34,18,1,15,52.9,2.9,44.1],[4,241,34,17,2,15,50,5.9,44.1],[5,280,34,16,7,11,47.1,20.6,32.4],[6,234,34,16,3,15,47.1,8.8,44.1],[7,415,34,16,2,16,47.1,5.9,47.1],[8,288,34,15,3,16,44.1,8.8,47.1],[9,250,38,15,2,21,39.5,5.3,55.3],[10,236,34,14,5,15,41.2,14.7,44.1],[11,1093,34,14,4,16,41.2,11.8,47.1],[12,246,34,14,3,17,41.2,8.8,50],[13,270,34,14,2,18,41.2,5.9,52.9],[14,273,38,14,5,19,36.8,13.2,50],[15,254,34,14,0,20,41.2,0,58.8],[16,237,36,13,4,19,36.1,11.1,52.8],[17,239,34,12,4,18,35.3,11.8,52.9],[18,274,34,12,3,19,35.3,8.8,55.9]];
var HomeBsHalf = [[1,241,17,11,1,5,64.7,5.9,29.4],[2,235,18,10,3,5,55.6,16.7,27.8],[3,250,19,10,2,7,52.6,10.5,36.8],[4,236,17,9,3,5,52.9,17.6,29.4],[5,253,17,9,0,8,52.9,0,47.1],[6,280,17,8,4,5,47.1,23.5,29.4],[7,288,17,8,3,6,47.1,17.6,35.3],[8,415,17,8,2,7,47.1,11.8,41.2],[9,239,17,8,1,8,47.1,5.9,47.1],[10,246,17,7,1,9,41.2,5.9,52.9],[11,234,17,7,0,10,41.2,0,58.8],[12,254,17,7,0,10,41.2,0,58.8],[13,1093,17,6,1,10,35.3,5.9,58.8],[14,270,17,6,1,10,35.3,5.9,58.8],[15,273,19,6,2,11,31.6,10.5,57.9],[16,252,17,6,0,11,35.3,0,64.7],[17,237,18,5,3,10,27.8,16.7,55.6],[18,274,17,5,0,12,29.4,0,70.6]];
var GuestBsHalf = [[1,252,17,12,1,4,70.6,5.9,23.5],[2,253,17,10,0,7,58.8,0,41.2],[3,234,17,9,3,5,52.9,17.6,29.4],[4,235,18,9,1,8,50,5.6,44.4],[5,1093,17,8,3,6,47.1,17.6,35.3],[6,280,17,8,3,6,47.1,17.6,35.3],[7,270,17,8,1,8,47.1,5.9,47.1],[8,273,19,8,3,8,42.1,15.8,42.1],[9,237,18,8,1,9,44.4,5.6,50],[10,415,17,8,0,9,47.1,0,52.9],[11,274,17,7,3,7,41.2,17.6,41.2],[12,246,17,7,2,8,41.2,11.8,47.1],[13,288,17,7,0,10,41.2,0,58.8],[14,254,17,7,0,10,41.2,0,58.8],[15,241,17,6,1,10,35.3,5.9,58.8],[16,236,17,5,2,10,29.4,11.8,58.8],[17,250,19,5,0,14,26.3,0,73.7],[18,239,17,4,3,10,23.5,17.6,58.8]];
var addUp = [318,51,32,5.1,274,43.9,[64.7,241],[61.8,239],[70.6,241,415],[58.8,1093],[77.8,237],[76.5,239]];
var addUpHalf = [272,43.6,54,8.7,298,47.8,[55.9,253],[58.8,254],[64.7,241],[70.6,274],[70.6,252],[73.7,250]];
var lastUpdateTime = '2025-01-18 11:08:23';
