var arrLeague = [9,'德国乙组联赛','德國乙組聯賽','German Bundesliga 2','2024-2025','#CA00CA','league_match/images/20181221085736.png','德乙','德乙','GER D2'];
var arrTeam = [[136,'纽伦堡','紐倫堡','Nurnberg','','images/1jpxzps4my2p.png',0],[139,'柏林赫塔','哈化柏林','Hertha Berlin','','images/16487114635.png',0],[151,'沙尔克04','史浩克零四','Schalke 04','','images/1jpxzww7782b.png',0],[160,'汉堡','漢堡','Hamburger SV','','images/1jpxz6w3rw1s.png',0],[169,'汉诺威96','漢諾威','Hannover 96','','images/1jpxznbnvm1g.png',0],[175,'凯泽斯劳滕','凱沙羅頓','Kaiserslautern','','images/1jpxzhw9dj2g.png',0],[439,'萨尔布吕肯','沙貝魯根','Saarbrucken','','images/2013120111509.jpg',0],[458,'菲尔特','格雷特霍夫','Greuther Furth','','images/16487115697.png',0],[487,'卡尔斯鲁厄','卡斯魯厄','Karlsruher SC','','images/1jpxzv8kmk1g.png',0],[490,'科隆','科隆','FC Koln','','images/164871158236.png',0],[1076,'埃弗斯堡','艾華斯堡','SV Elversberg','','images/1jpxzt6nhh1v.png',0],[1079,'雷根斯堡','雷根斯堡','Jahn Regensburg','','images/1jpy03wyge10.png',0],[1080,'达姆施塔特','達斯泰特','Darmstadt','','images/1jpxzyrmc3e.png',0],[1086,'普鲁士明斯特','普斯辛蒙斯達','Preuben Munster','','images/1jpy006mrp18.png',0],[1116,'布伦瑞克','布倫斯維克','Eintracht Braunschweig','','images/1jpy01kgh829.png',0],[1344,'杜塞尔多夫','杜斯多夫','Fortuna Dusseldorf','','images/1jpxzrp1n31y.png',0],[1720,'帕德博恩','柏德博恩','SC Paderborn 07','','images/1jpxzg2bmq1d.png',0],[2760,'马格德堡','馬德堡','Magdeburg','','images/1jpxzkr46sp.png',0],[5675,'乌尔姆','烏爾梅','SSV Ulm 1846','','images/1jpy02m0rk1m.png',0],[8371,'海登海姆','海登海默','Heidenheimer','','images/1jqk69c9js20.png',0]];
var TotalBs = [[1,160,34,22,2,10,64.7,5.9,29.4],[2,136,34,20,4,10,58.8,11.8,29.4],[3,1080,34,19,3,12,55.9,8.8,35.3],[4,175,34,18,6,10,52.9,17.6,29.4],[5,2760,34,18,5,11,52.9,14.7,32.4],[6,1076,36,18,3,15,50,8.3,41.7],[7,487,34,17,5,12,50,14.7,35.3],[8,458,34,17,2,15,50,5.9,44.1],[9,151,34,16,5,13,47.1,14.7,38.2],[10,1116,36,16,2,18,44.4,5.6,50],[11,1344,34,15,5,14,44.1,14.7,41.2],[12,5675,34,15,1,18,44.1,2.9,52.9],[13,490,34,14,3,17,41.2,8.8,50],[14,1079,34,14,2,18,41.2,5.9,52.9],[15,139,34,13,5,16,38.2,14.7,47.1],[16,169,34,13,2,19,38.2,5.9,55.9],[17,1086,34,13,2,19,38.2,5.9,55.9],[18,1720,34,10,9,15,29.4,26.5,44.1],[19,8371,2,2,0,0,100,0,0],[20,439,2,0,0,2,0,0,100]];
var HomeBs = [[1,1076,18,12,2,4,66.7,11.1,22.2],[2,160,17,11,1,5,64.7,5.9,29.4],[3,175,17,10,4,3,58.8,23.5,17.6],[4,136,17,10,2,5,58.8,11.8,29.4],[5,151,17,10,2,5,58.8,11.8,29.4],[6,458,17,10,0,7,58.8,0,41.2],[7,2760,17,9,2,6,52.9,11.8,35.3],[8,487,17,9,0,8,52.9,0,47.1],[9,490,17,8,1,8,47.1,5.9,47.1],[10,5675,17,8,1,8,47.1,5.9,47.1],[11,1116,18,8,1,9,44.4,5.6,50],[12,1344,17,7,3,7,41.2,17.6,41.2],[13,1080,17,7,2,8,41.2,11.8,47.1],[14,1079,17,6,0,11,35.3,0,64.7],[15,1720,17,5,7,5,29.4,41.2,29.4],[16,139,17,5,3,9,29.4,17.6,52.9],[17,169,17,5,1,11,29.4,5.9,64.7],[18,1086,17,4,1,12,23.5,5.9,70.6],[19,8371,1,1,0,0,100,0,0],[20,439,1,0,0,1,0,0,100]];
var GuestBs = [[1,1080,17,12,1,4,70.6,5.9,23.5],[2,160,17,11,1,5,64.7,5.9,29.4],[3,136,17,10,2,5,58.8,11.8,29.4],[4,2760,17,9,3,5,52.9,17.6,29.4],[5,1086,17,9,1,7,52.9,5.9,41.2],[6,487,17,8,5,4,47.1,29.4,23.5],[7,175,17,8,2,7,47.1,11.8,41.2],[8,139,17,8,2,7,47.1,11.8,41.2],[9,1344,17,8,2,7,47.1,11.8,41.2],[10,1079,17,8,2,7,47.1,11.8,41.2],[11,169,17,8,1,8,47.1,5.9,47.1],[12,1116,18,8,1,9,44.4,5.6,50],[13,458,17,7,2,8,41.2,11.8,47.1],[14,5675,17,7,0,10,41.2,0,58.8],[15,151,17,6,3,8,35.3,17.6,47.1],[16,490,17,6,2,9,35.3,11.8,52.9],[17,1076,18,6,1,11,33.3,5.6,61.1],[18,1720,17,5,2,10,29.4,11.8,58.8],[19,8371,1,1,0,0,100,0,0],[20,439,1,0,0,1,0,0,100]];
var TotalBsHalf = [[1,458,34,19,2,13,55.9,5.9,38.2],[2,2760,34,19,2,13,55.9,5.9,38.2],[3,160,34,17,0,17,50,0,50],[4,487,34,16,2,16,47.1,5.9,47.1],[5,136,34,16,1,17,47.1,2.9,50],[6,1076,36,16,1,19,44.4,2.8,52.8],[7,151,34,15,3,16,44.1,8.8,47.1],[8,1080,34,14,3,17,41.2,8.8,50],[9,1116,36,14,4,18,38.9,11.1,50],[10,490,34,13,2,19,38.2,5.9,55.9],[11,175,34,13,0,21,38.2,0,61.8],[12,1086,34,12,6,16,35.3,17.6,47.1],[13,1720,34,11,2,21,32.4,5.9,61.8],[14,139,34,11,2,21,32.4,5.9,61.8],[15,1344,34,11,1,22,32.4,2.9,64.7],[16,1079,34,9,8,17,26.5,23.5,50],[17,5675,34,8,8,18,23.5,23.5,52.9],[18,169,34,8,7,19,23.5,20.6,55.9],[19,8371,2,2,0,0,100,0,0],[20,439,2,0,0,2,0,0,100]];
var HomeBsHalf = [[1,1076,18,12,1,5,66.7,5.6,27.8],[2,458,17,10,1,6,58.8,5.9,35.3],[3,160,17,10,0,7,58.8,0,41.2],[4,151,17,9,2,6,52.9,11.8,35.3],[5,487,17,9,0,8,52.9,0,47.1],[6,2760,17,8,0,9,47.1,0,52.9],[7,1080,17,7,1,9,41.2,5.9,52.9],[8,490,17,7,1,9,41.2,5.9,52.9],[9,1344,17,7,1,9,41.2,5.9,52.9],[10,1720,17,7,1,9,41.2,5.9,52.9],[11,136,17,7,0,10,41.2,0,58.8],[12,175,17,6,0,11,35.3,0,64.7],[13,1086,17,5,3,9,29.4,17.6,52.9],[14,1116,18,5,3,10,27.8,16.7,55.6],[15,139,17,4,0,13,23.5,0,76.5],[16,5675,17,3,4,10,17.6,23.5,58.8],[17,169,17,3,2,12,17.6,11.8,70.6],[18,1079,17,2,7,8,11.8,41.2,47.1],[19,8371,1,1,0,0,100,0,0],[20,439,1,0,0,1,0,0,100]];
var GuestBsHalf = [[1,2760,17,11,2,4,64.7,11.8,23.5],[2,136,17,9,1,7,52.9,5.9,41.2],[3,458,17,9,1,7,52.9,5.9,41.2],[4,1116,18,9,1,8,50,5.6,44.4],[5,1086,17,7,3,7,41.2,17.6,41.2],[6,1080,17,7,2,8,41.2,11.8,47.1],[7,487,17,7,2,8,41.2,11.8,47.1],[8,139,17,7,2,8,41.2,11.8,47.1],[9,1079,17,7,1,9,41.2,5.9,52.9],[10,175,17,7,0,10,41.2,0,58.8],[11,160,17,7,0,10,41.2,0,58.8],[12,151,17,6,1,10,35.3,5.9,58.8],[13,490,17,6,1,10,35.3,5.9,58.8],[14,169,17,5,5,7,29.4,29.4,41.2],[15,5675,17,5,4,8,29.4,23.5,47.1],[16,1720,17,4,1,12,23.5,5.9,70.6],[17,1344,17,4,0,13,23.5,0,76.5],[18,1076,18,4,0,14,22.2,0,77.8],[19,8371,1,1,0,0,100,0,0],[20,439,1,0,0,1,0,0,100]];
var addUp = [290,46.8,66,10.6,264,42.6,[100,8371],[100,439],[100,8371],[100,439],[100,8371],[100,439]];
var addUpHalf = [244,39.4,54,8.7,322,51.9,[100,8371],[100,439],[100,8371],[100,439],[100,8371],[100,439]];
var lastUpdateTime = '2025-05-29 07:59:45';
