var arrLeague = [15,'南韩K联赛','南韓K聯賽','K League 1','2013','#0542b1','league_match/images/20190423203352.jpg','韩K联','韓K聯','KOR D1'];
var arrTeam = [[477,'城南足球俱乐部','城南FC','Seongnam FC','','images/477/1gxsf6qkxc2j.png',0],[480,'蔚山HD','蔚山HD','Ulsan HD FC','','images/1j1c2yt4wj7.png',0],[481,'浦项制铁','浦項制鐵','Pohang Steelers','','images/481/1h1jgrf3gp0.png',0],[484,'全北现代','全北汽車','Jeonbuk Hyundai Motors','','images/484/1h1jgrf3gr2k.png',0],[488,'大田市民','大田市民','Daejeon Citizen','','images/488/1gxsf6qkda2b.png',0],[491,'大邱FC','大邱FC','Daegu FC','','images/491/1gxsf6qkd41p.png',0],[494,'金泉尚武','金泉尚武','Gimcheon Sangmu FC','','images/494/1grzke26w41a.png',0],[497,'仁川联队','仁川聯','Incheon United','','images/497/1h6swyavg60.png',0],[499,'水原三星','水原三星','Suwon Samsung Bluewings','','images/499/1gxsf6qjy02n.png',0],[501,'釜山偶像','釜山偶像','Busan I Park','','images/501/1gxsf6qkd2e.png',0],[506,'全南天龙','全南天龍','Jeonnam Dragons','','images/506/1gxsf6qkd726.png',0],[741,'FC首尔','FC首爾','FC Seoul','','images/741/1gxsf6qjyq26.png',0],[4074,'庆南FC','慶南FC','Gyeongnam FC','','images/4074/1gxsf6qkdcq.png',0],[4075,'济州联队','濟州聯','Jeju United','','images/4075/1gxsf6qjyw29.png',0],[9945,'江原FC','FC江原','Gangwon FC','','images/9945/1gxsf6qkdd19.png',0]];
var TotalPanLu = [[1,480,38,27,4,7,24,2,12,12,63.2,5.3,31.6],[2,481,38,30,1,7,22,1,15,7,57.9,2.6,39.5],[3,497,38,12,6,20,21,1,16,5,55.3,2.6,42.1],[4,477,38,20,5,13,20,1,17,3,52.6,2.6,44.7],[5,488,38,3,2,33,20,1,17,3,52.6,2.6,44.7],[6,484,38,29,3,6,20,0,18,2,52.6,0,47.4],[7,4074,38,11,3,24,18,0,20,-2,47.4,0,52.6],[8,4075,38,25,4,9,17,1,20,-3,44.7,2.6,52.6],[9,506,38,11,2,25,17,1,20,-3,44.7,2.6,52.6],[10,9945,40,6,2,32,17,3,20,-3,42.5,7.5,50],[11,741,38,28,3,7,16,3,19,-3,42.1,7.9,50],[12,501,38,10,8,20,16,3,19,-3,42.1,7.9,50],[13,499,38,20,6,12,16,2,20,-4,42.1,5.3,52.6],[14,494,2,1,0,1,1,0,1,0,50,0,50],[15,491,38,8,5,25,12,3,23,-11,31.6,7.9,60.5]];
var HomePanLu = [[1,480,19,18,1,0,14,0,5,9,73.7,0,26.3],[2,481,19,19,0,0,11,0,8,3,57.9,0,42.1],[3,484,19,19,0,0,11,0,8,3,57.9,0,42.1],[4,741,19,19,0,0,10,0,9,1,52.6,0,47.4],[5,477,19,14,2,3,10,0,9,1,52.6,0,47.4],[6,494,1,1,0,0,1,0,0,1,100,0,0],[7,501,19,8,4,7,9,2,8,1,47.4,10.5,42.1],[8,497,19,9,3,7,9,1,9,0,47.4,5.3,47.4],[9,4074,19,8,2,9,9,0,10,-1,47.4,0,52.6],[10,499,19,14,2,3,8,2,9,-1,42.1,10.5,47.4],[11,506,19,9,2,8,7,1,11,-4,36.8,5.3,57.9],[12,488,19,3,2,14,7,1,11,-4,36.8,5.3,57.9],[13,9945,20,6,1,13,7,2,11,-4,35,10,55],[14,4075,19,15,4,0,6,1,12,-6,31.6,5.3,63.2],[15,491,19,7,4,8,4,1,14,-10,21.1,5.3,73.7]];
var GuestPanLu = [[1,488,19,0,0,19,13,0,6,7,68.4,0,31.6],[2,497,19,3,3,13,12,0,7,5,63.2,0,36.8],[3,481,19,11,1,7,11,1,7,4,57.9,5.3,36.8],[4,4075,19,10,0,9,11,0,8,3,57.9,0,42.1],[5,480,19,9,3,7,10,2,7,3,52.6,10.5,36.8],[6,477,19,6,3,10,10,1,8,2,52.6,5.3,42.1],[7,506,19,2,0,17,10,0,9,1,52.6,0,47.4],[8,9945,20,0,1,19,10,1,9,1,50,5,45],[9,484,19,10,3,6,9,0,10,-1,47.4,0,52.6],[10,4074,19,3,1,15,9,0,10,-1,47.4,0,52.6],[11,491,19,1,1,17,8,2,9,-1,42.1,10.5,47.4],[12,499,19,6,4,9,8,0,11,-3,42.1,0,57.9],[13,501,19,2,4,13,7,1,11,-4,36.8,5.3,57.9],[14,741,19,9,3,7,6,3,10,-4,31.6,15.8,52.6],[15,494,1,0,0,1,0,0,1,-1,0,0,100]];
var TotalHalfPanLu = [[1,494,2,0,0,0,2,0,0,2,100,0,0],[2,497,38,0,0,0,20,6,12,8,52.6,15.8,31.6],[3,501,38,0,0,0,19,10,9,10,50,26.3,23.7],[4,506,38,0,0,0,18,6,14,4,47.4,15.8,36.8],[5,491,38,0,0,0,18,6,14,4,47.4,15.8,36.8],[6,488,38,0,0,0,18,4,16,2,47.4,10.5,42.1],[7,4074,38,0,0,0,17,4,17,0,44.7,10.5,44.7],[8,9945,40,0,0,0,17,5,18,-1,42.5,12.5,45],[9,480,38,0,0,0,15,7,16,-1,39.5,18.4,42.1],[10,477,38,0,0,0,15,6,17,-2,39.5,15.8,44.7],[11,741,38,0,0,0,15,6,17,-2,39.5,15.8,44.7],[12,481,38,0,0,0,15,5,18,-3,39.5,13.2,47.4],[13,484,38,0,0,0,15,5,18,-3,39.5,13.2,47.4],[14,4075,38,0,0,0,13,3,22,-9,34.2,7.9,57.9],[15,499,38,0,0,0,10,9,19,-9,26.3,23.7,50]];
var HomeHalfPanLu = [[1,494,1,0,0,0,1,0,0,1,100,0,0],[2,741,19,0,0,0,9,2,8,1,47.4,10.5,42.1],[3,501,19,0,0,0,8,6,5,3,42.1,31.6,26.3],[4,497,19,0,0,0,8,4,7,1,42.1,21.1,36.8],[5,481,19,0,0,0,8,1,10,-2,42.1,5.3,52.6],[6,488,19,0,0,0,7,4,8,-1,36.8,21.1,42.1],[7,506,19,0,0,0,7,3,9,-2,36.8,15.8,47.4],[8,4074,19,0,0,0,7,1,11,-4,36.8,5.3,57.9],[9,9945,20,0,0,0,7,4,9,-2,35,20,45],[10,480,19,0,0,0,6,4,9,-3,31.6,21.1,47.4],[11,491,19,0,0,0,6,4,9,-3,31.6,21.1,47.4],[12,477,19,0,0,0,6,3,10,-4,31.6,15.8,52.6],[13,484,19,0,0,0,5,1,13,-8,26.3,5.3,68.4],[14,499,19,0,0,0,3,4,12,-9,15.8,21.1,63.2],[15,4075,19,0,0,0,3,0,16,-13,15.8,0,84.2]];
var GuestHalfPanLu = [[1,491,19,0,0,0,12,2,5,7,63.2,10.5,26.3],[2,497,19,0,0,0,12,2,5,7,63.2,10.5,26.3],[3,501,19,0,0,0,11,4,4,7,57.9,21.1,21.1],[4,506,19,0,0,0,11,3,5,6,57.9,15.8,26.3],[5,488,19,0,0,0,11,0,8,3,57.9,0,42.1],[6,484,19,0,0,0,10,4,5,5,52.6,21.1,26.3],[7,4074,19,0,0,0,10,3,6,4,52.6,15.8,31.6],[8,4075,19,0,0,0,10,3,6,4,52.6,15.8,31.6],[9,494,1,0,0,0,1,0,0,1,100,0,0],[10,9945,20,0,0,0,10,1,9,1,50,5,45],[11,477,19,0,0,0,9,3,7,2,47.4,15.8,36.8],[12,480,19,0,0,0,9,3,7,2,47.4,15.8,36.8],[13,499,19,0,0,0,7,5,7,0,36.8,26.3,36.8],[14,481,19,0,0,0,7,4,8,-1,36.8,21.1,42.1],[15,741,19,0,0,0,6,4,9,-3,31.6,21.1,47.4]];
var addUp = [123,45.9,11,4.1,134,50,[63.2,480],[60.5,491],[100,494],[73.7,491],[68.4,488],[100,494],[7.9,741,501,491],[0,484,4074,494]];
var addUpHalf = [91,34,41,15.3,136,50.7,[100,494],[57.9,4075],[100,494],[84.2,4075],[100,494],[47.4,741],[26.3,501],[0,494]];
var lastUpdateTime = '2025-01-20 11:38:46';
