var arrLeague = [15,'南韩K联赛','南韓K聯賽','K League 1','2013','#0542b1','league_match/images/20190423203352.jpg','韩K联','韓K聯','KOR D1'];
var arrTeam = [[477,'城南足球俱乐部','城南FC','Seongnam FC','','images/477/1gxsf6qkxc2j.png',0],[480,'蔚山HD','蔚山HD','Ulsan HD FC','','images/1j1c2yt4wj7.png',0],[481,'浦项制铁','浦項制鐵','Pohang Steelers','','images/481/1h1jgrf3gp0.png',0],[484,'全北现代','全北汽車','Jeonbuk Hyundai Motors','','images/484/1h1jgrf3gr2k.png',0],[488,'大田市民','大田市民','Daejeon Citizen','','images/488/1gxsf6qkda2b.png',0],[491,'大邱FC','大邱FC','Daegu FC','','images/491/1gxsf6qkd41p.png',0],[494,'金泉尚武','金泉尚武','Gimcheon Sangmu FC','','images/494/1grzke26w41a.png',0],[497,'仁川联队','仁川聯','Incheon United','','images/497/1h6swyavg60.png',0],[499,'水原三星','水原三星','Suwon Samsung Bluewings','','images/499/1gxsf6qjy02n.png',0],[501,'釜山偶像','釜山偶像','Busan I Park','','images/501/1gxsf6qkd2e.png',0],[506,'全南天龙','全南天龍','Jeonnam Dragons','','images/506/1gxsf6qkd726.png',0],[741,'FC首尔','FC首爾','FC Seoul','','images/741/1gxsf6qjyq26.png',0],[4074,'庆南FC','慶南FC','Gyeongnam FC','','images/4074/1gxsf6qkdcq.png',0],[4075,'济州联队','濟州聯','Jeju United','','images/4075/1gxsf6qjyw29.png',0],[9945,'江原FC','FC江原','Gangwon FC','','images/9945/1gxsf6qkdd19.png',0]];
var TotalBs = [[1,9945,40,23,0,17,57.5,0,42.5],[2,480,38,21,0,17,55.3,0,44.7],[3,481,38,21,0,17,55.3,0,44.7],[4,484,38,20,0,18,52.6,0,47.4],[5,488,38,20,0,18,52.6,0,47.4],[6,497,38,20,0,18,52.6,0,47.4],[7,499,38,20,0,18,52.6,0,47.4],[8,741,38,20,0,18,52.6,0,47.4],[9,477,38,20,0,18,52.6,0,47.4],[10,4075,38,20,0,18,52.6,0,47.4],[11,4074,38,18,0,20,47.4,0,52.6],[12,501,38,17,0,21,44.7,0,55.3],[13,491,38,16,0,22,42.1,0,57.9],[14,506,38,15,0,23,39.5,0,60.5],[15,494,2,1,0,1,50,0,50]];
var HomeBs = [[1,741,19,14,0,5,73.7,0,26.3],[2,9945,20,13,0,7,65,0,35],[3,477,19,12,0,7,63.2,0,36.8],[4,497,19,11,0,8,57.9,0,42.1],[5,4074,19,10,0,9,52.6,0,47.4],[6,501,19,10,0,9,52.6,0,47.4],[7,481,19,10,0,9,52.6,0,47.4],[8,480,19,9,0,10,47.4,0,52.6],[9,488,19,9,0,10,47.4,0,52.6],[10,484,19,9,0,10,47.4,0,52.6],[11,4075,19,9,0,10,47.4,0,52.6],[12,506,19,8,0,11,42.1,0,57.9],[13,499,19,7,0,12,36.8,0,63.2],[14,491,19,4,0,15,21.1,0,78.9],[15,494,1,1,0,0,100,0,0]];
var GuestBs = [[1,499,19,13,0,6,68.4,0,31.6],[2,480,19,12,0,7,63.2,0,36.8],[3,491,19,12,0,7,63.2,0,36.8],[4,481,19,11,0,8,57.9,0,42.1],[5,4075,19,11,0,8,57.9,0,42.1],[6,488,19,11,0,8,57.9,0,42.1],[7,484,19,11,0,8,57.9,0,42.1],[8,9945,20,10,0,10,50,0,50],[9,497,19,9,0,10,47.4,0,52.6],[10,4074,19,8,0,11,42.1,0,57.9],[11,477,19,8,0,11,42.1,0,57.9],[12,501,19,7,0,12,36.8,0,63.2],[13,506,19,7,0,12,36.8,0,63.2],[14,741,19,6,0,13,31.6,0,68.4],[15,494,1,0,0,1,0,0,100]];
var TotalBsHalf = [[1,477,37,17,11,9,45.9,29.7,24.3],[2,481,37,16,12,9,43.2,32.4,24.3],[3,499,37,16,9,12,43.2,24.3,32.4],[4,480,38,15,6,17,39.5,15.8,44.7],[5,484,38,13,15,10,34.2,39.5,26.3],[6,4075,37,13,13,11,35.1,35.1,29.7],[7,9945,40,13,15,12,32.5,37.5,30],[8,488,38,13,12,13,34.2,31.6,34.2],[9,741,36,13,7,16,36.1,19.4,44.4],[10,501,38,13,8,17,34.2,21.1,44.7],[11,4074,37,12,14,11,32.4,37.8,29.7],[12,497,38,11,13,14,28.9,34.2,36.8],[13,491,38,10,14,14,26.3,36.8,36.8],[14,506,37,10,9,18,27,24.3,48.6],[15,494,1,0,1,0,0,100,0]];
var HomeBsHalf = [[1,501,19,9,5,5,47.4,26.3,26.3],[2,741,19,9,4,6,47.4,21.1,31.6],[3,499,19,9,3,7,47.4,15.8,36.8],[4,9945,20,8,6,6,40,30,30],[5,477,19,8,5,6,42.1,26.3,31.6],[6,481,19,8,5,6,42.1,26.3,31.6],[7,4075,19,8,4,7,42.1,21.1,36.8],[8,4074,19,6,9,4,31.6,47.4,21.1],[9,506,19,6,5,8,31.6,26.3,42.1],[10,497,19,5,7,7,26.3,36.8,36.8],[11,488,19,5,7,7,26.3,36.8,36.8],[12,480,19,5,4,10,26.3,21.1,52.6],[13,484,19,4,9,6,21.1,47.4,31.6],[14,491,19,3,7,9,15.8,36.8,47.4],[15,494,1,0,1,0,0,100,0]];
var GuestBsHalf = [[1,480,19,10,2,7,52.6,10.5,36.8],[2,477,18,9,6,3,50,33.3,16.7],[3,484,19,9,6,4,47.4,31.6,21.1],[4,481,18,8,7,3,44.4,38.9,16.7],[5,488,19,8,5,6,42.1,26.3,31.6],[6,491,19,7,7,5,36.8,36.8,26.3],[7,499,18,7,6,5,38.9,33.3,27.8],[8,4074,18,6,5,7,33.3,27.8,38.9],[9,497,19,6,6,7,31.6,31.6,36.8],[10,4075,18,5,9,4,27.8,50,22.2],[11,9945,20,5,9,6,25,45,30],[12,741,17,4,3,10,23.5,17.6,58.8],[13,506,18,4,4,10,22.2,22.2,55.6],[14,501,19,4,3,12,21.1,15.8,63.2],[15,494,0,0,0,0,0,0,0]];
var addUp = [272,50.7,0,0,264,49.3,[57.5,9945],[60.5,506],[100,494],[78.9,491],[68.4,499],[100,494]];
var addUpHalf = [185,35.1,159,30.2,183,34.7,[45.9,477],[48.6,506],[47.4,501,741,499],[52.6,480],[52.6,480],[63.2,501]];
var lastUpdateTime = '2025-01-20 11:38:53';
