var arrLeague = [23,'葡萄牙超级联赛','葡萄牙超級聯賽','Liga Portugal 1','2022-2023','#006665','league_match/images/1j5w1nhx8v10.png','葡超','葡超','POR D1'];
var arrTeam = [[452,'马里迪莫','馬里迪莫','Maritimo','','images/165095610183.png',0],[457,'博阿维斯塔','博維斯塔','Boavista FC','','images/165095598511.png',0],[459,'布拉加','布拉加','Sporting Braga','','images/165095600132.png',0],[463,'本菲卡','賓菲加','Benfica','','images/165095593478.png',0],[466,'里斯本竞技','士砵亭','Sporting CP','','images/165095607959.png',0],[468,'波尔图','波圖','FC Porto','','images/165095597156.png',0],[476,'里奥阿维','里奧阿維','Rio Ave','','images/476/1hdajkkb221n.png',0],[486,'埃斯托里尔','伊斯托里爾','Estoril','','images/165095590467.png',0],[919,'吉维森特','基維辛迪','Gil Vicente','','images/919/1gpyrknv73a.png',0],[927,'吉马良斯','甘馬雷斯','Vitoria Guimaraes','','images/165095604742.png',0],[999,'查维斯','沙維斯','GD Chaves','','images/999/1j50e1skc91a.png',0],[1002,'圣克拉拉','辛達卡拉','Santa Clara','','images/1jfp59pdzy7.png',0],[1006,'费雷拉','費利拿','Pacos de Ferreira','','images/165095603251.png',0],[1554,'朴迪莫伦斯','樸迪莫倫斯','Portimonense','','images/165095613598.png',0],[2798,'维泽拉','維薛拿','Vizela','','images/2798/1j50e1skc129.png',0],[4970,'法马利康','法馬利卡奧','FC Famalicao','','images/165095601658.png',0],[4971,'卡萨比亚','卡薩比亞','Casa Pia AC','','images/4971/1gpyrknv762x.png',0],[9046,'阿罗卡','阿洛卡','FC Arouca','','images/16509559199.png',0]];
var TotalBs = [[1,457,34,19,2,13,55.9,5.9,38.2],[2,459,34,19,0,15,55.9,0,44.1],[3,452,34,19,0,15,55.9,0,44.1],[4,466,34,18,4,12,52.9,11.8,35.3],[5,4970,34,17,1,16,50,2.9,47.1],[6,463,34,16,3,15,47.1,8.8,44.1],[7,1006,34,16,0,18,47.1,0,52.9],[8,927,34,15,0,19,44.1,0,55.9],[9,1002,34,14,4,16,41.2,11.8,47.1],[10,468,34,13,2,19,38.2,5.9,55.9],[11,476,34,13,2,19,38.2,5.9,55.9],[12,919,34,13,1,20,38.2,2.9,58.8],[13,486,34,12,1,21,35.3,2.9,61.8],[14,2798,34,12,1,21,35.3,2.9,61.8],[15,1554,34,12,0,22,35.3,0,64.7],[16,4971,34,11,4,19,32.4,11.8,55.9],[17,999,34,11,2,21,32.4,5.9,61.8],[18,9046,34,8,1,25,23.5,2.9,73.5]];
var HomeBs = [[1,463,17,10,1,6,58.8,5.9,35.3],[2,452,17,10,0,7,58.8,0,41.2],[3,1002,17,9,3,5,52.9,17.6,29.4],[4,466,17,9,3,5,52.9,17.6,29.4],[5,1006,17,9,0,8,52.9,0,47.1],[6,457,17,9,0,8,52.9,0,47.1],[7,4970,17,9,0,8,52.9,0,47.1],[8,468,17,7,2,8,41.2,11.8,47.1],[9,2798,17,7,1,9,41.2,5.9,52.9],[10,486,17,7,1,9,41.2,5.9,52.9],[11,459,17,7,0,10,41.2,0,58.8],[12,4971,17,6,1,10,35.3,5.9,58.8],[13,1554,17,6,0,11,35.3,0,64.7],[14,999,17,6,0,11,35.3,0,64.7],[15,9046,17,5,1,11,29.4,5.9,64.7],[16,927,17,5,0,12,29.4,0,70.6],[17,476,17,4,1,12,23.5,5.9,70.6],[18,919,17,4,0,13,23.5,0,76.5]];
var GuestBs = [[1,459,17,12,0,5,70.6,0,29.4],[2,457,17,10,2,5,58.8,11.8,29.4],[3,927,17,10,0,7,58.8,0,41.2],[4,919,17,9,1,7,52.9,5.9,41.2],[5,466,17,9,1,7,52.9,5.9,41.2],[6,476,17,9,1,7,52.9,5.9,41.2],[7,452,17,9,0,8,52.9,0,47.1],[8,4970,17,8,1,8,47.1,5.9,47.1],[9,1006,17,7,0,10,41.2,0,58.8],[10,463,17,6,2,9,35.3,11.8,52.9],[11,468,17,6,0,11,35.3,0,64.7],[12,1554,17,6,0,11,35.3,0,64.7],[13,4971,17,5,3,9,29.4,17.6,52.9],[14,999,17,5,2,10,29.4,11.8,58.8],[15,1002,17,5,1,11,29.4,5.9,64.7],[16,2798,17,5,0,12,29.4,0,70.6],[17,486,17,5,0,12,29.4,0,70.6],[18,9046,17,3,0,14,17.6,0,82.4]];
var TotalBsHalf = [[1,486,34,19,4,11,55.9,11.8,32.4],[2,452,34,18,8,8,52.9,23.5,23.5],[3,1006,34,17,5,12,50,14.7,35.3],[4,463,34,16,0,18,47.1,0,52.9],[5,1002,34,15,6,13,44.1,17.6,38.2],[6,466,34,15,5,14,44.1,14.7,41.2],[7,459,34,15,5,14,44.1,14.7,41.2],[8,476,34,15,5,14,44.1,14.7,41.2],[9,927,34,14,7,13,41.2,20.6,38.2],[10,919,34,14,6,14,41.2,17.6,41.2],[11,4970,34,14,3,17,41.2,8.8,50],[12,999,34,13,8,13,38.2,23.5,38.2],[13,1554,34,13,6,15,38.2,17.6,44.1],[14,468,34,13,2,19,38.2,5.9,55.9],[15,457,34,12,7,15,35.3,20.6,44.1],[16,2798,34,12,6,16,35.3,17.6,47.1],[17,9046,34,11,4,19,32.4,11.8,55.9],[18,4971,34,10,5,19,29.4,14.7,55.9]];
var HomeBsHalf = [[1,486,17,13,1,3,76.5,5.9,17.6],[2,999,17,10,4,3,58.8,23.5,17.6],[3,452,17,10,2,5,58.8,11.8,29.4],[4,463,17,10,0,7,58.8,0,41.2],[5,1002,17,8,4,5,47.1,23.5,29.4],[6,476,17,8,1,8,47.1,5.9,47.1],[7,468,17,8,1,8,47.1,5.9,47.1],[8,1006,17,7,4,6,41.2,23.5,35.3],[9,4970,17,7,3,7,41.2,17.6,41.2],[10,9046,17,7,2,8,41.2,11.8,47.1],[11,466,17,7,2,8,41.2,11.8,47.1],[12,2798,17,6,5,6,35.3,29.4,35.3],[13,459,17,6,2,9,35.3,11.8,52.9],[14,919,17,6,2,9,35.3,11.8,52.9],[15,927,17,5,3,9,29.4,17.6,52.9],[16,1554,17,5,3,9,29.4,17.6,52.9],[17,457,17,3,5,9,17.6,29.4,52.9],[18,4971,17,2,2,13,11.8,11.8,76.5]];
var GuestBsHalf = [[1,1006,17,10,1,6,58.8,5.9,35.3],[2,927,17,9,4,4,52.9,23.5,23.5],[3,459,17,9,3,5,52.9,17.6,29.4],[4,457,17,9,2,6,52.9,11.8,35.3],[5,452,17,8,6,3,47.1,35.3,17.6],[6,919,17,8,4,5,47.1,23.5,29.4],[7,466,17,8,3,6,47.1,17.6,35.3],[8,1554,17,8,3,6,47.1,17.6,35.3],[9,4971,17,8,3,6,47.1,17.6,35.3],[10,476,17,7,4,6,41.2,23.5,35.3],[11,1002,17,7,2,8,41.2,11.8,47.1],[12,4970,17,7,0,10,41.2,0,58.8],[13,486,17,6,3,8,35.3,17.6,47.1],[14,2798,17,6,1,10,35.3,5.9,58.8],[15,463,17,6,0,11,35.3,0,64.7],[16,468,17,5,1,11,29.4,5.9,64.7],[17,9046,17,4,2,11,23.5,11.8,64.7],[18,999,17,3,4,10,17.6,23.5,58.8]];
var addUp = [258,42.2,28,4.6,326,53.3,[55.9,457,459,452],[73.5,9046],[58.8,463,452],[76.5,919],[70.6,459],[82.4,9046]];
var addUpHalf = [256,41.8,92,15,264,43.1,[55.9,486],[55.9,468,9046,4971],[76.5,486],[76.5,4971],[58.8,1006],[64.7,463,468,9046]];
var lastUpdateTime = '2025-01-18 11:08:23';
