var arrLeague = [5,'比利时甲组联赛','比利時甲組聯賽','Belgian Pro League','2021-2022','#FC9B0A','league_match/images/1j5w1nybsp9.png','比甲','比甲','BEL D1'];
var arrTeam = [[122,'沙勒罗瓦','查內爾','Charleroi','','images/122/1j3veftrymp.png',0],[130,'标准列日','標準列治','Standard Liege','','images/130/1j3veftre2e.png',0],[140,'根特','真特','KAA Gent','','images/140/1gv1yqjs390.png',0],[147,'亨克','亨克','Racing Genk','','images/147/1h54k7bfph11.png',0],[148,'布鲁日','布魯日','Club Brugge','','images/148/1hxqrpwvs12q.png',0],[153,'安德莱赫特','安德列治','Anderlecht','','images/153/1gv1yqjs302r.png',0],[156,'圣图尔登','聖圖爾登','Sint-Truidense','','images/156/1hcgsmb1gpc.png',0],[164,'色格拉布鲁日','色格拉布魯日','Cercle Brugge','','images/164/1gq1zqkdtp6.png',0],[170,'奥斯坦德','奧斯坦德','Oostende','','images/170/1gq201wpefs.png',0],[1242,'科特赖克','哥積克','Kortrijk','','images/1242/1j22rz4and1t.png',0],[1244,'梅赫伦','梅赫倫','Mechelen','','images/1244/1gtqkzv9ys23.png',0],[1316,'欧本','歐本','KAS Eupen','','images/1316/1j5hhgvw2cv.png',0],[1317,'圣吉罗斯','聖吉羅斯','Saint Gilloise','','images/1317/1hxqrpwvsyx.png',0],[1319,'威尔郡','威爾郡','Zulte-Waregem','','images/1319/1j5hhgvw2dj.png',0],[1686,'安特卫普','安特衛普','Royal Antwerp','','images/1686/1gtqkzv9yt13.png',0],[2606,'奥德赫维里','奧特希費利','Oud Heverlee','','images/2606/1gq15c96p07.png',0],[8575,'瑟兰联','瑟蘭聯','Seraing United','','images/8575/1h5bja70zw1x.png',0],[17189,'比斯查','比斯查','Beerschot Wilrijk','','images/17189/1j3s147sky21.png',0],[21829,'莫伦贝克','莫倫貝克','Jeunesse Molenbeek','','images/21829/1h6fp5ef3e2z.png',0]];
var TotalBs = [[1,122,40,23,3,14,57.5,7.5,35],[2,1244,39,23,0,16,59,0,41],[3,148,40,21,0,19,52.5,0,47.5],[4,17189,33,20,0,13,60.6,0,39.4],[5,153,40,20,2,18,50,5,45],[6,2606,33,19,1,13,57.6,3,39.4],[7,1316,34,19,0,15,55.9,0,44.1],[8,147,40,19,3,18,47.5,7.5,45],[9,170,34,18,0,16,52.9,0,47.1],[10,1317,40,18,3,19,45,7.5,47.5],[11,1319,34,16,5,13,47.1,14.7,38.2],[12,164,33,16,1,16,48.5,3,48.5],[13,8575,36,16,3,17,44.4,8.3,47.2],[14,1686,40,16,3,21,40,7.5,52.5],[15,156,34,14,2,18,41.2,5.9,52.9],[16,130,34,14,1,19,41.2,2.9,55.9],[17,1242,34,14,0,20,41.2,0,58.8],[18,140,40,14,5,21,35,12.5,52.5],[19,21829,2,0,0,2,0,0,100]];
var HomeBs = [[1,1244,20,13,0,7,65,0,35],[2,170,17,12,0,5,70.6,0,29.4],[3,1686,20,10,1,9,50,5,45],[4,156,17,9,2,6,52.9,11.8,35.3],[5,1319,17,9,2,6,52.9,11.8,35.3],[6,2606,16,9,0,7,56.2,0,43.8],[7,17189,16,9,0,7,56.2,0,43.8],[8,153,20,9,2,9,45,10,45],[9,147,20,9,2,9,45,10,45],[10,148,20,9,0,11,45,0,55],[11,140,20,8,3,9,40,15,45],[12,164,17,8,0,9,47.1,0,52.9],[13,1242,17,8,0,9,47.1,0,52.9],[14,1316,17,8,0,9,47.1,0,52.9],[15,8575,18,8,0,10,44.4,0,55.6],[16,122,20,8,2,10,40,10,50],[17,130,17,7,0,10,41.2,0,58.8],[18,1317,20,7,2,11,35,10,55],[19,21829,1,0,0,1,0,0,100]];
var GuestBs = [[1,122,20,15,1,4,75,5,20],[2,148,20,12,0,8,60,0,40],[3,1316,17,11,0,6,64.7,0,35.3],[4,17189,17,11,0,6,64.7,0,35.3],[5,1317,20,11,1,8,55,5,40],[6,153,20,11,0,9,55,0,45],[7,2606,17,10,1,6,58.8,5.9,35.3],[8,147,20,10,1,9,50,5,45],[9,1244,19,10,0,9,52.6,0,47.4],[10,164,16,8,1,7,50,6.2,43.8],[11,8575,18,8,3,7,44.4,16.7,38.9],[12,1319,17,7,3,7,41.2,17.6,41.2],[13,130,17,7,1,9,41.2,5.9,52.9],[14,170,17,6,0,11,35.3,0,64.7],[15,1242,17,6,0,11,35.3,0,64.7],[16,140,20,6,2,12,30,10,60],[17,1686,20,6,2,12,30,10,60],[18,156,17,5,0,12,29.4,0,70.6],[19,21829,1,0,0,1,0,0,100]];
var TotalBsHalf = [[1,122,40,17,8,15,42.5,20,37.5],[2,1317,40,17,4,19,42.5,10,47.5],[3,1244,39,16,6,17,41,15.4,43.6],[4,153,40,16,6,18,40,15,45],[5,1319,34,15,2,17,44.1,5.9,50],[6,1316,34,13,9,12,38.2,26.5,35.3],[7,17189,33,13,6,14,39.4,18.2,42.4],[8,164,33,13,6,14,39.4,18.2,42.4],[9,2606,33,13,3,17,39.4,9.1,51.5],[10,147,40,13,6,21,32.5,15,52.5],[11,1242,34,12,10,12,35.3,29.4,35.3],[12,8575,36,12,10,14,33.3,27.8,38.9],[13,148,40,12,2,26,30,5,65],[14,1686,40,11,8,21,27.5,20,52.5],[15,130,34,10,8,16,29.4,23.5,47.1],[16,170,34,9,7,18,26.5,20.6,52.9],[17,140,40,9,10,21,22.5,25,52.5],[18,156,34,7,12,15,20.6,35.3,44.1],[19,21829,2,0,1,1,0,50,50]];
var HomeBsHalf = [[1,164,17,9,3,5,52.9,17.6,29.4],[2,1244,20,9,3,8,45,15,40],[3,1316,17,8,4,5,47.1,23.5,29.4],[4,153,20,8,2,10,40,10,50],[5,170,17,7,3,7,41.2,17.6,41.2],[6,156,17,6,5,6,35.3,29.4,35.3],[7,17189,16,6,3,7,37.5,18.8,43.8],[8,140,20,6,6,8,30,30,40],[9,2606,16,6,1,9,37.5,6.2,56.2],[10,1319,17,6,2,9,35.3,11.8,52.9],[11,1686,20,6,4,10,30,20,50],[12,147,20,6,3,11,30,15,55],[13,1317,20,6,2,12,30,10,60],[14,148,20,6,0,14,30,0,70],[15,1242,17,5,7,5,29.4,41.2,29.4],[16,8575,18,5,6,7,27.8,33.3,38.9],[17,122,20,5,4,11,25,20,55],[18,130,17,4,3,10,23.5,17.6,58.8],[19,21829,1,0,1,0,0,100,0]];
var GuestBsHalf = [[1,122,20,12,4,4,60,20,20],[2,1317,20,11,2,7,55,10,35],[3,1319,17,9,0,8,52.9,0,47.1],[4,153,20,8,4,8,40,20,40],[5,1242,17,7,3,7,41.2,17.6,41.2],[6,8575,18,7,4,7,38.9,22.2,38.9],[7,17189,17,7,3,7,41.2,17.6,41.2],[8,2606,17,7,2,8,41.2,11.8,47.1],[9,1244,19,7,3,9,36.8,15.8,47.4],[10,147,20,7,3,10,35,15,50],[11,130,17,6,5,6,35.3,29.4,35.3],[12,148,20,6,2,12,30,10,60],[13,1316,17,5,5,7,29.4,29.4,41.2],[14,1686,20,5,4,11,25,20,55],[15,164,16,4,3,9,25,18.8,56.2],[16,140,20,3,4,13,15,20,65],[17,170,17,2,4,11,11.8,23.5,64.7],[18,156,17,1,7,9,5.9,41.2,52.9],[19,21829,1,0,0,1,0,0,100]];
var addUp = [320,48.5,32,4.8,308,46.7,[60.6,17189],[100,21829],[70.6,170],[100,21829],[75,122],[100,21829]];
var addUpHalf = [228,34.5,124,18.8,308,46.7,[44.1,1319],[65,148],[52.9,164],[70,148],[60,122],[100,21829]];
var lastUpdateTime = '2025-01-18 15:35:57';
