var arrLeague = [8,'德国甲组联赛','德國甲組聯賽','German Bundesliga','2022-2023','#990099','league_match/images/166674997937.png','德甲','德甲','GER D1'];
var arrTeam = [[88,'拜仁慕尼黑','拜仁慕尼黑','Bayern Munchen','','images/1jarzw1r4wn.png',0],[95,'波鸿','波琴','VfL Bochum','','images/164870992655.png',0],[99,'多特蒙德','多蒙特','Borussia Dortmund','','images/164870996363.png',0],[128,'门兴格拉德巴赫','慕遜加柏','Borussia Monchengladbach','','images/16487114506.png',0],[132,'云达不莱梅','雲達不萊梅','Werder Bremen','','images/2013119144220.jpg',0],[139,'柏林赫塔','哈化柏林','Hertha Berlin','','images/16487114635.png',0],[149,'沃尔夫斯堡','沃爾夫斯堡','VfL Wolfsburg','','images/164871147946.png',0],[151,'沙尔克04','史浩克零四','Schalke 04','','images/2013119145317.jpg',0],[155,'斯图加特','史特加','VfB Stuttgart','','images/164871149852.png',0],[162,'美因茨','緬恩斯','FSV Mainz 05','','images/164871151364.png',0],[165,'勒沃库森','利華古遜','Bayer Leverkusen','','images/164871152472.png',0],[172,'弗赖堡','費雷堡','SC Freiburg','','images/164871154089.png',0],[423,'法兰克福','法蘭克福','Eintracht Frankfurt','','images/164871155563.png',0],[490,'科隆','科隆','FC Koln','','images/164871158236.png',0],[1078,'霍芬海姆','賀芬咸','TSG Hoffenheim','','images/164871159920.png',0],[1087,'柏林联合','柏林聯','Union Berlin','','images/164871161365.png',0],[1135,'奥格斯堡','奧格斯堡','Augsburg','','images/164871162622.png',0],[13201,'RB莱比锡','RB萊比錫','RB Leipzig','','images/164871164178.png',0]];
var TotalBs = [[1,162,34,21,1,12,61.8,2.9,35.3],[2,99,34,20,2,12,58.8,5.9,35.3],[3,128,34,18,3,13,52.9,8.8,38.2],[4,132,34,18,3,13,52.9,8.8,38.2],[5,151,34,18,3,13,52.9,8.8,38.2],[6,155,34,18,2,14,52.9,5.9,41.2],[7,149,34,18,2,14,52.9,5.9,41.2],[8,13201,34,17,5,12,50,14.7,35.3],[9,423,34,17,4,13,50,11.8,38.2],[10,1078,34,17,3,14,50,8.8,41.2],[11,139,34,17,2,15,50,5.9,44.1],[12,172,34,17,0,17,50,0,50],[13,95,34,16,2,16,47.1,5.9,47.1],[14,1135,34,16,1,17,47.1,2.9,50],[15,1087,34,16,0,18,47.1,0,52.9],[16,165,34,15,4,15,44.1,11.8,44.1],[17,88,34,15,1,18,44.1,2.9,52.9],[18,490,34,14,2,18,41.2,5.9,52.9]];
var HomeBs = [[1,99,17,13,0,4,76.5,0,23.5],[2,149,17,12,1,4,70.6,5.9,23.5],[3,151,17,11,1,5,64.7,5.9,29.4],[4,1078,17,10,2,5,58.8,11.8,29.4],[5,162,17,10,1,6,58.8,5.9,35.3],[6,13201,17,9,3,5,52.9,17.6,29.4],[7,132,17,9,2,6,52.9,11.8,35.3],[8,95,17,9,2,6,52.9,11.8,35.3],[9,88,17,8,1,8,47.1,5.9,47.1],[10,128,17,8,1,8,47.1,5.9,47.1],[11,165,17,8,1,8,47.1,5.9,47.1],[12,1087,17,8,0,9,47.1,0,52.9],[13,139,17,8,0,9,47.1,0,52.9],[14,155,17,7,0,10,41.2,0,58.8],[15,172,17,7,0,10,41.2,0,58.8],[16,423,17,6,3,8,35.3,17.6,47.1],[17,490,17,6,1,10,35.3,5.9,58.8],[18,1135,17,5,1,11,29.4,5.9,64.7]];
var GuestBs = [[1,155,17,11,2,4,64.7,11.8,23.5],[2,423,17,11,1,5,64.7,5.9,29.4],[3,162,17,11,0,6,64.7,0,35.3],[4,1135,17,11,0,6,64.7,0,35.3],[5,128,17,10,2,5,58.8,11.8,29.4],[6,172,17,10,0,7,58.8,0,41.2],[7,139,17,9,2,6,52.9,11.8,35.3],[8,132,17,9,1,7,52.9,5.9,41.2],[9,13201,17,8,2,7,47.1,11.8,41.2],[10,490,17,8,1,8,47.1,5.9,47.1],[11,1087,17,8,0,9,47.1,0,52.9],[12,165,17,7,3,7,41.2,17.6,41.2],[13,99,17,7,2,8,41.2,11.8,47.1],[14,151,17,7,2,8,41.2,11.8,47.1],[15,1078,17,7,1,9,41.2,5.9,52.9],[16,88,17,7,0,10,41.2,0,58.8],[17,95,17,7,0,10,41.2,0,58.8],[18,149,17,6,1,10,35.3,5.9,58.8]];
var TotalBsHalf = [[1,99,34,19,1,14,55.9,2.9,41.2],[2,95,34,17,7,10,50,20.6,29.4],[3,139,34,17,5,12,50,14.7,35.3],[4,1078,34,17,4,13,50,11.8,38.2],[5,423,34,17,3,14,50,8.8,41.2],[6,149,34,16,5,13,47.1,14.7,38.2],[7,128,34,16,3,15,47.1,8.8,44.1],[8,1135,34,16,2,16,47.1,5.9,47.1],[9,88,34,16,0,18,47.1,0,52.9],[10,162,34,15,9,10,44.1,26.5,29.4],[11,155,34,15,6,13,44.1,17.6,38.2],[12,165,34,14,2,18,41.2,5.9,52.9],[13,13201,34,13,3,18,38.2,8.8,52.9],[14,1087,34,12,9,13,35.3,26.5,38.2],[15,151,34,12,6,16,35.3,17.6,47.1],[16,132,34,12,2,20,35.3,5.9,58.8],[17,490,34,11,6,17,32.4,17.6,50],[18,172,34,9,7,18,26.5,20.6,52.9]];
var HomeBsHalf = [[1,99,17,11,1,5,64.7,5.9,29.4],[2,1078,17,10,1,6,58.8,5.9,35.3],[3,149,17,10,0,7,58.8,0,41.2],[4,95,17,9,4,4,52.9,23.5,23.5],[5,128,17,9,1,7,52.9,5.9,41.2],[6,165,17,9,1,7,52.9,5.9,41.2],[7,88,17,9,0,8,52.9,0,47.1],[8,139,17,8,3,6,47.1,17.6,35.3],[9,423,17,8,0,9,47.1,0,52.9],[10,151,17,7,3,7,41.2,17.6,41.2],[11,155,17,7,3,7,41.2,17.6,41.2],[12,13201,17,7,1,9,41.2,5.9,52.9],[13,162,17,6,6,5,35.3,35.3,29.4],[14,132,17,6,1,10,35.3,5.9,58.8],[15,1087,17,5,5,7,29.4,29.4,41.2],[16,172,17,4,4,9,23.5,23.5,52.9],[17,1135,17,4,2,11,23.5,11.8,64.7],[18,490,17,3,4,10,17.6,23.5,58.8]];
var GuestBsHalf = [[1,1135,17,12,0,5,70.6,0,29.4],[2,162,17,9,3,5,52.9,17.6,29.4],[3,423,17,9,3,5,52.9,17.6,29.4],[4,139,17,9,2,6,52.9,11.8,35.3],[5,155,17,8,3,6,47.1,17.6,35.3],[6,95,17,8,3,6,47.1,17.6,35.3],[7,490,17,8,2,7,47.1,11.8,41.2],[8,99,17,8,0,9,47.1,0,52.9],[9,1087,17,7,4,6,41.2,23.5,35.3],[10,1078,17,7,3,7,41.2,17.6,41.2],[11,128,17,7,2,8,41.2,11.8,47.1],[12,88,17,7,0,10,41.2,0,58.8],[13,149,17,6,5,6,35.3,29.4,35.3],[14,13201,17,6,2,9,35.3,11.8,52.9],[15,132,17,6,1,10,35.3,5.9,58.8],[16,151,17,5,3,9,29.4,17.6,52.9],[17,172,17,5,3,9,29.4,17.6,52.9],[18,165,17,5,1,11,29.4,5.9,64.7]];
var addUp = [308,50.3,40,6.5,264,43.1,[61.8,162],[52.9,1087,88,490],[76.5,99],[64.7,1135],[64.7,155,423,162,1135],[58.8,88,95,149]];
var addUpHalf = [264,43.1,80,13.1,268,43.8,[55.9,99],[58.8,132],[64.7,99],[64.7,1135],[70.6,1135],[64.7,165]];
var lastUpdateTime = '2025-01-18 11:08:23';
