var arrLeague = [15,'南韩K联赛','南韓K聯賽','K League 1','2012','#0542b1','league_match/images/20190423203352.jpg','韩K联','韓K聯','KOR D1'];
var arrTeam = [[477,'城南FC','城南FC','Seongnam FC','','images/477/1gxsf6qkxc2j.png',0],[480,'蔚山HD','蔚山HD','Ulsan HD FC','','images/1jr576ev8wv.png',0],[481,'浦项制铁','浦項制鐵','Pohang Steelers','','images/481/1h1jgrf3gp0.png',0],[484,'全北现代','全北汽車','Jeonbuk Hyundai Motors','','images/484/1h1jgrf3gr2k.png',0],[488,'大田市民','大田市民','Daejeon Citizen','','images/488/1gxsf6qkda2b.png',0],[491,'大邱FC','大邱FC','Daegu FC','','images/491/1gxsf6qkd41p.png',0],[494,'金泉尚武','金泉尚武','Gimcheon Sangmu FC','','images/494/1grzke26w41a.png',0],[497,'仁川联队','仁川聯','Incheon United','','images/497/1h6swyavg60.png',0],[499,'水原三星','水原三星','Suwon Samsung Bluewings','','images/499/1gxsf6qjy02n.png',0],[501,'釜山偶像','釜山偶像','Busan I Park','','images/501/1gxsf6qkd2e.png',0],[506,'全南天龙','全南天龍','Jeonnam Dragons','','images/506/1gxsf6qkd726.png',0],[741,'FC首尔','FC首爾','FC Seoul','','images/741/1gxsf6qjyq26.png',0],[4074,'庆南FC','慶南FC','Gyeongnam FC','','images/4074/1gxsf6qkdcq.png',0],[4075,'济州SK','濟州SK','Jeju SK FC','','images/1jr577tbbf8.png',0],[9945,'江原FC','FC江原','Gangwon FC','','images/9945/1gxsf6qkdd19.png',0],[16584,'光州FC','FC光州','Gwangju Football Club','','images/16584/1jnj5r1v732z.png',0]];
var TotalPanLu = [[1,741,43,37,3,4,27,2,14,13,62.8,4.7,32.6],[2,4075,43,22,5,17,26,0,17,9,60.5,0,39.5],[3,497,42,15,8,19,22,4,16,6,52.4,9.5,38.1],[4,480,44,26,7,11,22,3,19,3,50,6.8,43.2],[5,481,44,27,10,7,22,2,20,2,50,4.5,45.5],[6,491,42,14,9,19,20,3,19,1,47.6,7.1,45.2],[7,506,42,13,6,23,20,1,21,-1,47.6,2.4,50],[8,494,30,2,4,24,14,2,14,0,46.7,6.7,46.7],[9,501,44,15,8,21,20,4,20,0,45.5,9.1,45.5],[10,484,44,35,6,3,20,3,21,-1,45.5,6.8,47.7],[11,9945,42,4,6,32,19,1,22,-3,45.2,2.4,52.4],[12,499,44,30,7,7,19,5,20,-1,43.2,11.4,45.5],[13,488,42,5,5,32,17,2,23,-6,40.5,4.8,54.8],[14,4074,44,12,5,27,17,3,24,-7,38.6,6.8,54.5],[15,16584,42,7,12,23,15,7,20,-5,35.7,16.7,47.6],[16,477,42,20,7,15,15,2,25,-10,35.7,4.8,59.5]];
var HomePanLu = [[1,497,21,11,3,7,14,2,5,9,66.7,9.5,23.8],[2,741,21,22,0,0,14,1,6,8,66.7,4.8,28.6],[3,491,21,12,3,6,13,1,7,6,61.9,4.8,33.3],[4,499,22,19,2,1,13,2,7,6,59.1,9.1,31.8],[5,4075,22,15,2,5,13,0,9,4,59.1,0,40.9],[6,481,22,16,6,0,11,1,10,1,50,4.5,45.5],[7,4074,22,9,2,11,11,0,11,0,50,0,50],[8,501,22,10,5,7,10,3,9,1,45.5,13.6,40.9],[9,484,22,21,1,0,9,1,12,-3,40.9,4.5,54.5],[10,488,21,5,3,13,8,1,12,-4,38.1,4.8,57.1],[11,506,21,11,2,8,8,1,12,-4,38.1,4.8,57.1],[12,480,22,17,3,2,8,3,11,-3,36.4,13.6,50],[13,494,15,2,3,10,5,1,9,-4,33.3,6.7,60],[14,9945,21,4,4,13,7,0,14,-7,33.3,0,66.7],[15,16584,21,4,10,7,6,4,11,-5,28.6,19,52.4],[16,477,21,13,5,3,5,1,15,-10,23.8,4.8,71.4]];
var GuestPanLu = [[1,480,22,9,4,9,14,0,8,6,63.6,0,36.4],[2,4075,21,7,3,12,13,0,8,5,61.9,0,38.1],[3,741,22,15,3,4,13,1,8,5,59.1,4.5,36.4],[4,494,15,0,1,14,9,1,5,4,60,6.7,33.3],[5,9945,21,0,2,19,12,1,8,4,57.1,4.8,38.1],[6,506,21,2,4,15,12,0,9,3,57.1,0,42.9],[7,484,22,14,5,3,11,2,9,2,50,9.1,40.9],[8,481,22,11,4,7,11,1,10,1,50,4.5,45.5],[9,477,21,7,2,12,10,1,10,0,47.6,4.8,47.6],[10,501,22,5,3,14,10,1,11,-1,45.5,4.5,50],[11,16584,21,3,2,16,9,3,9,0,42.9,14.3,42.9],[12,488,21,0,2,19,9,1,11,-2,42.9,4.8,52.4],[13,497,21,4,5,12,8,2,11,-3,38.1,9.5,52.4],[14,491,21,2,6,13,7,2,12,-5,33.3,9.5,57.1],[15,499,22,11,5,6,6,3,13,-7,27.3,13.6,59.1],[16,4074,22,3,3,16,6,3,13,-7,27.3,13.6,59.1]];
var TotalHalfPanLu = [[1,741,44,0,0,0,24,4,16,8,54.5,9.1,36.4],[2,488,41,0,0,0,21,7,13,8,51.2,17.1,31.7],[3,491,41,0,0,0,20,6,15,5,48.8,14.6,36.6],[4,497,42,0,0,0,20,8,14,6,47.6,19,33.3],[5,9945,41,0,0,0,19,6,16,3,46.3,14.6,39],[6,484,44,0,0,0,19,3,22,-3,43.2,6.8,50],[7,506,41,0,0,0,17,10,14,3,41.5,24.4,34.1],[8,501,44,0,0,0,18,10,16,2,40.9,22.7,36.4],[9,4075,44,0,0,0,18,9,17,1,40.9,20.5,38.6],[10,499,44,0,0,0,18,4,22,-4,40.9,9.1,50],[11,494,25,0,0,0,10,5,10,0,40,20,40],[12,481,43,0,0,0,17,8,18,-1,39.5,18.6,41.9],[13,4074,44,0,0,0,15,12,17,-2,34.1,27.3,38.6],[14,16584,42,0,0,0,14,14,14,0,33.3,33.3,33.3],[15,477,42,0,0,0,10,11,21,-11,23.8,26.2,50],[16,480,44,0,0,0,10,9,25,-15,22.7,20.5,56.8]];
var HomeHalfPanLu = [[1,491,20,0,0,0,11,3,6,5,55,15,30],[2,741,22,0,0,0,12,0,10,2,54.5,0,45.5],[3,481,22,0,0,0,11,1,10,1,50,4.5,45.5],[4,484,22,0,0,0,11,1,10,1,50,4.5,45.5],[5,499,22,0,0,0,10,2,10,0,45.5,9.1,45.5],[6,488,21,0,0,0,9,6,6,3,42.9,28.6,28.6],[7,497,21,0,0,0,9,5,7,2,42.9,23.8,33.3],[8,506,21,0,0,0,8,5,8,0,38.1,23.8,38.1],[9,501,22,0,0,0,8,7,7,1,36.4,31.8,31.8],[10,4075,22,0,0,0,8,5,9,-1,36.4,22.7,40.9],[11,9945,20,0,0,0,7,3,10,-3,35,15,50],[12,4074,22,0,0,0,7,7,8,-1,31.8,31.8,36.4],[13,480,22,0,0,0,5,3,14,-9,22.7,13.6,63.6],[14,16584,21,0,0,0,4,9,8,-4,19,42.9,38.1],[15,477,21,0,0,0,4,3,14,-10,19,14.3,66.7],[16,494,12,0,0,0,1,3,8,-7,8.3,25,66.7]];
var GuestHalfPanLu = [[1,494,13,0,0,0,9,2,2,7,69.2,15.4,15.4],[2,488,20,0,0,0,12,1,7,5,60,5,35],[3,9945,21,0,0,0,12,3,6,6,57.1,14.3,28.6],[4,741,22,0,0,0,12,4,6,6,54.5,18.2,27.3],[5,497,21,0,0,0,11,3,7,4,52.4,14.3,33.3],[6,16584,21,0,0,0,10,5,6,4,47.6,23.8,28.6],[7,4075,22,0,0,0,10,4,8,2,45.5,18.2,36.4],[8,501,22,0,0,0,10,3,9,1,45.5,13.6,40.9],[9,506,20,0,0,0,9,5,6,3,45,25,30],[10,491,21,0,0,0,9,3,9,0,42.9,14.3,42.9],[11,4074,22,0,0,0,8,5,9,-1,36.4,22.7,40.9],[12,499,22,0,0,0,8,2,12,-4,36.4,9.1,54.5],[13,484,22,0,0,0,8,2,12,-4,36.4,9.1,54.5],[14,477,21,0,0,0,6,8,7,-1,28.6,38.1,33.3],[15,481,21,0,0,0,6,7,8,-2,28.6,33.3,38.1],[16,480,22,0,0,0,5,6,11,-6,22.7,27.3,50]];
var addUp = [155,46,22,6.5,160,47.5,[62.8,741],[59.5,477],[66.7,497,741],[71.4,477],[63.6,480],[59.1,499,4074],[16.7,16584],[0,4075]];
var addUpHalf = [125,37.5,63,18.9,145,43.5,[54.5,741],[56.8,480],[55,491],[66.7,477,494],[69.2,494],[54.5,499,484],[33.3,16584],[6.8,484]];
var lastUpdateTime = '2026-04-07 17:19:23';
