var arrLeague = [15,'南韩K联赛','南韓K聯賽','K League 1','2012','#0542b1','league_match/images/20190423203352.jpg','韩K联','韓K聯','KOR D1'];
var arrTeam = [[477,'城南FC','城南FC','Seongnam FC','','images/477/1gxsf6qkxc2j.png',0],[480,'蔚山HD','蔚山HD','Ulsan HD FC','','images/1jr576ev8wv.png',0],[481,'浦项制铁','浦項制鐵','Pohang Steelers','','images/481/1h1jgrf3gp0.png',0],[484,'全北现代','全北汽車','Jeonbuk Hyundai Motors','','images/484/1h1jgrf3gr2k.png',0],[488,'大田市民','大田市民','Daejeon Citizen','','images/488/1gxsf6qkda2b.png',0],[491,'大邱FC','大邱FC','Daegu FC','','images/491/1gxsf6qkd41p.png',0],[494,'金泉尚武','金泉尚武','Gimcheon Sangmu FC','','images/494/1grzke26w41a.png',0],[497,'仁川联队','仁川聯','Incheon United','','images/497/1h6swyavg60.png',0],[499,'水原三星','水原三星','Suwon Samsung Bluewings','','images/499/1gxsf6qjy02n.png',0],[501,'釜山偶像','釜山偶像','Busan I Park','','images/501/1gxsf6qkd2e.png',0],[506,'全南天龙','全南天龍','Jeonnam Dragons','','images/506/1gxsf6qkd726.png',0],[741,'FC首尔','FC首爾','FC Seoul','','images/741/1gxsf6qjyq26.png',0],[4074,'庆南FC','慶南FC','Gyeongnam FC','','images/4074/1gxsf6qkdcq.png',0],[4075,'济州SK','濟州SK','Jeju SK FC','','images/1jr577tbbf8.png',0],[9945,'江原FC','FC江原','Gangwon FC','','images/9945/1gxsf6qkdd19.png',0],[16584,'光州FC','FC光州','Gwangju Football Club','','images/16584/1jnj5r1v732z.png',0]];
var TotalBs = [[1,9945,42,25,1,16,59.5,2.4,38.1],[2,499,44,25,1,18,56.8,2.3,40.9],[3,4075,44,25,0,19,56.8,0,43.2],[4,484,44,24,2,18,54.5,4.5,40.9],[5,480,44,24,0,20,54.5,0,45.5],[6,481,44,22,0,22,50,0,50],[7,4074,44,22,0,22,50,0,50],[8,741,44,21,0,23,47.7,0,52.3],[9,488,42,20,0,22,47.6,0,52.4],[10,16584,42,19,1,22,45.2,2.4,52.4],[11,477,42,18,0,24,42.9,0,57.1],[12,501,44,18,1,25,40.9,2.3,56.8],[13,494,30,17,0,13,56.7,0,43.3],[14,506,42,17,1,24,40.5,2.4,57.1],[15,491,42,17,1,24,40.5,2.4,57.1],[16,497,42,16,0,26,38.1,0,61.9]];
var HomeBs = [[1,4075,22,16,0,6,72.7,0,27.3],[2,9945,21,14,0,7,66.7,0,33.3],[3,499,22,14,0,8,63.6,0,36.4],[4,480,22,14,0,8,63.6,0,36.4],[5,484,22,13,1,8,59.1,4.5,36.4],[6,481,22,12,0,10,54.5,0,45.5],[7,494,15,10,0,5,66.7,0,33.3],[8,506,21,10,1,10,47.6,4.8,47.6],[9,741,22,10,0,12,45.5,0,54.5],[10,4074,22,10,0,12,45.5,0,54.5],[11,16584,21,8,1,12,38.1,4.8,57.1],[12,477,21,8,0,13,38.1,0,61.9],[13,491,21,8,0,13,38.1,0,61.9],[14,488,21,7,0,14,33.3,0,66.7],[15,497,21,6,0,15,28.6,0,71.4],[16,501,22,5,1,16,22.7,4.5,72.7]];
var GuestBs = [[1,488,21,13,0,8,61.9,0,38.1],[2,501,22,13,0,9,59.1,0,40.9],[3,4074,22,12,0,10,54.5,0,45.5],[4,9945,21,11,1,9,52.4,4.8,42.9],[5,16584,21,11,0,10,52.4,0,47.6],[6,499,22,11,1,10,50,4.5,45.5],[7,484,22,11,1,10,50,4.5,45.5],[8,741,22,11,0,11,50,0,50],[9,497,21,10,0,11,47.6,0,52.4],[10,477,21,10,0,11,47.6,0,52.4],[11,480,22,10,0,12,45.5,0,54.5],[12,481,22,10,0,12,45.5,0,54.5],[13,491,21,9,1,11,42.9,4.8,52.4],[14,4075,22,9,0,13,40.9,0,59.1],[15,494,15,7,0,8,46.7,0,53.3],[16,506,21,7,0,14,33.3,0,66.7]];
var TotalBsHalf = [[1,741,44,20,15,9,45.5,34.1,20.5],[2,9945,41,20,11,10,48.8,26.8,24.4],[3,488,41,20,6,15,48.8,14.6,36.6],[4,16584,42,19,9,14,45.2,21.4,33.3],[5,480,44,19,9,16,43.2,20.5,36.4],[6,484,44,18,11,15,40.9,25,34.1],[7,501,43,18,7,18,41.9,16.3,41.9],[8,499,42,17,14,11,40.5,33.3,26.2],[9,481,43,17,13,13,39.5,30.2,30.2],[10,4075,43,15,14,14,34.9,32.6,32.6],[11,506,40,15,8,17,37.5,20,42.5],[12,477,42,14,12,16,33.3,28.6,38.1],[13,491,40,13,14,13,32.5,35,32.5],[14,497,39,13,5,21,33.3,12.8,53.8],[15,4074,43,11,14,18,25.6,32.6,41.9],[16,494,25,8,5,12,32,20,48]];
var HomeBsHalf = [[1,16584,21,12,2,7,57.1,9.5,33.3],[2,9945,20,11,4,5,55,20,25],[3,481,22,10,7,5,45.5,31.8,22.7],[4,4075,22,10,6,6,45.5,27.3,27.3],[5,484,22,10,5,7,45.5,22.7,31.8],[6,480,22,10,5,7,45.5,22.7,31.8],[7,741,22,9,9,4,40.9,40.9,18.2],[8,499,22,8,9,5,36.4,40.9,22.7],[9,506,21,8,4,9,38.1,19,42.9],[10,501,22,8,3,11,36.4,13.6,50],[11,491,20,7,7,6,35,35,30],[12,477,21,7,5,9,33.3,23.8,42.9],[13,488,21,7,5,9,33.3,23.8,42.9],[14,497,21,5,4,12,23.8,19,57.1],[15,494,12,4,4,4,33.3,33.3,33.3],[16,4074,22,4,7,11,18.2,31.8,50]];
var GuestBsHalf = [[1,488,20,13,1,6,65,5,30],[2,741,22,11,6,5,50,27.3,22.7],[3,501,21,10,4,7,47.6,19,33.3],[4,9945,21,9,7,5,42.9,33.3,23.8],[5,499,20,9,5,6,45,25,30],[6,480,22,9,4,9,40.9,18.2,40.9],[7,484,22,8,6,8,36.4,27.3,36.4],[8,497,18,8,1,9,44.4,5.6,50],[9,477,21,7,7,7,33.3,33.3,33.3],[10,16584,21,7,7,7,33.3,33.3,33.3],[11,4074,21,7,7,7,33.3,33.3,33.3],[12,506,19,7,4,8,36.8,21.1,42.1],[13,481,21,7,6,8,33.3,28.6,38.1],[14,491,20,6,7,7,30,35,35],[15,4075,21,5,8,8,23.8,38.1,38.1],[16,494,13,4,1,8,30.8,7.7,61.5]];
var addUp = [330,48.8,8,1.2,338,50,[59.5,9945],[61.9,497],[72.7,4075],[72.7,501],[61.9,488],[66.7,506]];
var addUpHalf = [257,39.2,167,25.5,232,35.4,[48.8,9945,488],[53.8,497],[57.1,16584],[57.1,497],[65,488],[61.5,494]];
var lastUpdateTime = '2026-04-07 17:19:36';
