var arrLeague = [8,'德国甲组联赛','德國甲組聯賽','German Bundesliga','2024-2025','#990099','league_match/images/166674997937.png','德甲','德甲','GER D1'];
var arrTeam = [[88,'拜仁慕尼黑','拜仁慕尼黑','Bayern Munchen','','images/1jp21wwwae1x.png',0],[95,'波鸿','波琴','VfL Bochum','','images/164870992655.png',0],[99,'多特蒙德','多蒙特','Borussia Dortmund','','images/164870996363.png',0],[128,'门兴格拉德巴赫','慕遜加柏','Borussia Monchengladbach','','images/16487114506.png',0],[132,'云达不莱梅','雲達不萊梅','Werder Bremen','','images/1jqk659y3sf.png',0],[149,'沃尔夫斯堡','沃爾夫斯堡','VfL Wolfsburg','','images/164871147946.png',0],[155,'斯图加特','史特加','VfB Stuttgart','','images/164871149852.png',0],[162,'美因茨','緬恩斯','FSV Mainz 05','','images/164871151364.png',0],[165,'勒沃库森','利華古遜','Bayer Leverkusen','','images/164871152472.png',0],[172,'弗赖堡','費雷堡','SC Freiburg','','images/164871154089.png',0],[423,'法兰克福','法蘭克福','Eintracht Frankfurt','','images/164871155563.png',0],[1078,'霍芬海姆','賀芬咸','TSG Hoffenheim','','images/164871159920.png',0],[1085,'圣保利','聖保利','St. Pauli','','images/1jqk67cwzb1r.png',0],[1087,'柏林联合','柏林聯','Union Berlin','','images/164871161365.png',0],[1117,'荷尔斯泰因','基爾','Holstein Kiel','','images/1jqk6a01g11r.png',0],[1135,'奥格斯堡','奧格斯堡','Augsburg','','images/164871162622.png',0],[8371,'海登海姆','海登海默','Heidenheimer','','images/1jqk69c9js20.png',0],[13201,'RB莱比锡','RB萊比錫','RB Leipzig','','images/164871164178.png',0]];
var TotalBs = [[1,1117,34,21,2,11,61.8,5.9,32.4],[2,172,34,20,2,12,58.8,5.9,35.3],[3,88,34,20,0,14,58.8,0,41.2],[4,423,34,19,2,13,55.9,5.9,38.2],[5,1078,34,19,0,15,55.9,0,44.1],[6,99,34,18,3,13,52.9,8.8,38.2],[7,149,34,18,2,14,52.9,5.9,41.2],[8,155,34,18,2,14,52.9,5.9,41.2],[9,132,34,18,1,15,52.9,2.9,44.1],[10,165,34,18,1,15,52.9,2.9,44.1],[11,128,34,17,2,15,50,5.9,44.1],[12,8371,34,17,2,15,50,5.9,44.1],[13,13201,34,16,1,17,47.1,2.9,50],[14,162,34,16,0,18,47.1,0,52.9],[15,1087,34,16,0,18,47.1,0,52.9],[16,1135,34,15,2,17,44.1,5.9,50],[17,95,34,14,2,18,41.2,5.9,52.9],[18,1085,34,8,0,26,23.5,0,76.5]];
var HomeBs = [[1,172,17,12,1,4,70.6,5.9,23.5],[2,423,17,11,1,5,64.7,5.9,29.4],[3,1117,17,11,1,5,64.7,5.9,29.4],[4,13201,17,10,1,6,58.8,5.9,35.3],[5,149,17,10,0,7,58.8,0,41.2],[6,88,17,10,0,7,58.8,0,41.2],[7,99,17,9,1,7,52.9,5.9,41.2],[8,128,17,9,1,7,52.9,5.9,41.2],[9,8371,17,9,1,7,52.9,5.9,41.2],[10,1078,17,9,0,8,52.9,0,47.1],[11,155,17,8,1,8,47.1,5.9,47.1],[12,165,17,8,1,8,47.1,5.9,47.1],[13,1087,17,8,0,9,47.1,0,52.9],[14,95,17,8,0,9,47.1,0,52.9],[15,1135,17,7,2,8,41.2,11.8,47.1],[16,132,17,7,1,9,41.2,5.9,52.9],[17,162,17,5,0,12,29.4,0,70.6],[18,1085,17,3,0,14,17.6,0,82.4]];
var GuestBs = [[1,162,17,11,0,6,64.7,0,35.3],[2,132,17,11,0,6,64.7,0,35.3],[3,155,17,10,1,6,58.8,5.9,35.3],[4,1117,17,10,1,6,58.8,5.9,35.3],[5,1078,17,10,0,7,58.8,0,41.2],[6,165,17,10,0,7,58.8,0,41.2],[7,88,17,10,0,7,58.8,0,41.2],[8,99,17,9,2,6,52.9,11.8,35.3],[9,149,17,8,2,7,47.1,11.8,41.2],[10,128,17,8,1,8,47.1,5.9,47.1],[11,172,17,8,1,8,47.1,5.9,47.1],[12,423,17,8,1,8,47.1,5.9,47.1],[13,8371,17,8,1,8,47.1,5.9,47.1],[14,1135,17,8,0,9,47.1,0,52.9],[15,1087,17,8,0,9,47.1,0,52.9],[16,95,17,6,2,9,35.3,11.8,52.9],[17,13201,17,6,0,11,35.3,0,64.7],[18,1085,17,5,0,12,29.4,0,70.6]];
var TotalBsHalf = [[1,1117,34,21,3,10,61.8,8.8,29.4],[2,165,34,19,1,14,55.9,2.9,41.2],[3,132,34,17,3,14,50,8.8,41.2],[4,13201,34,17,1,16,50,2.9,47.1],[5,88,34,17,0,17,50,0,50],[6,99,34,16,1,17,47.1,2.9,50],[7,1078,34,16,1,17,47.1,2.9,50],[8,162,34,15,4,15,44.1,11.8,44.1],[9,423,34,15,1,18,44.1,2.9,52.9],[10,95,34,14,3,17,41.2,8.8,50],[11,128,34,14,1,19,41.2,2.9,55.9],[12,155,34,14,1,19,41.2,2.9,55.9],[13,1087,34,13,9,12,38.2,26.5,35.3],[14,8371,34,13,6,15,38.2,17.6,44.1],[15,172,34,13,5,16,38.2,14.7,47.1],[16,1135,34,13,3,18,38.2,8.8,52.9],[17,149,34,13,1,20,38.2,2.9,58.8],[18,1085,34,8,8,18,23.5,23.5,52.9]];
var HomeBsHalf = [[1,1117,17,13,2,2,76.5,11.8,11.8],[2,13201,17,10,1,6,58.8,5.9,35.3],[3,165,17,10,0,7,58.8,0,41.2],[4,1087,17,9,3,5,52.9,17.6,29.4],[5,423,17,9,0,8,52.9,0,47.1],[6,88,17,9,0,8,52.9,0,47.1],[7,128,17,9,0,8,52.9,0,47.1],[8,95,17,8,3,6,47.1,17.6,35.3],[9,172,17,8,3,6,47.1,17.6,35.3],[10,99,17,8,0,9,47.1,0,52.9],[11,132,17,7,1,9,41.2,5.9,52.9],[12,8371,17,6,3,8,35.3,17.6,47.1],[13,1135,17,6,1,10,35.3,5.9,58.8],[14,149,17,6,0,11,35.3,0,64.7],[15,155,17,5,1,11,29.4,5.9,64.7],[16,162,17,5,1,11,29.4,5.9,64.7],[17,1078,17,5,1,11,29.4,5.9,64.7],[18,1085,17,1,6,10,5.9,35.3,58.8]];
var GuestBsHalf = [[1,1078,17,11,0,6,64.7,0,35.3],[2,162,17,10,3,4,58.8,17.6,23.5],[3,132,17,10,2,5,58.8,11.8,29.4],[4,165,17,9,1,7,52.9,5.9,41.2],[5,155,17,9,0,8,52.9,0,47.1],[6,1117,17,8,1,8,47.1,5.9,47.1],[7,99,17,8,1,8,47.1,5.9,47.1],[8,88,17,8,0,9,47.1,0,52.9],[9,8371,17,7,3,7,41.2,17.6,41.2],[10,1135,17,7,2,8,41.2,11.8,47.1],[11,1085,17,7,2,8,41.2,11.8,47.1],[12,149,17,7,1,9,41.2,5.9,52.9],[13,13201,17,7,0,10,41.2,0,58.8],[14,423,17,6,1,10,35.3,5.9,58.8],[15,95,17,6,0,11,35.3,0,64.7],[16,172,17,5,2,10,29.4,11.8,58.8],[17,128,17,5,1,11,29.4,5.9,64.7],[18,1087,17,4,6,7,23.5,35.3,41.2]];
var addUp = [308,50.3,24,3.9,280,45.8,[61.8,1117],[76.5,1085],[70.6,172],[82.4,1085],[64.7,162,132],[70.6,1085]];
var addUpHalf = [268,43.8,52,8.5,292,47.7,[61.8,1117],[58.8,149],[76.5,1117],[64.7,149,155,162,1078],[64.7,1078],[64.7,95,128]];
var lastUpdateTime = '2025-05-28 15:27:07';
