var arrLeague = [25,'日本职业联赛J1','日本職業聯賽J1','J1 League','2013','#009900','league_match/images/20130413112735.jpg','日职联','日職聯','JPN D1'];
var arrTeam = [[178,'新泻天鹅','新潟天鵝','Albirex Niigata','','images/178/1gtzd3qtet5.png',0],[181,'名古屋鲸八','名古屋八鯨','Nagoya Grampus','','images/181/1jbn72rjkc0.png',0],[184,'大分三神','大分三神','Oita Trinita','','images/184/1hr8p7294be.png',0],[188,'浦和红钻','浦和紅鑽','Urawa Red Diamonds','','images/188/1gtzcts2pj1a.png',0],[190,'鹿岛鹿角','鹿島鹿角','Kashima Antlers','','images/190/1gtzcts261m.png',0],[193,'大阪樱花','大阪櫻花','Cerezo Osaka','','images/193/1gtzcts26h14.png',0],[196,'横滨水手','橫濱水手','Yokohama Marinos','','images/196/1gtzcts26eq.png',0],[198,'磐田喜悦','磐田山葉','Jubilo Iwata','','images/198/1gtzcts2p16.png',0],[201,'FC东京','FC東京','FC Tokyo','','images/201/1gtzcts2ptm.png',0],[204,'清水鼓动','清水心跳','Shimizu S-Pulse','','images/204/1gtzcts2p01p.png',0],[206,'广岛三箭','廣島三箭','Hiroshima Sanfrecce','','images/206/1gtzcts1qj1h.png',0],[209,'柏太阳神','柏雷素爾','Kashiwa Reysol','','images/209/1gtzcts3612j.png',0],[1612,'湘南海洋','湘南比馬','Shonan Bellmare','','images/1612/1gtzcts2pg27.png',0],[1988,'RB大宫松鼠','RB大宮松鼠','RB Omiya Ardija','','images/1jfs60n1jr2g.png',0],[1989,'川崎前锋','川崎前鋒','Kawasaki Frontale','','images/1989/1gtzcts26x2r.png',0],[3162,'甲府风林','甲府風林','Ventforet Kofu','','images/3162/1h53w49p6r20.png',0],[3164,'鸟栖沙岩','鳥栖沙岩','Sagan Tosu','','images/3164/1gtzcts2pxc.png',0],[3193,'仙台维加泰','仙台維加泰','Vegalta Sendai','','images/3193/1h53w49ppqd.png',0]];
var TotalBs = [[1,209,34,23,2,9,67.6,5.9,26.5],[2,1989,34,23,0,11,67.6,0,32.4],[3,188,34,23,0,11,67.6,0,32.4],[4,190,34,22,2,10,64.7,5.9,29.4],[5,1988,34,21,0,13,61.8,0,38.2],[6,201,34,20,1,13,58.8,2.9,38.2],[7,204,34,19,1,14,55.9,2.9,41.2],[8,181,34,19,0,15,55.9,0,44.1],[9,184,34,18,0,16,52.9,0,47.1],[10,1612,34,17,2,15,50,5.9,44.1],[11,3164,34,17,2,15,50,5.9,44.1],[12,198,34,17,0,17,50,0,50],[13,193,34,16,0,18,47.1,0,52.9],[14,196,34,16,0,18,47.1,0,52.9],[15,178,34,15,0,19,44.1,0,55.9],[16,3193,34,12,0,22,35.3,0,64.7],[17,3162,34,12,0,22,35.3,0,64.7],[18,206,34,12,0,22,35.3,0,64.7]];
var HomeBs = [[1,209,17,12,1,4,70.6,5.9,23.5],[2,1988,17,11,0,6,64.7,0,35.3],[3,188,17,11,0,6,64.7,0,35.3],[4,204,17,10,1,6,58.8,5.9,35.3],[5,1989,17,10,0,7,58.8,0,41.2],[6,178,17,10,0,7,58.8,0,41.2],[7,190,17,9,1,7,52.9,5.9,41.2],[8,198,17,9,0,8,52.9,0,47.1],[9,3193,17,9,0,8,52.9,0,47.1],[10,1612,17,8,1,8,47.1,5.9,47.1],[11,201,17,8,1,8,47.1,5.9,47.1],[12,181,17,8,0,9,47.1,0,52.9],[13,193,17,8,0,9,47.1,0,52.9],[14,206,17,8,0,9,47.1,0,52.9],[15,196,17,8,0,9,47.1,0,52.9],[16,3164,17,8,0,9,47.1,0,52.9],[17,184,17,8,0,9,47.1,0,52.9],[18,3162,17,6,0,11,35.3,0,64.7]];
var GuestBs = [[1,190,17,13,1,3,76.5,5.9,17.6],[2,1989,17,13,0,4,76.5,0,23.5],[3,201,17,12,0,5,70.6,0,29.4],[4,188,17,12,0,5,70.6,0,29.4],[5,209,17,11,1,5,64.7,5.9,29.4],[6,181,17,11,0,6,64.7,0,35.3],[7,184,17,10,0,7,58.8,0,41.2],[8,1988,17,10,0,7,58.8,0,41.2],[9,3164,17,9,2,6,52.9,11.8,35.3],[10,1612,17,9,1,7,52.9,5.9,41.2],[11,204,17,9,0,8,52.9,0,47.1],[12,196,17,8,0,9,47.1,0,52.9],[13,198,17,8,0,9,47.1,0,52.9],[14,193,17,8,0,9,47.1,0,52.9],[15,3162,17,6,0,11,35.3,0,64.7],[16,178,17,5,0,12,29.4,0,70.6],[17,206,17,4,0,13,23.5,0,76.5],[18,3193,17,3,0,14,17.6,0,82.4]];
var TotalBsHalf = [[1,209,33,14,4,15,42.4,12.1,45.5],[2,204,34,14,3,17,41.2,8.8,50],[3,201,34,13,7,14,38.2,20.6,41.2],[4,188,34,13,6,15,38.2,17.6,44.1],[5,190,34,13,6,15,38.2,17.6,44.1],[6,1988,33,12,8,13,36.4,24.2,39.4],[7,1989,34,12,7,15,35.3,20.6,44.1],[8,1612,34,12,5,17,35.3,14.7,50],[9,184,33,10,7,16,30.3,21.2,48.5],[10,193,33,10,5,18,30.3,15.2,54.5],[11,181,33,9,9,15,27.3,27.3,45.5],[12,198,34,9,6,19,26.5,17.6,55.9],[13,3193,33,8,11,14,24.2,33.3,42.4],[14,196,33,8,9,16,24.2,27.3,48.5],[15,3164,33,8,9,16,24.2,27.3,48.5],[16,3162,34,8,7,19,23.5,20.6,55.9],[17,178,34,7,10,17,20.6,29.4,50],[18,206,33,7,8,18,21.2,24.2,54.5]];
var HomeBsHalf = [[1,204,17,9,1,7,52.9,5.9,41.2],[2,209,17,8,2,7,47.1,11.8,41.2],[3,184,17,7,4,6,41.2,23.5,35.3],[4,1989,17,7,3,7,41.2,17.6,41.2],[5,201,17,7,2,8,41.2,11.8,47.1],[6,1988,17,6,5,6,35.3,29.4,35.3],[7,3193,17,6,4,7,35.3,23.5,41.2],[8,196,17,5,5,7,29.4,29.4,41.2],[9,181,17,5,5,7,29.4,29.4,41.2],[10,190,17,5,3,9,29.4,17.6,52.9],[11,188,17,5,3,9,29.4,17.6,52.9],[12,1612,17,5,3,9,29.4,17.6,52.9],[13,198,17,5,2,10,29.4,11.8,58.8],[14,3162,17,4,3,10,23.5,17.6,58.8],[15,178,17,3,6,8,17.6,35.3,47.1],[16,206,17,3,4,10,17.6,23.5,58.8],[17,193,17,3,3,11,17.6,17.6,64.7],[18,3164,17,2,6,9,11.8,35.3,52.9]];
var GuestBsHalf = [[1,190,17,8,3,6,47.1,17.6,35.3],[2,188,17,8,3,6,47.1,17.6,35.3],[3,193,16,7,2,7,43.8,12.5,43.8],[4,1612,17,7,2,8,41.2,11.8,47.1],[5,201,17,6,5,6,35.3,29.4,35.3],[6,3164,16,6,3,7,37.5,18.8,43.8],[7,1988,16,6,3,7,37.5,18.8,43.8],[8,209,16,6,2,8,37.5,12.5,50],[9,1989,17,5,4,8,29.4,23.5,47.1],[10,204,17,5,2,10,29.4,11.8,58.8],[11,181,16,4,4,8,25,25,50],[12,206,16,4,4,8,25,25,50],[13,178,17,4,4,9,23.5,23.5,52.9],[14,3162,17,4,4,9,23.5,23.5,52.9],[15,198,17,4,4,9,23.5,23.5,52.9],[16,196,16,3,4,9,18.8,25,56.2],[17,184,16,3,3,10,18.8,18.8,62.5],[18,3193,16,2,7,7,12.5,43.8,43.8]];
var addUp = [322,52.6,10,1.6,280,45.8,[67.6,209,1989,188],[64.7,3193,3162,206],[70.6,209],[64.7,3162],[76.5,190,1989],[82.4,3193]];
var addUpHalf = [187,31,127,21.1,289,47.9,[42.4,209],[55.9,198,3162],[52.9,204],[64.7,193],[47.1,190,188],[62.5,184]];
var lastUpdateTime = '2025-01-20 11:38:53';
