var arrLeague = [5,'比利时甲组联赛','比利時甲組聯賽','Belgian Pro League','2016-2017','#FC9B0A','league_match/images/1j5w1nybsp9.png','比甲','比甲','BEL D1'];
var arrTeam = [[118,'韦斯特鲁','韋斯達路','Westerlo','','images/118/1jeascxjbx31.png',0],[122,'沙勒罗瓦','查內爾','Charleroi','','images/122/1j3veftrymp.png',0],[130,'标准列日','標準列治','Standard Liege','','images/130/1j3veftre2e.png',0],[140,'根特','真特','KAA Gent','','images/140/1gv1yqjs390.png',0],[145,'洛克伦','洛格倫','Lokeren','','images/20130413143949.jpg',0],[147,'亨克','亨克','Racing Genk','','images/147/1h54k7bfph11.png',0],[148,'布鲁日','布魯日','Club Brugge','','images/148/1hxqrpwvs12q.png',0],[153,'安德莱赫特','安德列治','Anderlecht','','images/153/1gv1yqjs302r.png',0],[156,'圣图尔登','聖圖爾登','Sint-Truidense','','images/156/1hcgsmb1gpc.png',0],[159,'利尔斯','利亞斯','Lierse','','images/159/1h53w17xg22e.png',0],[170,'奥斯坦德','奧斯坦德','Oostende','','images/170/1gq201wpefs.png',0],[1242,'科特赖克','哥積克','Kortrijk','','images/1242/1j22rz4and1t.png',0],[1244,'梅赫伦','梅赫倫','Mechelen','','images/1244/1gtqkzv9ys23.png',0],[1245,'华斯兰德','華斯蘭比華倫','Red Star Waasland','','images/1245/1gqbpxar3q1m.png',0],[1315,'鲁塞拉雷','羅斯勒','Roeselare','','images/20130403145359.jpg',0],[1316,'欧本','歐本','KAS Eupen','','images/1316/1j5hhgvw2cv.png',0],[1317,'圣吉罗斯','聖吉羅斯','Saint Gilloise','','images/1317/1hxqrpwvsyx.png',0],[1319,'威尔郡','威爾郡','Zulte-Waregem','','images/1319/1j5hhgvw2dj.png',0],[8564,'摩斯高伦','苗斯干','Mouscron Peruwelz','','images/20130403150504.jpg',0]];
var TotalBs = [[1,1316,40,28,0,12,70,0,30],[2,1242,40,25,1,14,62.5,2.5,35],[3,156,41,25,0,16,61,0,39],[4,170,41,24,1,16,58.5,2.4,39],[5,8564,40,22,0,18,55,0,45],[6,130,40,22,0,18,55,0,45],[7,145,40,22,0,18,55,0,45],[8,118,30,21,2,7,70,6.7,23.3],[9,148,40,21,0,19,52.5,0,47.5],[10,153,40,20,1,19,50,2.5,47.5],[11,1319,40,20,1,19,50,2.5,47.5],[12,147,42,20,2,20,47.6,4.8,47.6],[13,1245,40,18,2,20,45,5,50],[14,1244,40,17,1,22,42.5,2.5,55],[15,140,40,15,1,24,37.5,2.5,60],[16,122,40,15,0,25,37.5,0,62.5],[17,1317,10,8,0,2,80,0,20],[18,1315,10,7,0,3,70,0,30],[19,159,10,6,0,4,60,0,40]];
var HomeBs = [[1,1316,20,14,0,6,70,0,30],[2,156,20,13,0,7,65,0,35],[3,1242,20,13,0,7,65,0,35],[4,170,21,12,1,8,57.1,4.8,38.1],[5,118,15,11,0,4,73.3,0,26.7],[6,147,21,11,2,8,52.4,9.5,38.1],[7,130,20,11,0,9,55,0,45],[8,148,20,11,0,9,55,0,45],[9,8564,20,11,0,9,55,0,45],[10,140,20,9,1,10,45,5,50],[11,145,20,9,0,11,45,0,55],[12,1319,20,9,0,11,45,0,55],[13,122,20,9,0,11,45,0,55],[14,1245,20,9,0,11,45,0,55],[15,153,20,8,1,11,40,5,55],[16,1244,20,6,1,13,30,5,65],[17,1317,5,5,0,0,100,0,0],[18,1315,5,4,0,1,80,0,20],[19,159,5,3,0,2,60,0,40]];
var GuestBs = [[1,1316,20,14,0,6,70,0,30],[2,145,20,13,0,7,65,0,35],[3,1242,20,12,1,7,60,5,35],[4,153,20,12,0,8,60,0,40],[5,170,20,12,0,8,60,0,40],[6,156,21,12,0,9,57.1,0,42.9],[7,1319,20,11,1,8,55,5,40],[8,1244,20,11,0,9,55,0,45],[9,8564,20,11,0,9,55,0,45],[10,130,20,11,0,9,55,0,45],[11,118,15,10,2,3,66.7,13.3,20],[12,148,20,10,0,10,50,0,50],[13,1245,20,9,2,9,45,10,45],[14,147,21,9,0,12,42.9,0,57.1],[15,140,20,6,0,14,30,0,70],[16,122,20,6,0,14,30,0,70],[17,1317,5,3,0,2,60,0,40],[18,1315,5,3,0,2,60,0,40],[19,159,5,3,0,2,60,0,40]];
var TotalBsHalf = [[1,1316,39,19,5,15,48.7,12.8,38.5],[2,147,41,19,4,18,46.3,9.8,43.9],[3,1242,39,17,10,12,43.6,25.6,30.8],[4,1319,40,16,9,15,40,22.5,37.5],[5,1244,39,16,7,16,41,17.9,41],[6,153,40,16,6,18,40,15,45],[7,118,30,15,3,12,50,10,40],[8,1245,39,15,7,17,38.5,17.9,43.6],[9,8564,40,14,12,14,35,30,35],[10,130,40,14,8,18,35,20,45],[11,148,40,14,7,19,35,17.5,47.5],[12,170,41,14,5,22,34.1,12.2,53.7],[13,145,40,13,9,18,32.5,22.5,45],[14,156,40,11,12,17,27.5,30,42.5],[15,140,39,10,7,22,25.6,17.9,56.4],[16,1315,11,8,0,3,72.7,0,27.3],[17,122,39,8,10,21,20.5,25.6,53.8],[18,1317,10,5,2,3,50,20,30],[19,159,9,1,5,3,11.1,55.6,33.3]];
var HomeBsHalf = [[1,147,21,12,1,8,57.1,4.8,38.1],[2,1316,20,10,2,8,50,10,40],[3,1242,20,9,7,4,45,35,20],[4,170,21,9,1,11,42.9,4.8,52.4],[5,1245,20,8,3,9,40,15,45],[6,153,20,8,2,10,40,10,50],[7,118,15,7,2,6,46.7,13.3,40],[8,1244,20,7,4,9,35,20,45],[9,1319,20,7,4,9,35,20,45],[10,148,20,7,3,10,35,15,50],[11,8564,20,6,8,6,30,40,30],[12,156,20,6,5,9,30,25,45],[13,130,20,6,5,9,30,25,45],[14,145,20,6,5,9,30,25,45],[15,140,20,6,1,13,30,5,65],[16,1315,5,4,0,1,80,0,20],[17,122,20,4,7,9,20,35,45],[18,1317,5,3,2,0,60,40,0],[19,1315,1,0,0,1,0,0,100],[20,159,5,0,3,2,0,60,40]];
var GuestBsHalf = [[1,1319,20,9,5,6,45,25,30],[2,1244,19,9,3,7,47.4,15.8,36.8],[3,1316,19,9,3,7,47.4,15.8,36.8],[4,118,15,8,1,6,53.3,6.7,40],[5,1242,19,8,3,8,42.1,15.8,42.1],[6,8564,20,8,4,8,40,20,40],[7,153,20,8,4,8,40,20,40],[8,130,20,8,3,9,40,15,45],[9,1245,19,7,4,8,36.8,21.1,42.1],[10,145,20,7,4,9,35,20,45],[11,148,20,7,4,9,35,20,45],[12,147,20,7,3,10,35,15,50],[13,156,20,5,7,8,25,35,40],[14,170,20,5,4,11,25,20,55],[15,1315,5,4,0,1,80,0,20],[16,140,19,4,6,9,21.1,31.6,47.4],[17,122,19,4,3,12,21.1,15.8,63.2],[18,1317,5,2,0,3,40,0,60],[19,159,4,1,2,1,25,50,25]];
var addUp = [356,53.6,12,1.8,296,44.6,[80,1317],[62.5,122],[100,1317],[65,1244],[70,1316],[70,140,122]];
var addUpHalf = [245,37.3,128,19.5,283,43.1,[72.7,1315],[56.4,140],[80,1315],[100,1315],[80,1315],[63.2,122]];
var lastUpdateTime = '2025-01-19 14:53:14';
