var arrLeague = [4,'巴西甲组联赛','巴西甲組聯賽','Brazil Serie A','2024','#996600','league_match/images/20210621103014.png','巴西甲','巴西甲','BRA D1'];
var arrTeam = [[343,'米内罗竞技','明尼路','Atletico Mineiro','','images/343/1j9d3cawpn18.png',0],[347,'巴拉纳竞技','巴拉納體育會','Atletico Paranaense','','images/347/1gxhxt30w91z.png',0],[349,'科林蒂安','哥連泰斯','Corinthians Paulista (SP)','','images/349/1j9d3cawpe2k.png',0],[352,'克里丘马','基斯奧馬','Criciuma','','images/352/1gy3vnww3y2.png',0],[354,'克鲁塞罗','高士路','Cruzeiro','','images/354/1grcyq30k1x.png',0],[356,'弗拉门戈','法林明高','Flamengo','','images/356/1j9d3cawp41r.png',0],[364,'格雷米奥','甘美奧','Gremio (RS)','','images/364/1gq1fbpxrd5.png',0],[369,'巴西国际','國際體育會','Internacional RS','','images/369/1hxg39ttg32m.png',0],[371,'尤文图德','尤文都德','Juventude','','images/371/1hwrwf8axx1r.png',0],[453,'圣保罗','聖保羅','Sao Paulo','','images/453/1hxqrprbs1c.png',0],[456,'瓦斯科达伽马','華斯高','Vasco da Gama','','images/456/1j9d3cawpjh.png',0],[462,'维多利亚','維多利亞','Vitoria BA','','images/462/1gtqpvn9c82j.png',0],[465,'帕尔梅拉斯','彭美拉斯','Palmeiras','','images/465/1gxsf3fvqe1p.png',0],[467,'博塔弗戈','保地花高','Botafogo RJ','','images/467/1gtqm76wzmz.png',0],[469,'弗鲁米嫩塞','富明尼斯','Fluminense RJ','','images/469/1hxqrprbsp13.png',0],[1973,'库亚巴','古亞巴','Cuiaba','','images/1973/1hr8pdq1wj26.png',0],[1979,'巴伊亚','巴希亞','Bahia','','images/1979/1grdmmb9f68.png',0],[2001,'福塔雷萨','科泰尼沙','Fortaleza','','images/2001/1gqxnqd00y2y.png',0],[3820,'布拉干蒂诺RB','巴拉干天奴','Bragantino','','images/3820/1gwnk9p3w710.png',0],[5156,'戈亚尼亚竞技','戈亞尼恩斯','Atletico Clube Goianiense','','images/5156/1gtqpsvqgb1h.png',0]];
var TotalBs = [[1,453,38,23,4,11,60.5,10.5,28.9],[2,343,38,21,1,16,55.3,2.6,42.1],[3,352,38,21,1,16,55.3,2.6,42.1],[4,371,38,20,3,15,52.6,7.9,39.5],[5,349,38,20,1,17,52.6,2.6,44.7],[6,356,38,20,0,18,52.6,0,47.4],[7,1979,38,20,0,18,52.6,0,47.4],[8,3820,38,19,2,17,50,5.3,44.7],[9,456,38,19,0,19,50,0,50],[10,462,38,19,0,19,50,0,50],[11,2001,38,18,1,19,47.4,2.6,50],[12,364,38,18,0,20,47.4,0,52.6],[13,369,38,17,1,20,44.7,2.6,52.6],[14,467,38,17,0,21,44.7,0,55.3],[15,354,38,16,2,20,42.1,5.3,52.6],[16,465,38,16,1,21,42.1,2.6,55.3],[17,5156,38,16,0,22,42.1,0,57.9],[18,1973,38,15,5,18,39.5,13.2,47.4],[19,347,38,14,1,23,36.8,2.6,60.5],[20,469,38,11,1,26,28.9,2.6,68.4]];
var HomeBs = [[1,349,19,12,1,6,63.2,5.3,31.6],[2,453,19,12,1,6,63.2,5.3,31.6],[3,3820,19,10,1,8,52.6,5.3,42.1],[4,343,19,10,0,9,52.6,0,47.4],[5,356,19,10,0,9,52.6,0,47.4],[6,364,19,10,0,9,52.6,0,47.4],[7,371,19,9,3,7,47.4,15.8,36.8],[8,1973,19,9,3,7,47.4,15.8,36.8],[9,456,19,9,0,10,47.4,0,52.6],[10,462,19,9,0,10,47.4,0,52.6],[11,465,19,9,0,10,47.4,0,52.6],[12,467,19,9,0,10,47.4,0,52.6],[13,354,19,9,0,10,47.4,0,52.6],[14,369,19,9,0,10,47.4,0,52.6],[15,352,19,8,1,10,42.1,5.3,52.6],[16,347,19,8,0,11,42.1,0,57.9],[17,5156,19,8,0,11,42.1,0,57.9],[18,2001,19,7,1,11,36.8,5.3,57.9],[19,1979,19,7,0,12,36.8,0,63.2],[20,469,19,6,1,12,31.6,5.3,63.2]];
var GuestBs = [[1,352,19,13,0,6,68.4,0,31.6],[2,1979,19,13,0,6,68.4,0,31.6],[3,453,19,11,3,5,57.9,15.8,26.3],[4,343,19,11,1,7,57.9,5.3,36.8],[5,371,19,11,0,8,57.9,0,42.1],[6,2001,19,11,0,8,57.9,0,42.1],[7,456,19,10,0,9,52.6,0,47.4],[8,462,19,10,0,9,52.6,0,47.4],[9,356,19,10,0,9,52.6,0,47.4],[10,3820,19,9,1,9,47.4,5.3,47.4],[11,369,19,8,1,10,42.1,5.3,52.6],[12,349,19,8,0,11,42.1,0,57.9],[13,364,19,8,0,11,42.1,0,57.9],[14,467,19,8,0,11,42.1,0,57.9],[15,5156,19,8,0,11,42.1,0,57.9],[16,354,19,7,2,10,36.8,10.5,52.6],[17,465,19,7,1,11,36.8,5.3,57.9],[18,1973,19,6,2,11,31.6,10.5,57.9],[19,347,19,6,1,12,31.6,5.3,63.2],[20,469,19,5,0,14,26.3,0,73.7]];
var TotalBsHalf = [[1,2001,38,27,3,8,71.1,7.9,21.1],[2,349,38,21,9,8,55.3,23.7,21.1],[3,343,38,21,6,11,55.3,15.8,28.9],[4,453,38,21,6,11,55.3,15.8,28.9],[5,1973,38,19,4,15,50,10.5,39.5],[6,364,38,18,11,9,47.4,28.9,23.7],[7,371,38,18,9,11,47.4,23.7,28.9],[8,369,38,17,7,14,44.7,18.4,36.8],[9,462,38,16,10,12,42.1,26.3,31.6],[10,354,38,16,9,13,42.1,23.7,34.2],[11,3820,38,15,15,8,39.5,39.5,21.1],[12,347,38,15,12,11,39.5,31.6,28.9],[13,467,38,14,9,15,36.8,23.7,39.5],[14,456,38,13,12,13,34.2,31.6,34.2],[15,1979,38,12,15,11,31.6,39.5,28.9],[16,352,38,12,15,11,31.6,39.5,28.9],[17,469,38,12,9,17,31.6,23.7,44.7],[18,465,38,11,14,13,28.9,36.8,34.2],[19,356,38,11,14,13,28.9,36.8,34.2],[20,5156,38,11,13,14,28.9,34.2,36.8]];
var HomeBsHalf = [[1,2001,19,13,2,4,68.4,10.5,21.1],[2,349,19,12,4,3,63.2,21.1,15.8],[3,343,19,12,4,3,63.2,21.1,15.8],[4,1973,19,11,1,7,57.9,5.3,36.8],[5,3820,19,10,5,4,52.6,26.3,21.1],[6,371,19,10,3,6,52.6,15.8,31.6],[7,453,19,10,2,7,52.6,10.5,36.8],[8,347,19,9,8,2,47.4,42.1,10.5],[9,364,19,8,7,4,42.1,36.8,21.1],[10,462,19,8,6,5,42.1,31.6,26.3],[11,467,19,7,5,7,36.8,26.3,36.8],[12,352,19,7,5,7,36.8,26.3,36.8],[13,354,19,7,5,7,36.8,26.3,36.8],[14,456,19,6,6,7,31.6,31.6,36.8],[15,369,19,6,5,8,31.6,26.3,42.1],[16,356,19,5,8,6,26.3,42.1,31.6],[17,1979,19,5,8,6,26.3,42.1,31.6],[18,469,19,5,5,9,26.3,26.3,47.4],[19,5156,19,5,3,11,26.3,15.8,57.9],[20,465,19,4,9,6,21.1,47.4,31.6]];
var GuestBsHalf = [[1,2001,19,14,1,4,73.7,5.3,21.1],[2,453,19,11,4,4,57.9,21.1,21.1],[3,369,19,11,2,6,57.9,10.5,31.6],[4,364,19,10,4,5,52.6,21.1,26.3],[5,349,19,9,5,5,47.4,26.3,26.3],[6,354,19,9,4,6,47.4,21.1,31.6],[7,343,19,9,2,8,47.4,10.5,42.1],[8,371,19,8,6,5,42.1,31.6,26.3],[9,462,19,8,4,7,42.1,21.1,36.8],[10,1973,19,8,3,8,42.1,15.8,42.1],[11,1979,19,7,7,5,36.8,36.8,26.3],[12,456,19,7,6,6,36.8,31.6,31.6],[13,465,19,7,5,7,36.8,26.3,36.8],[14,467,19,7,4,8,36.8,21.1,42.1],[15,469,19,7,4,8,36.8,21.1,42.1],[16,5156,19,6,10,3,31.6,52.6,15.8],[17,356,19,6,6,7,31.6,31.6,36.8],[18,347,19,6,4,9,31.6,21.1,47.4],[19,352,19,5,10,4,26.3,52.6,21.1],[20,3820,19,5,10,4,26.3,52.6,21.1]];
var addUp = [360,47.4,24,3.2,376,49.5,[60.5,453],[68.4,469],[63.2,349,453],[63.2,1979,469],[68.4,352,1979],[73.7,469]];
var addUpHalf = [320,42.1,202,26.6,238,31.3,[71.1,2001],[44.7,469],[68.4,2001],[57.9,5156],[73.7,2001],[47.4,347]];
var lastUpdateTime = '2025-06-24 12:28:05';
