var arrLeague = [9,'德国乙组联赛','德國乙組聯賽','German Bundesliga 2','2012-2013','#CA00CA','league_match/images/20181221085736.png','德乙','德乙','GER D2'];
var arrTeam = [[95,'波鸿','波琴','VfL Bochum','','images/164870992655.png',0],[139,'柏林赫塔','哈化柏林','Hertha Berlin','','images/16487114635.png',0],[175,'凯泽斯劳滕','凱沙羅頓','Kaiserslautern','','images/201312095551.jpg',0],[403,'慕尼黑1860','慕尼黑1860','TSV 1860 Munchen','','images/201312095748.jpg',0],[425,'特雷斯登','特雷斯登','Dynamo Dresden','','images/2013120100028.jpg',0],[427,'科特布斯','科特布斯','Energie Cottbus','','images/20181012140346.png',0],[461,'奥厄','奧厄','Erzgebirge Aue','','images/20180921190117.jpg',0],[490,'科隆','科隆','FC Koln','','images/164871158236.png',0],[493,'杜伊斯堡','杜伊斯堡','MSV Duisburg','','images/20180921192243.jpg',0],[1078,'霍芬海姆','賀芬咸','TSG Hoffenheim','','images/164871159920.png',0],[1079,'雷根斯堡','雷根斯堡','Jahn Regensburg','','images/2013119132308.jpg',0],[1085,'圣保利','聖保利','St. Pauli','','images/20180921185751.jpg',0],[1087,'柏林联合','柏林聯','Union Berlin','','images/164871161365.png',0],[1116,'布伦瑞克','布倫斯維克','Eintracht Braunschweig','','images/2013120103227.jpg',0],[1121,'奥斯纳布鲁克','奧斯納布克','VfL Osnabruck','','images/2013120115301.jpg',0],[1133,'亚伦','艾阿倫','Vfr Aalen','','images/2013120103747.jpg',0],[1720,'帕德博恩','柏德博恩','SC Paderborn 07','','images/20180921192806.jpg',0],[2786,'因戈尔施塔特','恩高斯達特','Ingolstadt','','images/2013120104003.jpg',0],[4449,'桑德豪森','辛特侯遜','SV Sandhausen','','images/2013120104323.jpg',0],[6021,'FSV法兰克福','FSV法蘭克福','FSV Frankfurt','','images/2013120104456.jpg',0]];
var TotalBs = [[1,6021,34,22,0,12,64.7,0,35.3],[2,4449,34,21,0,13,61.8,0,38.2],[3,1087,34,20,0,14,58.8,0,41.2],[4,1720,34,19,0,15,55.9,0,44.1],[5,1079,34,19,0,15,55.9,0,44.1],[6,95,34,19,0,15,55.9,0,44.1],[7,1085,34,17,1,16,50,2.9,47.1],[8,493,34,17,1,16,50,2.9,47.1],[9,1116,34,17,0,17,50,0,50],[10,139,34,17,0,17,50,0,50],[11,425,36,17,0,19,47.2,0,52.8],[12,175,36,16,2,18,44.4,5.6,50],[13,461,34,15,0,19,44.1,0,55.9],[14,427,34,14,1,19,41.2,2.9,55.9],[15,490,34,14,0,20,41.2,0,58.8],[16,1133,34,14,0,20,41.2,0,58.8],[17,2786,34,13,0,21,38.2,0,61.8],[18,403,34,11,1,22,32.4,2.9,64.7],[19,1078,2,2,0,0,100,0,0],[20,1121,2,0,0,2,0,0,100]];
var HomeBs = [[1,493,17,11,0,6,64.7,0,35.3],[2,1085,17,11,0,6,64.7,0,35.3],[3,95,17,10,0,7,58.8,0,41.2],[4,175,18,9,2,7,50,11.1,38.9],[5,1079,17,9,0,8,52.9,0,47.1],[6,1087,17,9,0,8,52.9,0,47.1],[7,1116,17,9,0,8,52.9,0,47.1],[8,1133,17,9,0,8,52.9,0,47.1],[9,6021,17,9,0,8,52.9,0,47.1],[10,425,18,9,0,9,50,0,50],[11,427,17,8,0,9,47.1,0,52.9],[12,139,17,8,0,9,47.1,0,52.9],[13,490,17,8,0,9,47.1,0,52.9],[14,1720,17,8,0,9,47.1,0,52.9],[15,2786,17,7,0,10,41.2,0,58.8],[16,4449,17,7,0,10,41.2,0,58.8],[17,403,17,5,1,11,29.4,5.9,64.7],[18,461,17,5,0,12,29.4,0,70.6],[19,1078,1,1,0,0,100,0,0],[20,1121,1,0,0,1,0,0,100]];
var GuestBs = [[1,4449,17,14,0,3,82.4,0,17.6],[2,6021,17,13,0,4,76.5,0,23.5],[3,1087,17,11,0,6,64.7,0,35.3],[4,1720,17,11,0,6,64.7,0,35.3],[5,1079,17,10,0,7,58.8,0,41.2],[6,461,17,10,0,7,58.8,0,41.2],[7,95,17,9,0,8,52.9,0,47.1],[8,139,17,9,0,8,52.9,0,47.1],[9,1116,17,8,0,9,47.1,0,52.9],[10,425,18,8,0,10,44.4,0,55.6],[11,175,18,7,0,11,38.9,0,61.1],[12,427,17,6,1,10,35.3,5.9,58.8],[13,1085,17,6,1,10,35.3,5.9,58.8],[14,493,17,6,1,10,35.3,5.9,58.8],[15,2786,17,6,0,11,35.3,0,64.7],[16,490,17,6,0,11,35.3,0,64.7],[17,403,17,6,0,11,35.3,0,64.7],[18,1133,17,5,0,12,29.4,0,70.6],[19,1078,1,1,0,0,100,0,0],[20,1121,1,0,0,1,0,0,100]];
var TotalBsHalf = [[1,461,33,17,8,8,51.5,24.2,24.2],[2,4449,34,15,10,9,44.1,29.4,26.5],[3,493,34,14,6,14,41.2,17.6,41.2],[4,1087,33,13,11,9,39.4,33.3,27.3],[5,1079,33,12,11,10,36.4,33.3,30.3],[6,175,36,12,13,11,33.3,36.1,30.6],[7,425,36,11,13,12,30.6,36.1,33.3],[8,6021,33,10,12,11,30.3,36.4,33.3],[9,2786,34,10,10,14,29.4,29.4,41.2],[10,1116,34,9,16,9,26.5,47.1,26.5],[11,95,34,9,13,12,26.5,38.2,35.3],[12,1085,33,9,10,14,27.3,30.3,42.4],[13,1133,33,8,12,13,24.2,36.4,39.4],[14,403,34,8,12,14,23.5,35.3,41.2],[15,139,34,8,10,16,23.5,29.4,47.1],[16,427,33,7,16,10,21.2,48.5,30.3],[17,1720,33,7,13,13,21.2,39.4,39.4],[18,490,33,5,17,11,15.2,51.5,33.3],[19,1078,1,1,0,0,100,0,0],[20,1121,1,0,1,0,0,100,0]];
var HomeBsHalf = [[1,493,17,10,2,5,58.8,11.8,29.4],[2,175,18,7,6,5,38.9,33.3,27.8],[3,461,17,7,5,5,41.2,29.4,29.4],[4,4449,17,6,8,3,35.3,47.1,17.6],[5,1079,17,6,6,5,35.3,35.3,29.4],[6,427,17,5,8,4,29.4,47.1,23.5],[7,1085,17,5,6,6,29.4,35.3,35.3],[8,6021,17,5,6,6,29.4,35.3,35.3],[9,1087,17,5,5,7,29.4,29.4,41.2],[10,425,18,5,6,7,27.8,33.3,38.9],[11,1720,17,5,5,7,29.4,29.4,41.2],[12,2786,17,5,5,7,29.4,29.4,41.2],[13,139,17,5,2,10,29.4,11.8,58.8],[14,95,17,4,7,6,23.5,41.2,35.3],[15,1133,17,4,7,6,23.5,41.2,35.3],[16,403,17,4,6,7,23.5,35.3,41.2],[17,1116,17,3,8,6,17.6,47.1,35.3],[18,490,17,2,9,6,11.8,52.9,35.3],[19,1078,1,1,0,0,100,0,0],[20,1121,1,0,1,0,0,100,0]];
var GuestBsHalf = [[1,461,16,10,3,3,62.5,18.8,18.8],[2,4449,17,9,2,6,52.9,11.8,35.3],[3,1087,16,8,6,2,50,37.5,12.5],[4,1116,17,6,8,3,35.3,47.1,17.6],[5,1079,16,6,5,5,37.5,31.2,31.2],[6,425,18,6,7,5,33.3,38.9,27.8],[7,6021,16,5,6,5,31.2,37.5,31.2],[8,95,17,5,6,6,29.4,35.3,35.3],[9,175,18,5,7,6,27.8,38.9,33.3],[10,2786,17,5,5,7,29.4,29.4,41.2],[11,1133,16,4,5,7,25,31.2,43.8],[12,403,17,4,6,7,23.5,35.3,41.2],[13,1085,16,4,4,8,25,25,50],[14,493,17,4,4,9,23.5,23.5,52.9],[15,490,16,3,8,5,18.8,50,31.2],[16,139,17,3,8,6,17.6,47.1,35.3],[17,427,16,2,8,6,12.5,50,37.5],[18,1720,16,2,8,6,12.5,50,37.5],[19,1078,0,0,0,0,0,0,0],[20,1121,0,0,0,0,0,0,0]];
var addUp = [304,49,6,1,310,50,[100,1078],[100,1121],[100,1078],[100,1121],[100,1078],[100,1121]];
var addUpHalf = [185,30.4,214,35.1,210,34.5,[100,1078],[47.1,139],[100,1078],[58.8,139],[62.5,461],[52.9,493]];
var lastUpdateTime = '2025-01-20 14:33:56';
