var arrLeague = [25,'日本职业联赛J1','日本職業聯賽J1','J1 League','2022','#009900','league_match/images/20130413112735.jpg','日职联','日職聯','JPN D1'];
var arrTeam = [[181,'名古屋鲸八','名古屋八鯨','Nagoya Grampus','','images/181/1jbn72rjkc0.png',0],[188,'浦和红钻','浦和紅鑽','Urawa Red Diamonds','','images/188/1gtzcts2pj1a.png',0],[190,'鹿岛鹿角','鹿島鹿角','Kashima Antlers','','images/190/1gtzcts261m.png',0],[193,'大阪樱花','大阪櫻花','Cerezo Osaka','','images/193/1gtzcts26h14.png',0],[196,'横滨水手','橫濱水手','Yokohama Marinos','','images/196/1gtzcts26eq.png',0],[198,'磐田喜悦','磐田山葉','Jubilo Iwata','','images/198/1gtzcts2p16.png',0],[201,'FC东京','FC東京','FC Tokyo','','images/201/1gtzcts2ptm.png',0],[203,'神户胜利船','神戶勝利船','Vissel Kobe','','images/203/1gtzcts1qh1b.png',0],[204,'清水鼓动','清水心跳','Shimizu S-Pulse','','images/204/1gtzcts2p01p.png',0],[206,'广岛三箭','廣島三箭','Hiroshima Sanfrecce','','images/206/1gtzcts1qj1h.png',0],[207,'大阪钢巴','大阪飛腳','Gamba Osaka','','images/207/1gtzd3qtya20.png',0],[209,'柏太阳神','柏雷素爾','Kashiwa Reysol','','images/209/1gtzcts3612j.png',0],[1547,'福冈黄蜂','福岡黃蜂','Avispa Fukuoka','','images/1547/1gtzcts36911.png',0],[1612,'湘南海洋','湘南比馬','Shonan Bellmare','','images/1612/1gtzcts2pg27.png',0],[1989,'川崎前锋','川崎前鋒','Kawasaki Frontale','','images/1989/1gtzcts26x2r.png',0],[3163,'京都不死鸟','京都不死鳥','Kyoto Sanga','','images/3163/1hwerqcfbv2k.png',0],[3164,'鸟栖沙岩','鳥栖沙岩','Sagan Tosu','','images/3164/1gtzcts2pxc.png',0],[3195,'札幌冈萨多','札幌岡薩多','Consadole Sapporo','','images/3195/1gtzcts2ps14.png',0]];
var TotalBs = [[1,196,34,21,0,13,61.8,0,38.2],[2,1989,34,20,0,14,58.8,0,41.2],[3,206,34,19,1,14,55.9,2.9,41.2],[4,201,34,18,1,15,52.9,2.9,44.1],[5,193,34,18,1,15,52.9,2.9,44.1],[6,3195,34,18,0,16,52.9,0,47.1],[7,3164,34,17,3,14,50,8.8,41.2],[8,188,34,16,0,18,47.1,0,52.9],[9,198,34,16,0,18,47.1,0,52.9],[10,204,34,16,0,18,47.1,0,52.9],[11,209,34,15,0,19,44.1,0,55.9],[12,190,34,15,0,19,44.1,0,55.9],[13,203,34,14,0,20,41.2,0,58.8],[14,207,34,12,0,22,35.3,0,64.7],[15,1612,34,11,3,20,32.4,8.8,58.8],[16,181,34,11,0,23,32.4,0,67.6],[17,1547,34,10,1,23,29.4,2.9,67.6],[18,3163,34,9,0,25,26.5,0,73.5]];
var HomeBs = [[1,1989,17,12,0,5,70.6,0,29.4],[2,198,17,10,0,7,58.8,0,41.2],[3,206,17,9,1,7,52.9,5.9,41.2],[4,188,17,9,0,8,52.9,0,47.1],[5,193,17,9,0,8,52.9,0,47.1],[6,209,17,8,0,9,47.1,0,52.9],[7,203,17,8,0,9,47.1,0,52.9],[8,190,17,8,0,9,47.1,0,52.9],[9,196,17,8,0,9,47.1,0,52.9],[10,201,17,8,0,9,47.1,0,52.9],[11,204,17,8,0,9,47.1,0,52.9],[12,3195,17,8,0,9,47.1,0,52.9],[13,207,17,7,0,10,41.2,0,58.8],[14,1612,17,6,1,10,35.3,5.9,58.8],[15,1547,17,6,0,11,35.3,0,64.7],[16,3164,17,5,3,9,29.4,17.6,52.9],[17,3163,17,5,0,12,29.4,0,70.6],[18,181,17,4,0,13,23.5,0,76.5]];
var GuestBs = [[1,196,17,13,0,4,76.5,0,23.5],[2,3164,17,12,0,5,70.6,0,29.4],[3,201,17,10,1,6,58.8,5.9,35.3],[4,3195,17,10,0,7,58.8,0,41.2],[5,206,17,10,0,7,58.8,0,41.2],[6,193,17,9,1,7,52.9,5.9,41.2],[7,204,17,8,0,9,47.1,0,52.9],[8,1989,17,8,0,9,47.1,0,52.9],[9,188,17,7,0,10,41.2,0,58.8],[10,181,17,7,0,10,41.2,0,58.8],[11,190,17,7,0,10,41.2,0,58.8],[12,209,17,7,0,10,41.2,0,58.8],[13,203,17,6,0,11,35.3,0,64.7],[14,198,17,6,0,11,35.3,0,64.7],[15,1612,17,5,2,10,29.4,11.8,58.8],[16,207,17,5,0,12,29.4,0,70.6],[17,1547,17,4,1,12,23.5,5.9,70.6],[18,3163,17,4,0,13,23.5,0,76.5]];
var TotalBsHalf = [[1,209,34,18,9,7,52.9,26.5,20.6],[2,181,34,17,6,11,50,17.6,32.4],[3,1547,34,17,2,15,50,5.9,44.1],[4,3164,34,14,9,11,41.2,26.5,32.4],[5,188,34,14,8,12,41.2,23.5,35.3],[6,190,34,14,6,14,41.2,17.6,41.2],[7,196,34,14,6,14,41.2,17.6,41.2],[8,201,34,13,8,13,38.2,23.5,38.2],[9,3195,34,13,8,13,38.2,23.5,38.2],[10,204,34,12,10,12,35.3,29.4,35.3],[11,198,34,12,10,12,35.3,29.4,35.3],[12,203,34,12,9,13,35.3,26.5,38.2],[13,1989,34,11,11,12,32.4,32.4,35.3],[14,206,34,11,10,13,32.4,29.4,38.2],[15,3163,34,11,7,16,32.4,20.6,47.1],[16,193,34,10,12,12,29.4,35.3,35.3],[17,207,34,10,7,17,29.4,20.6,50],[18,1612,34,9,6,19,26.5,17.6,55.9]];
var HomeBsHalf = [[1,209,17,9,5,3,52.9,29.4,17.6],[2,188,17,9,4,4,52.9,23.5,23.5],[3,181,17,9,4,4,52.9,23.5,23.5],[4,1547,17,8,0,9,47.1,0,52.9],[5,198,17,7,4,6,41.2,23.5,35.3],[6,1612,17,7,2,8,41.2,11.8,47.1],[7,190,17,7,1,9,41.2,5.9,52.9],[8,204,17,6,7,4,35.3,41.2,23.5],[9,1989,17,6,6,5,35.3,35.3,29.4],[10,3164,17,6,5,6,35.3,29.4,35.3],[11,201,17,6,3,8,35.3,17.6,47.1],[12,3163,17,6,3,8,35.3,17.6,47.1],[13,207,17,6,2,9,35.3,11.8,52.9],[14,193,17,5,8,4,29.4,47.1,23.5],[15,206,17,5,5,7,29.4,29.4,41.2],[16,3195,17,5,4,8,29.4,23.5,47.1],[17,196,17,5,4,8,29.4,23.5,47.1],[18,203,17,4,5,8,23.5,29.4,47.1]];
var GuestBsHalf = [[1,209,17,9,4,4,52.9,23.5,23.5],[2,196,17,9,2,6,52.9,11.8,35.3],[3,1547,17,9,2,6,52.9,11.8,35.3],[4,3195,17,8,4,5,47.1,23.5,29.4],[5,203,17,8,4,5,47.1,23.5,29.4],[6,3164,17,8,4,5,47.1,23.5,29.4],[7,181,17,8,2,7,47.1,11.8,41.2],[8,190,17,7,5,5,41.2,29.4,29.4],[9,201,17,7,5,5,41.2,29.4,29.4],[10,206,17,6,5,6,35.3,29.4,35.3],[11,204,17,6,3,8,35.3,17.6,47.1],[12,198,17,5,6,6,29.4,35.3,35.3],[13,1989,17,5,5,7,29.4,29.4,41.2],[14,3163,17,5,4,8,29.4,23.5,47.1],[15,188,17,5,4,8,29.4,23.5,47.1],[16,193,17,5,4,8,29.4,23.5,47.1],[17,207,17,4,5,8,23.5,29.4,47.1],[18,1612,17,2,4,11,11.8,23.5,64.7]];
var addUp = [276,45.1,10,1.6,326,53.3,[61.8,196],[73.5,3163],[70.6,1989],[76.5,181],[76.5,196],[76.5,3163]];
var addUpHalf = [232,37.9,144,23.5,236,38.6,[52.9,209],[55.9,1612],[52.9,209,188,181],[52.9,1547,190,207],[52.9,209,196,1547],[64.7,1612]];
var lastUpdateTime = '2025-01-18 11:49:49';
