var arrLeague = [12,'法国乙组联赛','法國乙組聯賽','France Ligue 2','2015-2016','#B1A7A7','league_match/images/1j5w0bknv81g.png','法乙','法乙','FRA D2'];
var arrTeam = [[194,'阿雅克肖','阿些斯奧','Ajaccio','','images/194/1h71ky6nm62v.png',0],[202,'朗斯','朗斯','Lens','','images/164871168519.png',0],[214,'梅斯','梅斯','Metz','','images/214/1h51a55zp72q.png',0],[215,'欧塞尔','歐塞爾','AJ Auxerre','','images/215/1h71ky6nmw2f.png',0],[267,'索肖','索察','Sochaux','','images/267/1hke8b1sjc2k.png',0],[301,'南锡','南錫','Nancy','','images/20181012141312.png',0],[306,'布雷斯特','比斯特','Stade Brestois','','images/164871188569.png',0],[313,'克莱蒙','克萊蒙特','Clermont','','images/164871190892.png',0],[320,'第戎','迪安','Dijon','','images/320/1hkgstjs2x20.png',0],[325,'尼奥特','尼奧特','Chamois Niortais','','images/20150714133215.png',0],[330,'拉瓦勒','拉瓦勒','Stade Lavallois MFC','','images/330/1h71kxn4191q.png',0],[335,'勒阿弗尔','勒哈費爾','Le Havre','','images/335/1hkgsvdrhc1c.png',0],[374,'基迪尔','基迪爾','Creteil','','images/374/1h8qpgk87x31.png',0],[1744,'尼姆','尼姆','Nimes','','images/1744/1h5btqtznf2r.png',0],[1796,'巴黎足球会','巴黎FC','Paris FC','','images/1796/1h56c0xwvqd.png',0],[2103,'图尔','杜亞斯','Tours','','images/2103/1jdxkkyk2j2v.png',0],[2104,'瓦朗谢纳','華倫西恩斯','Valenciennes','','images/2104/1h71kxn4hy7.png',0],[2105,'伊维恩','伊維恩','Evian Thonon Gaillard','','images/2105/1gq94fr0hjg.png',0],[7052,'普瑞兰斯','布爾格','Bourg Peronnas','','images/7052/1hg20g3srq2j.png',0],[12220,'红星','紅星','Red Star FC 93','','images/12220/1j3p925km716.png',0]];
var TotalBs = [[1,374,38,24,1,13,63.2,2.6,34.2],[2,313,38,22,2,14,57.9,5.3,36.8],[3,320,38,21,2,15,55.3,5.3,39.5],[4,7052,38,21,1,16,55.3,2.6,42.1],[5,214,38,20,5,13,52.6,13.2,34.2],[6,215,38,19,2,17,50,5.3,44.7],[7,1744,38,17,5,16,44.7,13.2,42.1],[8,335,38,17,5,16,44.7,13.2,42.1],[9,301,38,17,2,19,44.7,5.3,50],[10,2105,38,16,5,17,42.1,13.2,44.7],[11,1796,38,15,8,15,39.5,21.1,39.5],[12,2103,38,15,6,17,39.5,15.8,44.7],[13,325,38,14,9,15,36.8,23.7,39.5],[14,306,38,14,8,16,36.8,21.1,42.1],[15,194,38,13,10,15,34.2,26.3,39.5],[16,267,38,13,4,21,34.2,10.5,55.3],[17,2104,38,13,3,22,34.2,7.9,57.9],[18,330,38,12,6,20,31.6,15.8,52.6],[19,12220,38,12,5,21,31.6,13.2,55.3],[20,202,38,9,5,24,23.7,13.2,63.2]];
var HomeBs = [[1,7052,19,12,1,6,63.2,5.3,31.6],[2,313,19,11,1,7,57.9,5.3,36.8],[3,320,19,11,0,8,57.9,0,42.1],[4,215,19,10,2,7,52.6,10.5,36.8],[5,330,19,10,2,7,52.6,10.5,36.8],[6,214,19,10,2,7,52.6,10.5,36.8],[7,374,19,10,0,9,52.6,0,47.4],[8,301,19,9,0,10,47.4,0,52.6],[9,1744,19,8,5,6,42.1,26.3,31.6],[10,12220,19,8,4,7,42.1,21.1,36.8],[11,1796,19,7,4,8,36.8,21.1,42.1],[12,335,19,7,3,9,36.8,15.8,47.4],[13,325,19,7,3,9,36.8,15.8,47.4],[14,2105,19,7,2,10,36.8,10.5,52.6],[15,2103,19,7,2,10,36.8,10.5,52.6],[16,2104,19,7,1,11,36.8,5.3,57.9],[17,267,19,7,1,11,36.8,5.3,57.9],[18,194,19,6,5,8,31.6,26.3,42.1],[19,306,19,6,4,9,31.6,21.1,47.4],[20,202,19,2,5,12,10.5,26.3,63.2]];
var GuestBs = [[1,374,19,14,1,4,73.7,5.3,21.1],[2,313,19,11,1,7,57.9,5.3,36.8],[3,214,19,10,3,6,52.6,15.8,31.6],[4,335,19,10,2,7,52.6,10.5,36.8],[5,320,19,10,2,7,52.6,10.5,36.8],[6,2105,19,9,3,7,47.4,15.8,36.8],[7,1744,19,9,0,10,47.4,0,52.6],[8,215,19,9,0,10,47.4,0,52.6],[9,7052,19,9,0,10,47.4,0,52.6],[10,306,19,8,4,7,42.1,21.1,36.8],[11,1796,19,8,4,7,42.1,21.1,36.8],[12,2103,19,8,4,7,42.1,21.1,36.8],[13,301,19,8,2,9,42.1,10.5,47.4],[14,325,19,7,6,6,36.8,31.6,31.6],[15,194,19,7,5,7,36.8,26.3,36.8],[16,202,19,7,0,12,36.8,0,63.2],[17,267,19,6,3,10,31.6,15.8,52.6],[18,2104,19,6,2,11,31.6,10.5,57.9],[19,12220,19,4,1,14,21.1,5.3,73.7],[20,330,19,2,4,13,10.5,21.1,68.4]];
var TotalBsHalf = [[1,335,38,25,1,12,65.8,2.6,31.6],[2,306,38,25,0,13,65.8,0,34.2],[3,7052,37,24,4,9,64.9,10.8,24.3],[4,2105,38,24,0,14,63.2,0,36.8],[5,320,38,23,5,10,60.5,13.2,26.3],[6,214,37,23,4,10,62.2,10.8,27],[7,2104,38,23,2,13,60.5,5.3,34.2],[8,215,37,21,4,12,56.8,10.8,32.4],[9,2103,38,21,4,13,55.3,10.5,34.2],[10,194,37,21,1,15,56.8,2.7,40.5],[11,374,38,20,6,12,52.6,15.8,31.6],[12,1796,37,20,3,14,54.1,8.1,37.8],[13,202,38,20,4,14,52.6,10.5,36.8],[14,313,37,20,2,15,54.1,5.4,40.5],[15,301,37,19,3,15,51.4,8.1,40.5],[16,325,37,19,1,17,51.4,2.7,45.9],[17,330,38,18,2,18,47.4,5.3,47.4],[18,267,38,17,3,18,44.7,7.9,47.4],[19,12220,37,17,0,20,45.9,0,54.1],[20,1744,37,15,7,15,40.5,18.9,40.5]];
var HomeBsHalf = [[1,2105,19,13,0,6,68.4,0,31.6],[2,306,19,13,0,6,68.4,0,31.6],[3,2104,19,13,0,6,68.4,0,31.6],[4,202,19,12,2,5,63.2,10.5,26.3],[5,335,19,12,1,6,63.2,5.3,31.6],[6,330,19,12,1,6,63.2,5.3,31.6],[7,194,19,12,1,6,63.2,5.3,31.6],[8,320,19,11,4,4,57.9,21.1,21.1],[9,7052,19,11,3,5,57.9,15.8,26.3],[10,214,19,11,2,6,57.9,10.5,31.6],[11,215,19,11,1,7,57.9,5.3,36.8],[12,12220,19,10,0,9,52.6,0,47.4],[13,325,19,10,0,9,52.6,0,47.4],[14,301,19,9,2,8,47.4,10.5,42.1],[15,2103,19,9,2,8,47.4,10.5,42.1],[16,313,19,9,1,9,47.4,5.3,47.4],[17,1796,19,9,1,9,47.4,5.3,47.4],[18,374,19,8,3,8,42.1,15.8,42.1],[19,267,19,8,2,9,42.1,10.5,47.4],[20,1744,19,7,4,8,36.8,21.1,42.1]];
var GuestBsHalf = [[1,7052,18,13,1,4,72.2,5.6,22.2],[2,335,19,13,0,6,68.4,0,31.6],[3,374,19,12,3,4,63.2,15.8,21.1],[4,214,18,12,2,4,66.7,11.1,22.2],[5,2103,19,12,2,5,63.2,10.5,26.3],[6,320,19,12,1,6,63.2,5.3,31.6],[7,306,19,12,0,7,63.2,0,36.8],[8,1796,18,11,2,5,61.1,11.1,27.8],[9,313,18,11,1,6,61.1,5.6,33.3],[10,2105,19,11,0,8,57.9,0,42.1],[11,215,18,10,3,5,55.6,16.7,27.8],[12,301,18,10,1,7,55.6,5.6,38.9],[13,2104,19,10,2,7,52.6,10.5,36.8],[14,325,18,9,1,8,50,5.6,44.4],[15,194,18,9,0,9,50,0,50],[16,267,19,9,1,9,47.4,5.3,47.4],[17,1744,18,8,3,7,44.4,16.7,38.9],[18,202,19,8,2,9,42.1,10.5,47.4],[19,12220,18,7,0,11,38.9,0,61.1],[20,330,19,6,1,12,31.6,5.3,63.2]];
var addUp = [324,42.6,94,12.4,342,45,[63.2,374],[63.2,202],[63.2,7052],[63.2,202],[73.7,374],[73.7,12220]];
var addUpHalf = [415,55.3,56,7.5,279,37.2,[65.8,335,306],[54.1,12220],[68.4,2105,306,2104],[47.4,12220,325,313,1796,267],[72.2,7052],[63.2,330]];
var lastUpdateTime = '2025-01-19 16:30:17';
