var arrLeague = [60,'中国超级联赛','中國超級聯賽','Chinese Super League','2014','#0066FF','league_match/images/166674992094.png','中超','中超','CHA CSL'];
var arrTeam = [[39,'上海申花','上海申花','Shanghai Shenhua','','images/39/1gy3vjsrhn1p.png',0],[40,'山东泰山','山東泰山','Shandong Taishan','','images/1kja2fh2n4b.png',0],[41,'辽宁沈阳宏运','遼寧宏運','Liaoning FC','','images/20180921121329.png',0],[43,'北京国安','北京國安','Beijing Guoan','','images/1jr565tbs5z.png',0],[89,'天津津门虎','天津津門虎','Tianjin Tigers','','images/89/1gy3vkgfwn2t.png',0],[528,'长春亚泰','長春亞泰','Changchun Yatai','','images/1jr56ftb35z.png',0],[535,'广州队','廣州隊','Guangzhou FC','','images/535/1hy4p3apdsh.png',0],[541,'河南队','河南隊','Henan Football Club','','images/1kja29fa4f1x.png',0],[542,'浙江俱乐部绿城','浙江俱樂部綠城','Zhejiang Professional FC','','images/542/1h8qpaemwc10.png',0],[543,'江苏苏宁易购','江蘇蘇寧','Jiangsu Suning FC','','images/20180921195311.png',0],[3969,'北京人和','北京人和','Beijing Renhe','','images/20180921194257.png',0],[4050,'上海申鑫','上海申鑫','Shanghai Shenxin','','images/2013322175805.png',0],[7642,'上海海港','上海海港','Shanghai Port','','images/7642/1h8n2nv7tw23.png',0],[13969,'大连人','大連人','Dalian Pro','','images/20200123150128.png',0],[16668,'广州城','廣州城','Guangzhou City','','images/165371552931.png',0],[16952,'绍兴柯桥越甲','紹興柯橋越甲','Shaoxing Keqiao Yuejia','','images/2013323201436.png',0]];
var TotalPanLu = [[1,16668,30,23,2,5,19,0,11,8,63.3,0,36.7],[2,39,30,10,1,19,17,2,11,6,56.7,6.7,36.7],[3,43,30,26,2,2,17,1,12,5,56.7,3.3,40],[4,89,30,12,1,17,16,1,13,3,53.3,3.3,43.3],[5,541,30,8,2,20,16,1,13,3,53.3,3.3,43.3],[6,7642,30,13,3,14,15,5,10,5,50,16.7,33.3],[7,4050,30,8,1,21,15,1,14,1,50,3.3,46.7],[8,3969,30,15,3,12,14,2,14,0,46.7,6.7,46.7],[9,41,30,10,1,19,14,2,14,0,46.7,6.7,46.7],[10,535,30,30,0,0,14,2,14,0,46.7,6.7,46.7],[11,40,30,23,2,5,13,1,16,-3,43.3,3.3,53.3],[12,543,30,14,4,12,12,2,16,-4,40,6.7,53.3],[13,528,30,10,1,19,12,1,17,-5,40,3.3,56.7],[14,16952,30,3,2,25,11,3,16,-5,36.7,10,53.3],[15,13969,30,12,0,18,11,1,18,-7,36.7,3.3,60],[16,542,30,10,1,19,11,1,18,-7,36.7,3.3,60]];
var HomePanLu = [[1,43,15,14,0,1,9,1,5,4,60,6.7,33.3],[2,16668,15,13,1,1,9,0,6,3,60,0,40],[3,39,15,9,1,5,8,2,5,3,53.3,13.3,33.3],[4,16952,15,3,2,10,7,2,6,1,46.7,13.3,40],[5,3969,15,11,1,3,7,1,7,0,46.7,6.7,46.7],[6,535,15,15,0,0,7,0,8,-1,46.7,0,53.3],[7,541,15,8,2,5,7,0,8,-1,46.7,0,53.3],[8,40,15,13,0,2,7,0,8,-1,46.7,0,53.3],[9,7642,15,11,2,2,6,4,5,1,40,26.7,33.3],[10,41,15,10,0,5,6,0,9,-3,40,0,60],[11,4050,15,8,1,6,5,1,9,-4,33.3,6.7,60],[12,543,15,10,1,4,5,1,9,-4,33.3,6.7,60],[13,528,15,9,1,5,5,0,10,-5,33.3,0,66.7],[14,542,15,9,1,5,5,0,10,-5,33.3,0,66.7],[15,89,15,12,0,3,5,0,10,-5,33.3,0,66.7],[16,13969,15,11,0,4,4,1,10,-6,26.7,6.7,66.7]];
var GuestPanLu = [[1,89,15,0,1,14,11,1,3,8,73.3,6.7,20],[2,16668,15,10,1,4,10,0,5,5,66.7,0,33.3],[3,4050,15,0,0,15,10,0,5,5,66.7,0,33.3],[4,7642,15,2,1,12,9,1,5,4,60,6.7,33.3],[5,541,15,0,0,15,9,1,5,4,60,6.7,33.3],[6,39,15,1,0,14,9,0,6,3,60,0,40],[7,41,15,0,1,14,8,2,5,3,53.3,13.3,33.3],[8,43,15,12,2,1,8,0,7,1,53.3,0,46.7],[9,535,15,15,0,0,7,2,6,1,46.7,13.3,40],[10,528,15,1,0,14,7,1,7,0,46.7,6.7,46.7],[11,543,15,4,3,8,7,1,7,0,46.7,6.7,46.7],[12,3969,15,4,2,9,7,1,7,0,46.7,6.7,46.7],[13,13969,15,1,0,14,7,0,8,-1,46.7,0,53.3],[14,40,15,10,2,3,6,1,8,-2,40,6.7,53.3],[15,542,15,1,0,14,6,1,8,-2,40,6.7,53.3],[16,16952,15,0,0,15,4,1,10,-6,26.7,6.7,66.7]];
var TotalHalfPanLu = [[1,541,30,2,3,2,20,1,9,11,66.7,3.3,30],[2,4050,30,0,3,4,16,5,9,7,53.3,16.7,30],[3,41,30,2,1,4,15,4,11,4,50,13.3,36.7],[4,40,30,4,2,1,15,3,12,3,50,10,40],[5,542,30,1,2,4,14,6,10,4,46.7,20,33.3],[6,7642,30,2,3,2,14,4,12,2,46.7,13.3,40],[7,528,30,3,2,2,14,3,13,1,46.7,10,43.3],[8,89,30,2,3,2,14,2,14,0,46.7,6.7,46.7],[9,16668,30,4,1,2,14,0,16,-2,46.7,0,53.3],[10,16952,30,1,2,5,13,3,14,-1,43.3,10,46.7],[11,43,30,6,0,1,12,4,14,-2,40,13.3,46.7],[12,543,30,0,4,4,11,5,14,-3,36.7,16.7,46.7],[13,39,30,1,4,2,11,4,15,-4,36.7,13.3,50],[14,13969,30,2,2,3,11,3,16,-5,36.7,10,53.3],[15,535,30,7,0,0,11,1,18,-7,36.7,3.3,60],[16,3969,30,3,2,2,8,6,16,-8,26.7,20,53.3]];
var HomeHalfPanLu = [[1,541,15,2,1,0,10,1,4,6,66.7,6.7,26.7],[2,43,15,3,0,0,8,0,7,1,53.3,0,46.7],[3,40,15,3,0,1,8,0,7,1,53.3,0,46.7],[4,16668,15,3,0,1,8,0,7,1,53.3,0,46.7],[5,4050,15,0,3,0,7,4,4,3,46.7,26.7,26.7],[6,39,15,1,2,0,7,2,6,1,46.7,13.3,40],[7,7642,15,1,2,1,7,2,6,1,46.7,13.3,40],[8,542,15,1,1,1,6,4,5,1,40,26.7,33.3],[9,41,15,2,1,1,6,3,6,0,40,20,40],[10,16952,15,1,2,1,6,3,6,0,40,20,40],[11,528,15,3,0,0,5,2,8,-3,33.3,13.3,53.3],[12,3969,15,3,1,1,5,2,8,-3,33.3,13.3,53.3],[13,13969,15,2,0,1,5,2,8,-3,33.3,13.3,53.3],[14,543,15,0,2,2,5,1,9,-4,33.3,6.7,60],[15,535,15,3,0,0,4,1,10,-6,26.7,6.7,66.7],[16,89,15,2,2,0,4,0,11,-7,26.7,0,73.3]];
var GuestHalfPanLu = [[1,89,15,0,1,2,10,2,3,7,66.7,13.3,20],[2,541,15,0,2,2,10,0,5,5,66.7,0,33.3],[3,528,15,0,2,2,9,1,5,4,60,6.7,33.3],[4,41,15,0,0,3,9,1,5,4,60,6.7,33.3],[5,4050,15,0,0,4,9,1,5,4,60,6.7,33.3],[6,542,15,0,1,3,8,2,5,3,53.3,13.3,33.3],[7,40,15,1,2,0,7,3,5,2,46.7,20,33.3],[8,7642,15,1,1,1,7,2,6,1,46.7,13.3,40],[9,16952,15,0,0,4,7,0,8,-1,46.7,0,53.3],[10,535,15,4,0,0,7,0,8,-1,46.7,0,53.3],[11,543,15,0,2,2,6,4,5,1,40,26.7,33.3],[12,13969,15,0,2,2,6,1,8,-2,40,6.7,53.3],[13,16668,15,1,1,1,6,0,9,-3,40,0,60],[14,43,15,3,0,1,4,4,7,-3,26.7,26.7,46.7],[15,39,15,0,2,2,4,2,9,-5,26.7,13.3,60],[16,3969,15,0,1,1,3,4,8,-5,20,26.7,53.3]];
var addUp = [102,42.5,13,5.4,125,52.1,[63.3,16668],[60,13969,542],[60,43,16668],[66.7,528,542,89,13969],[73.3,89],[66.7,16952],[16.7,7642],[0,16668]];
var addUpHalf = [101,42.1,27,11.2,112,46.7,[66.7,541],[60,535],[66.7,541],[73.3,89],[66.7,89,541],[60,16668,39],[20,542,3969],[0,16668]];
var lastUpdateTime = '2026-04-07 16:54:19';
