var arrLeague = [60,'中国超级联赛','中國超級聯賽','Chinese Super League','2014','#0066FF','league_match/images/166674992094.png','中超','中超','CHA CSL'];
var arrTeam = [[39,'上海申花','上海申花','Shanghai Shenhua','','images/39/1gy3vjsrhn1p.png',0],[40,'山东泰山','山東泰山','Shandong Taishan','','images/1kja2fh2n4b.png',0],[41,'辽宁沈阳宏运','遼寧宏運','Liaoning FC','','images/20180921121329.png',0],[43,'北京国安','北京國安','Beijing Guoan','','images/1jr565tbs5z.png',0],[89,'天津津门虎','天津津門虎','Tianjin Tigers','','images/89/1gy3vkgfwn2t.png',0],[528,'长春亚泰','長春亞泰','Changchun Yatai','','images/1jr56ftb35z.png',0],[535,'广州队','廣州隊','Guangzhou FC','','images/535/1hy4p3apdsh.png',0],[541,'河南队','河南隊','Henan Football Club','','images/1kja29fa4f1x.png',0],[542,'浙江俱乐部绿城','浙江俱樂部綠城','Zhejiang Professional FC','','images/542/1h8qpaemwc10.png',0],[543,'江苏苏宁易购','江蘇蘇寧','Jiangsu Suning FC','','images/20180921195311.png',0],[3969,'北京人和','北京人和','Beijing Renhe','','images/20180921194257.png',0],[4050,'上海申鑫','上海申鑫','Shanghai Shenxin','','images/2013322175805.png',0],[7642,'上海海港','上海海港','Shanghai Port','','images/7642/1h8n2nv7tw23.png',0],[13969,'大连人','大連人','Dalian Pro','','images/20200123150128.png',0],[16668,'广州城','廣州城','Guangzhou City','','images/165371552931.png',0],[16952,'绍兴柯桥越甲','紹興柯橋越甲','Shaoxing Keqiao Yuejia','','images/2013323201436.png',0]];
var TotalBs = [[1,542,30,22,0,8,73.3,0,26.7],[2,16668,30,20,1,9,66.7,3.3,30],[3,16952,30,17,0,13,56.7,0,43.3],[4,535,30,17,0,13,56.7,0,43.3],[5,43,30,16,0,14,53.3,0,46.7],[6,89,30,16,0,14,53.3,0,46.7],[7,41,30,15,1,14,50,3.3,46.7],[8,543,30,15,0,15,50,0,50],[9,541,30,14,0,16,46.7,0,53.3],[10,7642,30,14,0,16,46.7,0,53.3],[11,13969,30,13,1,16,43.3,3.3,53.3],[12,528,30,13,1,16,43.3,3.3,53.3],[13,40,30,13,0,17,43.3,0,56.7],[14,3969,30,13,0,17,43.3,0,56.7],[15,4050,30,12,0,18,40,0,60],[16,39,30,12,0,18,40,0,60]];
var HomeBs = [[1,16668,15,11,1,3,73.3,6.7,20],[2,542,15,10,0,5,66.7,0,33.3],[3,89,15,9,0,6,60,0,40],[4,41,15,8,0,7,53.3,0,46.7],[5,13969,15,8,0,7,53.3,0,46.7],[6,40,15,8,0,7,53.3,0,46.7],[7,16952,15,8,0,7,53.3,0,46.7],[8,535,15,8,0,7,53.3,0,46.7],[9,541,15,8,0,7,53.3,0,46.7],[10,543,15,7,0,8,46.7,0,53.3],[11,7642,15,7,0,8,46.7,0,53.3],[12,39,15,7,0,8,46.7,0,53.3],[13,528,15,6,1,8,40,6.7,53.3],[14,3969,15,6,0,9,40,0,60],[15,43,15,6,0,9,40,0,60],[16,4050,15,4,0,11,26.7,0,73.3]];
var GuestBs = [[1,542,15,12,0,3,80,0,20],[2,43,15,10,0,5,66.7,0,33.3],[3,16952,15,9,0,6,60,0,40],[4,535,15,9,0,6,60,0,40],[5,16668,15,9,0,6,60,0,40],[6,4050,15,8,0,7,53.3,0,46.7],[7,543,15,8,0,7,53.3,0,46.7],[8,41,15,7,1,7,46.7,6.7,46.7],[9,7642,15,7,0,8,46.7,0,53.3],[10,89,15,7,0,8,46.7,0,53.3],[11,3969,15,7,0,8,46.7,0,53.3],[12,528,15,7,0,8,46.7,0,53.3],[13,541,15,6,0,9,40,0,60],[14,13969,15,5,1,9,33.3,6.7,60],[15,40,15,5,0,10,33.3,0,66.7],[16,39,15,5,0,10,33.3,0,66.7]];
var TotalBsHalf = [[1,528,29,17,4,8,58.6,13.8,27.6],[2,89,30,17,4,9,56.7,13.3,30],[3,41,30,16,5,9,53.3,16.7,30],[4,16668,29,15,5,9,51.7,17.2,31],[5,542,30,15,4,11,50,13.3,36.7],[6,39,29,14,5,10,48.3,17.2,34.5],[7,535,29,14,0,15,48.3,0,51.7],[8,16952,28,13,8,7,46.4,28.6,25],[9,13969,29,13,5,11,44.8,17.2,37.9],[10,7642,29,12,9,8,41.4,31,27.6],[11,40,30,12,7,11,40,23.3,36.7],[12,543,30,11,10,9,36.7,33.3,30],[13,3969,30,10,6,14,33.3,20,46.7],[14,4050,30,10,5,15,33.3,16.7,50],[15,541,29,9,9,11,31,31,37.9],[16,43,30,9,8,13,30,26.7,43.3]];
var HomeBsHalf = [[1,528,15,10,0,5,66.7,0,33.3],[2,16952,15,9,3,3,60,20,20],[3,41,15,9,1,5,60,6.7,33.3],[4,89,15,8,4,3,53.3,26.7,20],[5,40,15,8,3,4,53.3,20,26.7],[6,13969,15,8,2,5,53.3,13.3,33.3],[7,16668,15,8,2,5,53.3,13.3,33.3],[8,543,15,6,6,3,40,40,20],[9,7642,15,6,4,5,40,26.7,33.3],[10,39,15,6,3,6,40,20,40],[11,541,15,5,6,4,33.3,40,26.7],[12,4050,15,5,4,6,33.3,26.7,40],[13,3969,15,5,3,7,33.3,20,46.7],[14,542,15,5,2,8,33.3,13.3,53.3],[15,535,15,4,0,11,26.7,0,73.3],[16,43,15,3,5,7,20,33.3,46.7]];
var GuestBsHalf = [[1,542,15,10,2,3,66.7,13.3,20],[2,535,14,10,0,4,71.4,0,28.6],[3,89,15,9,0,6,60,0,40],[4,39,14,8,2,4,57.1,14.3,28.6],[5,528,14,7,4,3,50,28.6,21.4],[6,16668,14,7,3,4,50,21.4,28.6],[7,41,15,7,4,4,46.7,26.7,26.7],[8,7642,14,6,5,3,42.9,35.7,21.4],[9,43,15,6,3,6,40,20,40],[10,543,15,5,4,6,33.3,26.7,40],[11,13969,14,5,3,6,35.7,21.4,42.9],[12,3969,15,5,3,7,33.3,20,46.7],[13,4050,15,5,1,9,33.3,6.7,60],[14,16952,13,4,5,4,30.8,38.5,30.8],[15,40,15,4,4,7,26.7,26.7,46.7],[16,541,14,4,3,7,28.6,21.4,50]];
var addUp = [242,50.4,4,0.8,234,48.8,[73.3,542],[60,4050,39],[73.3,16668],[73.3,4050],[80,542],[66.7,40,39]];
var addUpHalf = [207,43.9,94,20,170,36.1,[58.6,528],[51.7,535],[66.7,528],[73.3,535],[71.4,535],[60,4050]];
var lastUpdateTime = '2026-04-07 16:54:33';
