var arrLeague = [9,'德国乙组联赛','德國乙組聯賽','German Bundesliga 2','2015-2016','#CA00CA','league_match/images/20181221085736.png','德乙','德乙','GER D2'];
var arrTeam = [[90,'比勒菲尔德','比勒費爾德','Arminia Bielefeld','','images/164870990786.png',0],[95,'波鸿','波琴','VfL Bochum','','images/164870992655.png',0],[136,'纽伦堡','紐倫堡','Nurnberg','','images/2013119145001.jpg',0],[172,'弗赖堡','費雷堡','SC Freiburg','','images/164871154089.png',0],[175,'凯泽斯劳滕','凱沙羅頓','Kaiserslautern','','images/201312095551.jpg',0],[403,'慕尼黑1860','慕尼黑1860','TSV 1860 Munchen','','images/201312095748.jpg',0],[423,'法兰克福','法蘭克福','Eintracht Frankfurt','','images/164871155563.png',0],[458,'菲尔特','格雷特霍夫','Greuther Furth','','images/16487115697.png',0],[487,'卡尔斯鲁厄','卡斯魯厄','Karlsruher SC','','images/2013120111953.jpg',0],[493,'杜伊斯堡','杜伊斯堡','MSV Duisburg','','images/20180921192243.jpg',0],[1085,'圣保利','聖保利','St. Pauli','','images/20180921185751.jpg',0],[1087,'柏林联合','柏林聯','Union Berlin','','images/164871161365.png',0],[1116,'布伦瑞克','布倫斯維克','Eintracht Braunschweig','','images/2013120103227.jpg',0],[1344,'杜塞尔多夫','杜斯多夫','Fortuna Dusseldorf','','images/201312093635.jpg',0],[1720,'帕德博恩','柏德博恩','SC Paderborn 07','','images/20180921192806.jpg',0],[4449,'桑德豪森','辛特侯遜','SV Sandhausen','','images/2013120104323.jpg',0],[6021,'FSV法兰克福','FSV法蘭克福','FSV Frankfurt','','images/2013120104456.jpg',0],[6073,'维尔茨堡踢球者','禾斯貝加踢球者','Wurzburger Kickers','','images/20160925211401.jpg',0],[8371,'海登海姆','海登海默','Heidenheimer','','images/2013120120906.jpg',0],[13201,'RB莱比锡','RB萊比錫','RB Leipzig','','images/164871164178.png',0]];
var TotalBs = [[1,136,36,23,0,13,63.9,0,36.1],[2,172,34,21,1,12,61.8,2.9,35.3],[3,1087,34,20,1,13,58.8,2.9,38.2],[4,458,34,20,0,14,58.8,0,41.2],[5,6021,34,18,0,16,52.9,0,47.1],[6,493,36,17,0,19,47.2,0,52.8],[7,95,34,16,0,18,47.1,0,52.9],[8,175,34,16,0,18,47.1,0,52.9],[9,1116,34,15,0,19,44.1,0,55.9],[10,1344,34,15,0,19,44.1,0,55.9],[11,13201,34,15,0,19,44.1,0,55.9],[12,4449,34,14,0,20,41.2,0,58.8],[13,8371,34,13,0,21,38.2,0,61.8],[14,1720,34,13,0,21,38.2,0,61.8],[15,403,34,13,0,21,38.2,0,61.8],[16,90,34,13,0,21,38.2,0,61.8],[17,487,34,13,0,21,38.2,0,61.8],[18,1085,34,12,0,22,35.3,0,64.7],[19,6073,2,1,0,1,50,0,50],[20,423,2,0,0,2,0,0,100]];
var HomeBs = [[1,6021,17,13,0,4,76.5,0,23.5],[2,172,17,13,0,4,76.5,0,23.5],[3,136,18,11,0,7,61.1,0,38.9],[4,1087,17,9,1,7,52.9,5.9,41.2],[5,95,17,9,0,8,52.9,0,47.1],[6,13201,17,9,0,8,52.9,0,47.1],[7,458,17,9,0,8,52.9,0,47.1],[8,493,18,9,0,9,50,0,50],[9,1085,17,8,0,9,47.1,0,52.9],[10,8371,17,8,0,9,47.1,0,52.9],[11,487,17,7,0,10,41.2,0,58.8],[12,1344,17,7,0,10,41.2,0,58.8],[13,1116,17,6,0,11,35.3,0,64.7],[14,175,17,6,0,11,35.3,0,64.7],[15,1720,17,6,0,11,35.3,0,64.7],[16,90,17,5,0,12,29.4,0,70.6],[17,4449,17,5,0,12,29.4,0,70.6],[18,403,17,4,0,13,23.5,0,76.5],[19,423,1,0,0,1,0,0,100],[20,6073,1,0,0,1,0,0,100]];
var GuestBs = [[1,136,18,12,0,6,66.7,0,33.3],[2,1087,17,11,0,6,64.7,0,35.3],[3,458,17,11,0,6,64.7,0,35.3],[4,175,17,10,0,7,58.8,0,41.2],[5,1116,17,9,0,8,52.9,0,47.1],[6,4449,17,9,0,8,52.9,0,47.1],[7,403,17,9,0,8,52.9,0,47.1],[8,172,17,8,1,8,47.1,5.9,47.1],[9,1344,17,8,0,9,47.1,0,52.9],[10,90,17,8,0,9,47.1,0,52.9],[11,493,18,8,0,10,44.4,0,55.6],[12,1720,17,7,0,10,41.2,0,58.8],[13,95,17,7,0,10,41.2,0,58.8],[14,487,17,6,0,11,35.3,0,64.7],[15,13201,17,6,0,11,35.3,0,64.7],[16,6021,17,5,0,12,29.4,0,70.6],[17,8371,17,5,0,12,29.4,0,70.6],[18,1085,17,4,0,13,23.5,0,76.5],[19,6073,1,1,0,0,100,0,0],[20,423,1,0,0,1,0,0,100]];
var TotalBsHalf = [[1,1087,34,15,11,8,44.1,32.4,23.5],[2,4449,33,15,4,14,45.5,12.1,42.4],[3,458,34,13,14,7,38.2,41.2,20.6],[4,172,33,13,10,10,39.4,30.3,30.3],[5,95,33,13,8,12,39.4,24.2,36.4],[6,1085,34,13,7,14,38.2,20.6,41.2],[7,175,33,12,13,8,36.4,39.4,24.2],[8,487,34,12,5,17,35.3,14.7,50],[9,136,36,11,13,12,30.6,36.1,33.3],[10,1720,34,11,10,13,32.4,29.4,38.2],[11,90,33,11,8,14,33.3,24.2,42.4],[12,1116,34,11,9,14,32.4,26.5,41.2],[13,8371,34,10,12,12,29.4,35.3,35.3],[14,403,33,10,11,12,30.3,33.3,36.4],[15,6021,34,10,11,13,29.4,32.4,38.2],[16,13201,33,10,9,14,30.3,27.3,42.4],[17,1344,33,9,11,13,27.3,33.3,39.4],[18,493,36,9,7,20,25,19.4,55.6],[19,6073,1,1,0,0,100,0,0],[20,423,1,0,1,0,0,100,0]];
var HomeBsHalf = [[1,172,17,9,5,3,52.9,29.4,17.6],[2,95,17,9,4,4,52.9,23.5,23.5],[3,1085,17,8,3,6,47.1,17.6,35.3],[4,1087,17,7,6,4,41.2,35.3,23.5],[5,6021,17,7,4,6,41.2,23.5,35.3],[6,4449,17,7,3,7,41.2,17.6,41.2],[7,458,17,6,6,5,35.3,35.3,29.4],[8,8371,17,6,5,6,35.3,29.4,35.3],[9,13201,17,6,5,6,35.3,29.4,35.3],[10,1116,17,6,3,8,35.3,17.6,47.1],[11,90,17,6,2,9,35.3,11.8,52.9],[12,403,17,5,6,6,29.4,35.3,35.3],[13,1344,17,4,7,6,23.5,41.2,35.3],[14,175,17,4,6,7,23.5,35.3,41.2],[15,136,18,4,6,8,22.2,33.3,44.4],[16,493,18,4,5,9,22.2,27.8,50],[17,487,17,4,4,9,23.5,23.5,52.9],[18,1720,17,3,6,8,17.6,35.3,47.1],[19,6073,1,1,0,0,100,0,0],[20,423,1,0,1,0,0,100,0]];
var GuestBsHalf = [[1,175,16,8,7,1,50,43.8,6.2],[2,1087,17,8,5,4,47.1,29.4,23.5],[3,1720,17,8,4,5,47.1,23.5,29.4],[4,4449,16,8,1,7,50,6.2,43.8],[5,487,17,8,1,8,47.1,5.9,47.1],[6,458,17,7,8,2,41.2,47.1,11.8],[7,136,18,7,7,4,38.9,38.9,22.2],[8,90,16,5,6,5,31.2,37.5,31.2],[9,1116,17,5,6,6,29.4,35.3,35.3],[10,403,16,5,5,6,31.2,31.2,37.5],[11,1344,16,5,4,7,31.2,25,43.8],[12,1085,17,5,4,8,29.4,23.5,47.1],[13,493,18,5,2,11,27.8,11.1,61.1],[14,8371,17,4,7,6,23.5,41.2,35.3],[15,172,16,4,5,7,25,31.2,43.8],[16,95,16,4,4,8,25,25,50],[17,13201,16,4,4,8,25,25,50],[18,6021,17,3,7,7,17.6,41.2,41.2],[19,423,0,0,0,0,0,0,0],[20,6073,0,0,0,0,0,0,0]];
var addUp = [288,46.5,2,0.3,330,53.2,[63.9,136],[100,423],[76.5,6021,172],[100,423,6073],[100,6073],[100,423]];
var addUpHalf = [209,34.3,174,28.5,227,37.2,[100,6073],[55.6,493],[100,6073],[52.9,90,487],[50,175,4449],[61.1,493]];
var lastUpdateTime = '2025-01-19 16:30:17';
