var arrLeague = [26,'瑞典超级联赛','瑞典超級聯賽','Swedish Allsvenskan','2012','#004488','league_match/images/20200420031221.jpg','瑞典超','瑞典超','SWE D1'];
var arrTeam = [[400,'索尔纳','AIK蘇納','AIK Solna','','images/400/1h8asp945qp.png',0],[404,'赫尔辛堡','希爾星堡','Helsingborg','','images/404/1h4yn3a5rr27.png',0],[406,'松兹瓦尔','辛斯華爾','GIF Sundsvall','','images/406/1h8fzp9tbvz.png',0],[408,'马尔默','馬模','Malmo FF','','images/408/1hptap45j3v.png',0],[413,'哥德堡','哥登堡','IFK Goteborg','','images/413/1hg209brnt23.png',0],[417,'埃尔夫斯堡','艾夫斯堡','Elfsborg','','images/417/1h8wtxnzmc2g.png',0],[419,'奥雷布洛','奧雷布洛','Orebro','','images/419/1htbmr8n137.png',0],[421,'尤尔加登','佐加頓斯','Djurgardens','','images/421/1gv1yreqw82.png',0],[426,'卡尔马','卡馬亞','Kalmar','','images/426/1h6wfe05rcg.png',0],[1518,'赫根','赫根','Hacken','','images/1518/1h53w2zt69f.png',0],[1519,'耶夫勒','加費萊','Gefle IF','','images/1519/1h8wtya6e20.png',0],[1521,'阿特维达堡','阿維達貝治','Atvidabergs','','images/1521/1htbncf8zd1f.png',0],[1522,'哥德堡盖斯','加爾斯','GAIS','','images/1522/1h8wtya6esp.png',0],[2091,'米亚尔比','米贊比','Mjallby AIF','','images/2091/1h8fzp9swxp.png',0],[2165,'北雪平','諾高平','IFK Norrkoping FK','','images/2165/1ht6ehmpr52t.png',0],[3178,'西里安斯卡FC','西里安斯卡','Syrianska FC','','images/3178/1gxmc6aw7h2a.png',0]];
var TotalPanLu = [[1,1518,30,19,5,6,18,1,11,7,60,3.3,36.7],[2,2165,30,10,2,18,18,1,11,7,60,3.3,36.7],[3,408,30,25,2,3,17,1,12,5,56.7,3.3,40],[4,400,30,21,4,5,17,0,13,4,56.7,0,43.3],[5,2091,30,9,3,18,16,0,14,2,53.3,0,46.7],[6,417,30,24,3,3,15,2,13,2,50,6.7,43.3],[7,419,30,6,1,23,15,1,14,1,50,3.3,46.7],[8,421,30,10,8,12,14,3,13,1,46.7,10,43.3],[9,1521,30,7,4,19,14,3,13,1,46.7,10,43.3],[10,1519,30,7,3,20,14,2,14,0,46.7,6.7,46.7],[11,406,30,7,4,19,14,2,14,0,46.7,6.7,46.7],[12,404,30,23,2,5,14,1,15,-1,46.7,3.3,50],[13,3178,30,6,3,21,13,3,14,-1,43.3,10,46.7],[14,426,30,12,3,15,13,1,16,-3,43.3,3.3,53.3],[15,413,30,17,7,6,8,5,17,-9,26.7,16.7,56.7],[16,1522,30,8,4,18,6,2,22,-16,20,6.7,73.3]];
var HomePanLu = [[1,408,15,15,0,0,9,1,5,4,60,6.7,33.3],[2,417,15,15,0,0,9,1,5,4,60,6.7,33.3],[3,2165,15,9,2,4,8,1,6,2,53.3,6.7,40],[4,1518,15,13,2,0,8,0,7,1,53.3,0,46.7],[5,404,15,15,0,0,7,1,7,0,46.7,6.7,46.7],[6,400,15,14,1,0,7,0,8,-1,46.7,0,53.3],[7,1521,15,7,3,5,7,0,8,-1,46.7,0,53.3],[8,2091,15,9,2,4,7,0,8,-1,46.7,0,53.3],[9,426,15,12,0,3,6,0,9,-3,40,0,60],[10,419,15,6,1,8,5,1,9,-4,33.3,6.7,60],[11,421,15,9,4,2,5,1,9,-4,33.3,6.7,60],[12,406,15,7,3,5,5,1,9,-4,33.3,6.7,60],[13,3178,15,6,2,7,5,1,9,-4,33.3,6.7,60],[14,413,15,12,3,0,4,3,8,-4,26.7,20,53.3],[15,1519,15,6,3,6,4,2,9,-5,26.7,13.3,60],[16,1522,15,6,3,6,3,1,11,-8,20,6.7,73.3]];
var GuestPanLu = [[1,1518,15,6,3,6,10,1,4,6,66.7,6.7,26.7],[2,1519,15,1,0,14,10,0,5,5,66.7,0,33.3],[3,400,15,7,3,5,10,0,5,5,66.7,0,33.3],[4,419,15,0,0,15,10,0,5,5,66.7,0,33.3],[5,2165,15,1,0,14,10,0,5,5,66.7,0,33.3],[6,421,15,1,4,10,9,2,4,5,60,13.3,26.7],[7,406,15,0,1,14,9,1,5,4,60,6.7,33.3],[8,2091,15,0,1,14,9,0,6,3,60,0,40],[9,3178,15,0,1,14,8,2,5,3,53.3,13.3,33.3],[10,408,15,10,2,3,8,0,7,1,53.3,0,46.7],[11,1521,15,0,1,14,7,3,5,2,46.7,20,33.3],[12,426,15,0,3,12,7,1,7,0,46.7,6.7,46.7],[13,404,15,8,2,5,7,0,8,-1,46.7,0,53.3],[14,417,15,9,3,3,6,1,8,-2,40,6.7,53.3],[15,413,15,5,4,6,4,2,9,-5,26.7,13.3,60],[16,1522,15,2,1,12,3,1,11,-8,20,6.7,73.3]];
var TotalHalfPanLu = [[1,417,30,0,0,0,19,2,9,10,63.3,6.7,30],[2,406,30,0,0,0,17,4,9,8,56.7,13.3,30],[3,419,30,0,0,0,17,1,12,5,56.7,3.3,40],[4,426,30,0,0,0,16,2,12,4,53.3,6.7,40],[5,2165,30,0,0,0,15,2,13,2,50,6.7,43.3],[6,1518,30,0,0,0,15,1,14,1,50,3.3,46.7],[7,1521,30,0,0,0,14,6,10,4,46.7,20,33.3],[8,400,30,0,0,0,13,5,12,1,43.3,16.7,40],[9,404,30,0,0,0,13,3,14,-1,43.3,10,46.7],[10,1519,30,0,0,0,12,4,14,-2,40,13.3,46.7],[11,2091,30,0,0,0,12,3,15,-3,40,10,50],[12,3178,30,0,0,0,12,1,17,-5,40,3.3,56.7],[13,408,30,0,0,0,12,1,17,-5,40,3.3,56.7],[14,1522,30,0,0,0,11,4,15,-4,36.7,13.3,50],[15,413,30,0,0,0,9,5,16,-7,30,16.7,53.3],[16,421,30,0,0,0,8,6,16,-8,26.7,20,53.3]];
var HomeHalfPanLu = [[1,417,15,0,0,0,9,0,6,3,60,0,40],[2,406,15,0,0,0,8,2,5,3,53.3,13.3,33.3],[3,426,15,0,0,0,8,0,7,1,53.3,0,46.7],[4,1518,15,0,0,0,8,0,7,1,53.3,0,46.7],[5,419,15,0,0,0,7,1,7,0,46.7,6.7,46.7],[6,404,15,0,0,0,7,1,7,0,46.7,6.7,46.7],[7,413,15,0,0,0,7,1,7,0,46.7,6.7,46.7],[8,1521,15,0,0,0,6,6,3,3,40,40,20],[9,2165,15,0,0,0,6,1,8,-2,40,6.7,53.3],[10,400,15,0,0,0,6,1,8,-2,40,6.7,53.3],[11,408,15,0,0,0,6,0,9,-3,40,0,60],[12,1522,15,0,0,0,5,2,8,-3,33.3,13.3,53.3],[13,3178,15,0,0,0,5,1,9,-4,33.3,6.7,60],[14,1519,15,0,0,0,4,4,7,-3,26.7,26.7,46.7],[15,2091,15,0,0,0,4,2,9,-5,26.7,13.3,60],[16,421,15,0,0,0,3,3,9,-6,20,20,60]];
var GuestHalfPanLu = [[1,417,15,0,0,0,10,2,3,7,66.7,13.3,20],[2,419,15,0,0,0,10,0,5,5,66.7,0,33.3],[3,406,15,0,0,0,9,2,4,5,60,13.3,26.7],[4,2165,15,0,0,0,9,1,5,4,60,6.7,33.3],[5,426,15,0,0,0,8,2,5,3,53.3,13.3,33.3],[6,2091,15,0,0,0,8,1,6,2,53.3,6.7,40],[7,1519,15,0,0,0,8,0,7,1,53.3,0,46.7],[8,1521,15,0,0,0,8,0,7,1,53.3,0,46.7],[9,400,15,0,0,0,7,4,4,3,46.7,26.7,26.7],[10,1518,15,0,0,0,7,1,7,0,46.7,6.7,46.7],[11,3178,15,0,0,0,7,0,8,-1,46.7,0,53.3],[12,1522,15,0,0,0,6,2,7,-1,40,13.3,46.7],[13,404,15,0,0,0,6,2,7,-1,40,13.3,46.7],[14,408,15,0,0,0,6,1,8,-2,40,6.7,53.3],[15,421,15,0,0,0,5,3,7,-2,33.3,20,46.7],[16,413,15,0,0,0,2,4,9,-7,13.3,26.7,60]];
var addUp = [99,41.2,14,5.8,127,52.9,[60,1518,2165],[73.3,1522],[60,408,417],[73.3,1522],[66.7,1518,1519,400,419,2165],[73.3,1522],[16.7,413],[0,400,2091]];
var addUpHalf = [99,41.2,25,10.4,116,48.3,[63.3,417],[56.7,3178,408],[60,417],[60,408,3178,2091,421],[66.7,417,419],[60,413],[20,1521,421],[3.3,419,1518,3178,408]];
var lastUpdateTime = '2026-04-07 17:19:24';
