var arrLeague = [26,'瑞典超级联赛','瑞典超級聯賽','Swedish Allsvenskan','2012','#004488','league_match/images/20200420031221.jpg','瑞典超','瑞典超','SWE D1'];
var arrTeam = [[400,'索尔纳','AIK蘇納','AIK Solna','','images/400/1h8asp945qp.png',0],[404,'赫尔辛堡','希爾星堡','Helsingborg','','images/404/1h4yn3a5rr27.png',0],[406,'松兹瓦尔','辛斯華爾','GIF Sundsvall','','images/406/1h8fzp9tbvz.png',0],[408,'马尔默','馬模','Malmo FF','','images/408/1hptap45j3v.png',0],[413,'哥德堡','哥登堡','IFK Goteborg','','images/413/1hg209brnt23.png',0],[417,'埃尔夫斯堡','艾夫斯堡','Elfsborg','','images/417/1h8wtxnzmc2g.png',0],[419,'奥雷布洛','奧雷布洛','Orebro','','images/419/1htbmr8n137.png',0],[421,'尤尔加登','佐加頓斯','Djurgardens','','images/421/1gv1yreqw82.png',0],[426,'卡尔马','卡馬亞','Kalmar','','images/426/1h6wfe05rcg.png',0],[1518,'赫根','赫根','Hacken','','images/1518/1h53w2zt69f.png',0],[1519,'耶夫勒','加費萊','Gefle IF','','images/1519/1h8wtya6e20.png',0],[1521,'阿特维达堡','阿維達貝治','Atvidabergs','','images/1521/1htbncf8zd1f.png',0],[1522,'哥德堡盖斯','加爾斯','GAIS','','images/1522/1h8wtya6esp.png',0],[2091,'米亚尔比','米贊比','Mjallby AIF','','images/2091/1h8fzp9swxp.png',0],[2165,'北雪平','諾高平','IFK Norrkoping FK','','images/2165/1ht6ehmpr52t.png',0],[3178,'西里安斯卡FC','西里安斯卡','Syrianska FC','','images/3178/1gxmc6aw7h2a.png',0]];
var TotalBs = [[1,1518,30,22,1,7,73.3,3.3,23.3],[2,1521,30,18,1,11,60,3.3,36.7],[3,426,30,17,1,12,56.7,3.3,40],[4,2165,30,17,0,13,56.7,0,43.3],[5,419,30,17,0,13,56.7,0,43.3],[6,1522,30,16,1,13,53.3,3.3,43.3],[7,417,30,15,1,14,50,3.3,46.7],[8,404,30,15,1,14,50,3.3,46.7],[9,406,30,15,0,15,50,0,50],[10,408,30,14,0,16,46.7,0,53.3],[11,413,30,14,0,16,46.7,0,53.3],[12,3178,30,14,0,16,46.7,0,53.3],[13,421,30,13,0,17,43.3,0,56.7],[14,2091,30,12,0,18,40,0,60],[15,400,30,11,0,19,36.7,0,63.3],[16,1519,30,10,0,20,33.3,0,66.7]];
var HomeBs = [[1,1518,15,12,1,2,80,6.7,13.3],[2,2165,15,11,0,4,73.3,0,26.7],[3,426,15,10,0,5,66.7,0,33.3],[4,3178,15,9,0,6,60,0,40],[5,1521,15,9,0,6,60,0,40],[6,406,15,9,0,6,60,0,40],[7,1522,15,8,1,6,53.3,6.7,40],[8,419,15,8,0,7,53.3,0,46.7],[9,421,15,7,0,8,46.7,0,53.3],[10,404,15,6,1,8,40,6.7,53.3],[11,413,15,6,0,9,40,0,60],[12,417,15,5,0,10,33.3,0,66.7],[13,400,15,5,0,10,33.3,0,66.7],[14,408,15,5,0,10,33.3,0,66.7],[15,2091,15,5,0,10,33.3,0,66.7],[16,1519,15,5,0,10,33.3,0,66.7]];
var GuestBs = [[1,417,15,10,1,4,66.7,6.7,26.7],[2,1518,15,10,0,5,66.7,0,33.3],[3,1521,15,9,1,5,60,6.7,33.3],[4,419,15,9,0,6,60,0,40],[5,404,15,9,0,6,60,0,40],[6,408,15,9,0,6,60,0,40],[7,413,15,8,0,7,53.3,0,46.7],[8,1522,15,8,0,7,53.3,0,46.7],[9,426,15,7,1,7,46.7,6.7,46.7],[10,2091,15,7,0,8,46.7,0,53.3],[11,2165,15,6,0,9,40,0,60],[12,400,15,6,0,9,40,0,60],[13,421,15,6,0,9,40,0,60],[14,406,15,6,0,9,40,0,60],[15,3178,15,5,0,10,33.3,0,66.7],[16,1519,15,5,0,10,33.3,0,66.7]];
var TotalBsHalf = [[1,426,29,15,5,9,51.7,17.2,31],[2,1518,29,14,8,7,48.3,27.6,24.1],[3,406,30,13,6,11,43.3,20,36.7],[4,417,30,11,9,10,36.7,30,33.3],[5,408,29,11,7,11,37.9,24.1,37.9],[6,1519,30,11,7,12,36.7,23.3,40],[7,1522,29,11,5,13,37.9,17.2,44.8],[8,2165,30,10,13,7,33.3,43.3,23.3],[9,421,29,10,8,11,34.5,27.6,37.9],[10,404,29,10,7,12,34.5,24.1,41.4],[11,419,30,10,7,13,33.3,23.3,43.3],[12,400,30,10,6,14,33.3,20,46.7],[13,2091,29,9,9,11,31,31,37.9],[14,1521,29,9,7,13,31,24.1,44.8],[15,413,30,8,16,6,26.7,53.3,20],[16,3178,30,8,15,7,26.7,50,23.3]];
var HomeBsHalf = [[1,1518,15,10,2,3,66.7,13.3,20],[2,426,15,9,2,4,60,13.3,26.7],[3,406,15,7,3,5,46.7,20,33.3],[4,419,15,7,3,5,46.7,20,33.3],[5,413,15,5,7,3,33.3,46.7,20],[6,421,15,5,5,5,33.3,33.3,33.3],[7,2091,15,5,4,6,33.3,26.7,40],[8,1519,15,5,4,6,33.3,26.7,40],[9,404,15,5,3,7,33.3,20,46.7],[10,2165,15,4,8,3,26.7,53.3,20],[11,3178,15,4,8,3,26.7,53.3,20],[12,1521,15,4,4,7,26.7,26.7,46.7],[13,1522,15,4,4,7,26.7,26.7,46.7],[14,400,15,4,4,7,26.7,26.7,46.7],[15,417,15,4,4,7,26.7,26.7,46.7],[16,408,15,4,3,8,26.7,20,53.3]];
var GuestBsHalf = [[1,408,14,7,4,3,50,28.6,21.4],[2,417,15,7,5,3,46.7,33.3,20],[3,1522,14,7,1,6,50,7.1,42.9],[4,2165,15,6,5,4,40,33.3,26.7],[5,426,14,6,3,5,42.9,21.4,35.7],[6,1519,15,6,3,6,40,20,40],[7,406,15,6,3,6,40,20,40],[8,400,15,6,2,7,40,13.3,46.7],[9,404,14,5,4,5,35.7,28.6,35.7],[10,421,14,5,3,6,35.7,21.4,42.9],[11,1521,14,5,3,6,35.7,21.4,42.9],[12,1518,14,4,6,4,28.6,42.9,28.6],[13,3178,15,4,7,4,26.7,46.7,26.7],[14,2091,14,4,5,5,28.6,35.7,35.7],[15,413,15,3,9,3,20,60,20],[16,419,15,3,4,8,20,26.7,53.3]];
var addUp = [240,50,6,1.2,234,48.8,[73.3,1518],[66.7,1519],[80,1518],[66.7,417,400,408,2091,1519],[66.7,417,1518],[66.7,3178,1519]];
var addUpHalf = [170,36,135,28.6,167,35.4,[51.7,426],[46.7,400],[66.7,1518],[53.3,408],[50,408,1522],[53.3,419]];
var lastUpdateTime = '2026-04-07 17:19:37';
