var arrLeague = [16,'荷兰甲组联赛','荷蘭甲組聯賽','Holland Eredivisie','2020-2021','#FF6699','league_match/images/20210531104733.png','荷甲','荷甲','HOL D1'];
var arrTeam = [[225,'威廉二世','威廉二世','Willem II','','images/225/1gq6hnbe3q23.png',0],[234,'阿尔克马尔','艾克馬亞','AZ Alkmaar','','images/165095691021.png',0],[235,'海伦芬','海倫維恩','SC Heerenveen','','images/165095697544.png',0],[236,'格罗宁根','高寧根','Groningen','','images/16509569590.png',0],[237,'乌德勒支','烏德勒支','FC Utrecht','','images/165095716992.png',0],[241,'瓦尔韦克','RKC華域克','RKC Waalwijk','','images/165095708910.png',0],[246,'维迪斯','維迪斯','Vitesse Arnhem','','images/165095712094.png',0],[250,'特温特','川迪','FC Twente Enschede','','images/165095707230.png',0],[252,'费耶诺德','飛燕諾','Feyenoord','','images/165095692730.png',0],[253,'阿贾克斯','阿積士','AFC Ajax','','images/253/1gtg0nv66q2p.png',0],[254,'埃因霍温','PSV燕豪芬','PSV Eindhoven','','images/254/1gtg0nv5pw24.png',0],[256,'海牙','海牙','ADO Den Haag','','images/256/1gtg0nv6662e.png',0],[273,'鹿特丹斯巴达','鹿特丹斯巴達','Sparta Rotterdam','','images/165095702458.png',0],[274,'福图纳锡塔德','幸運薛達','Fortuna Sittard','','images/165095694366.png',0],[277,'芬洛','芬洛','VVV Venlo','','images/277/1h1n1jqk031t.png',0],[278,'赫拉克莱斯','荷華高斯','Heracles Almelo','','images/165095718777.png',0],[414,'兹沃勒','施禾尼','PEC Zwolle','','images/16509571534.png',0],[1093,'安曼','安曼','Emmen','','images/1093/1h5bjb8w50b.png',0]];
var TotalBs = [[1,277,34,23,2,9,67.6,5.9,26.5],[2,234,34,18,2,14,52.9,5.9,41.2],[3,1093,34,18,1,15,52.9,2.9,44.1],[4,256,34,18,0,16,52.9,0,47.1],[5,274,34,17,4,13,50,11.8,38.2],[6,225,34,16,3,15,47.1,8.8,44.1],[7,250,34,15,4,15,44.1,11.8,44.1],[8,246,34,15,2,17,44.1,5.9,50],[9,414,34,15,1,18,44.1,2.9,52.9],[10,254,34,14,4,16,41.2,11.8,47.1],[11,278,34,14,4,16,41.2,11.8,47.1],[12,253,34,14,2,18,41.2,5.9,52.9],[13,237,36,14,2,20,38.9,5.6,55.6],[14,236,35,14,0,21,40,0,60],[15,235,34,13,4,17,38.2,11.8,50],[16,252,36,13,3,20,36.1,8.3,55.6],[17,273,35,13,1,21,37.1,2.9,60],[18,241,34,12,1,21,35.3,2.9,61.8]];
var HomeBs = [[1,1093,17,12,0,5,70.6,0,29.4],[2,274,17,10,2,5,58.8,11.8,29.4],[3,277,17,10,1,6,58.8,5.9,35.3],[4,256,17,10,0,7,58.8,0,41.2],[5,225,17,9,2,6,52.9,11.8,35.3],[6,253,17,9,1,7,52.9,5.9,41.2],[7,241,17,9,0,8,52.9,0,47.1],[8,273,17,8,1,8,47.1,5.9,47.1],[9,250,17,8,0,9,47.1,0,52.9],[10,237,18,8,1,9,44.4,5.6,50],[11,234,17,8,0,9,47.1,0,52.9],[12,254,17,6,2,9,35.3,11.8,52.9],[13,278,17,6,2,9,35.3,11.8,52.9],[14,235,17,5,3,9,29.4,17.6,52.9],[15,246,17,5,2,10,29.4,11.8,58.8],[16,414,17,5,1,11,29.4,5.9,64.7],[17,252,19,5,2,12,26.3,10.5,63.2],[18,236,17,5,0,12,29.4,0,70.6]];
var GuestBs = [[1,277,17,13,1,3,76.5,5.9,17.6],[2,234,17,10,2,5,58.8,11.8,29.4],[3,246,17,10,0,7,58.8,0,41.2],[4,414,17,10,0,7,58.8,0,41.2],[5,236,18,9,0,9,50,0,50],[6,254,17,8,2,7,47.1,11.8,41.2],[7,278,17,8,2,7,47.1,11.8,41.2],[8,252,17,8,1,8,47.1,5.9,47.1],[9,235,17,8,1,8,47.1,5.9,47.1],[10,256,17,8,0,9,47.1,0,52.9],[11,250,17,7,4,6,41.2,23.5,35.3],[12,274,17,7,2,8,41.2,11.8,47.1],[13,225,17,7,1,9,41.2,5.9,52.9],[14,1093,17,6,1,10,35.3,5.9,58.8],[15,237,18,6,1,11,33.3,5.6,61.1],[16,253,17,5,1,11,29.4,5.9,64.7],[17,273,18,5,0,13,27.8,0,72.2],[18,241,17,3,1,13,17.6,5.9,76.5]];
var TotalBsHalf = [[1,252,36,16,0,20,44.4,0,55.6],[2,250,34,14,5,15,41.2,14.7,44.1],[3,254,34,14,2,18,41.2,5.9,52.9],[4,234,34,14,1,19,41.2,2.9,55.9],[5,253,34,14,0,20,41.2,0,58.8],[6,277,34,13,6,15,38.2,17.6,44.1],[7,274,34,13,5,16,38.2,14.7,47.1],[8,1093,34,12,4,18,35.3,11.8,52.9],[9,237,36,12,1,23,33.3,2.8,63.9],[10,225,34,11,7,16,32.4,20.6,47.1],[11,246,34,11,6,17,32.4,17.6,50],[12,235,34,11,5,18,32.4,14.7,52.9],[13,278,34,11,4,19,32.4,11.8,55.9],[14,241,34,11,2,21,32.4,5.9,61.8],[15,414,34,10,8,16,29.4,23.5,47.1],[16,256,34,10,4,20,29.4,11.8,58.8],[17,273,35,9,5,21,25.7,14.3,60],[18,236,35,8,11,16,22.9,31.4,45.7]];
var HomeBsHalf = [[1,1093,17,9,3,5,52.9,17.6,29.4],[2,274,17,9,2,6,52.9,11.8,35.3],[3,254,17,8,0,9,47.1,0,52.9],[4,253,17,8,0,9,47.1,0,52.9],[5,250,17,7,2,8,41.2,11.8,47.1],[6,237,18,7,0,11,38.9,0,61.1],[7,252,19,7,0,12,36.8,0,63.2],[8,235,17,6,3,8,35.3,17.6,47.1],[9,277,17,6,3,8,35.3,17.6,47.1],[10,278,17,6,2,9,35.3,11.8,52.9],[11,256,17,5,3,9,29.4,17.6,52.9],[12,273,17,5,3,9,29.4,17.6,52.9],[13,234,17,5,1,11,29.4,5.9,64.7],[14,241,17,5,1,11,29.4,5.9,64.7],[15,225,17,4,4,9,23.5,23.5,52.9],[16,246,17,4,2,11,23.5,11.8,64.7],[17,236,17,3,5,9,17.6,29.4,52.9],[18,414,17,3,4,10,17.6,23.5,58.8]];
var GuestBsHalf = [[1,252,17,9,0,8,52.9,0,47.1],[2,234,17,9,0,8,52.9,0,47.1],[3,414,17,7,4,6,41.2,23.5,35.3],[4,246,17,7,4,6,41.2,23.5,35.3],[5,250,17,7,3,7,41.2,17.6,41.2],[6,225,17,7,3,7,41.2,17.6,41.2],[7,277,17,7,3,7,41.2,17.6,41.2],[8,254,17,6,2,9,35.3,11.8,52.9],[9,241,17,6,1,10,35.3,5.9,58.8],[10,253,17,6,0,11,35.3,0,64.7],[11,236,18,5,6,7,27.8,33.3,38.9],[12,278,17,5,2,10,29.4,11.8,58.8],[13,235,17,5,2,10,29.4,11.8,58.8],[14,256,17,5,1,11,29.4,5.9,64.7],[15,237,18,5,1,12,27.8,5.6,66.7],[16,274,17,4,3,10,23.5,17.6,58.8],[17,273,18,4,2,12,22.2,11.1,66.7],[18,1093,17,3,1,13,17.6,5.9,76.5]];
var addUp = [276,44.7,40,6.5,302,48.9,[67.6,277],[61.8,241],[70.6,1093],[70.6,236],[76.5,277],[76.5,241]];
var addUpHalf = [214,34.6,76,12.3,328,53.1,[44.4,252],[63.9,237],[52.9,1093,274],[64.7,234,241,246],[52.9,252,234],[76.5,1093]];
var lastUpdateTime = '2025-01-18 16:50:08';
