var arrLeague = [5,'比利时甲组联赛','比利時甲組聯賽','Belgian Pro League','2012-2013','#FC9B0A','league_match/images/1j5w1nybsp9.png','比甲','比甲','BEL D1'];
var arrTeam = [[122,'沙勒罗瓦','查內爾','Charleroi','','images/122/1j3veftrymp.png',0],[130,'标准列日','標準列治','Standard Liege','','images/130/1j3veftre2e.png',0],[140,'根特','真特','KAA Gent','','images/140/1gv1yqjs390.png',0],[145,'洛克伦','洛格倫','Lokeren','','images/20130413143949.jpg',0],[147,'亨克','亨克','Racing Genk','','images/147/1h54k7bfph11.png',0],[148,'布鲁日','布魯日','Club Brugge','','images/148/1hxqrpwvs12q.png',0],[153,'安德莱赫特','安德列治','Anderlecht','','images/153/1gv1yqjs302r.png',0],[159,'利尔斯','利亞斯','Lierse','','images/159/1h53w17xg22e.png',0],[161,'蒙斯','蒙斯','RAEC Mons','','images/161/1hx3bztkqn9.png',0],[164,'色格拉布鲁日','色格拉布魯日','Cercle Brugge','','images/164/1gq1zqkdtp6.png',0],[1242,'科特赖克','哥積克','Kortrijk','','images/1242/1j22rz4and1t.png',0],[1244,'梅赫伦','梅赫倫','Mechelen','','images/1244/1gtqkzv9ys23.png',0],[1245,'华斯兰德','華斯蘭比華倫','Red Star Waasland','','images/1245/1gqbpxar3q1m.png',0],[1319,'威尔郡','威爾郡','Zulte-Waregem','','images/1319/1j5hhgvw2dj.png',0],[2606,'奥德赫维里','奧特希費利','Oud Heverlee','','images/2606/1gq15c96p07.png',0],[17189,'比斯查','比斯查','Beerschot Wilrijk','','images/17189/1j3s147sky21.png',0]];
var TotalPanLu = [[1,1319,40,22,5,13,26,2,12,14,65,5,30],[2,148,40,27,2,11,22,2,16,6,55,5,40],[3,2606,38,8,6,24,21,1,16,5,55.3,2.6,42.1],[4,130,42,27,5,10,22,4,16,6,52.4,9.5,38.1],[5,161,36,10,11,15,19,3,14,5,52.8,8.3,38.9],[6,1244,36,16,6,14,19,2,15,4,52.8,5.6,41.7],[7,122,36,6,2,28,19,1,16,3,52.8,2.8,44.4],[8,147,40,25,5,10,20,2,18,2,50,5,45],[9,140,40,27,5,8,18,1,21,-3,45,2.5,52.5],[10,153,40,38,2,0,17,2,21,-4,42.5,5,52.5],[11,145,40,16,7,17,17,1,22,-5,42.5,2.5,55],[12,1242,36,14,7,15,15,4,17,-2,41.7,11.1,47.2],[13,1245,36,5,2,29,15,3,18,-3,41.7,8.3,50],[14,159,36,5,4,27,14,1,21,-7,38.9,2.8,58.3],[15,17189,34,8,4,22,12,2,20,-8,35.3,5.9,58.8],[16,164,34,10,3,21,10,1,23,-13,29.4,2.9,67.6]];
var HomePanLu = [[1,130,21,19,1,1,11,3,7,4,52.4,14.3,33.3],[2,1242,18,12,4,2,9,2,7,2,50,11.1,38.9],[3,148,20,18,1,1,10,1,9,1,50,5,45],[4,140,20,17,2,1,10,1,9,1,50,5,45],[5,147,20,18,0,2,10,1,9,1,50,5,45],[6,122,18,6,2,10,9,1,8,1,50,5.6,44.4],[7,161,18,9,6,3,9,1,8,1,50,5.6,44.4],[8,1319,20,16,1,3,10,0,10,0,50,0,50],[9,1244,18,11,3,4,9,0,9,0,50,0,50],[10,2606,19,8,4,7,9,1,9,0,47.4,5.3,47.4],[11,1245,18,5,2,11,8,2,8,0,44.4,11.1,44.4],[12,153,20,20,0,0,8,0,12,-4,40,0,60],[13,159,18,5,4,9,7,1,10,-3,38.9,5.6,55.6],[14,17189,17,8,4,5,6,2,9,-3,35.3,11.8,52.9],[15,164,17,9,2,6,6,0,11,-5,35.3,0,64.7],[16,145,20,13,2,5,7,0,13,-6,35,0,65]];
var GuestPanLu = [[1,1319,20,6,4,10,16,2,2,14,80,10,10],[2,2606,19,0,2,17,12,0,7,5,63.2,0,36.8],[3,148,20,9,1,10,12,1,7,5,60,5,35],[4,161,18,1,5,12,10,2,6,4,55.6,11.1,33.3],[5,1244,18,5,3,10,10,2,6,4,55.6,11.1,33.3],[6,122,18,0,0,18,10,0,8,2,55.6,0,44.4],[7,130,21,8,4,9,11,1,9,2,52.4,4.8,42.9],[8,147,20,7,5,8,10,1,9,1,50,5,45],[9,145,20,3,5,12,10,1,9,1,50,5,45],[10,153,20,18,2,0,9,2,9,0,45,10,45],[11,140,20,10,3,7,8,0,12,-4,40,0,60],[12,1245,18,0,0,18,7,1,10,-3,38.9,5.6,55.6],[13,159,18,0,0,18,7,0,11,-4,38.9,0,61.1],[14,17189,17,0,0,17,6,0,11,-5,35.3,0,64.7],[15,1242,18,2,3,13,6,2,10,-4,33.3,11.1,55.6],[16,164,17,1,1,15,4,1,12,-8,23.5,5.9,70.6]];
var TotalHalfPanLu = [[1,122,36,0,0,0,23,1,12,11,63.9,2.8,33.3],[2,1244,36,0,0,0,20,6,10,10,55.6,16.7,27.8],[3,1319,40,0,0,0,22,6,12,10,55,15,30],[4,145,40,0,0,0,21,5,14,7,52.5,12.5,35],[5,148,40,0,0,0,19,3,18,1,47.5,7.5,45],[6,1242,36,0,0,0,17,7,12,5,47.2,19.4,33.3],[7,130,42,0,0,0,18,7,17,1,42.9,16.7,40.5],[8,153,40,0,0,0,17,2,21,-4,42.5,5,52.5],[9,2606,38,0,0,0,15,5,18,-3,39.5,13.2,47.4],[10,164,34,0,0,0,13,9,12,1,38.2,26.5,35.3],[11,159,36,0,0,0,14,4,18,-4,38.9,11.1,50],[12,1245,36,0,0,0,13,5,18,-5,36.1,13.9,50],[13,147,40,0,0,0,14,6,20,-6,35,15,50],[14,161,36,0,0,0,12,6,18,-6,33.3,16.7,50],[15,112,34,0,0,0,11,6,17,-6,32.4,17.6,50],[16,140,40,0,0,0,11,6,23,-12,27.5,15,57.5]];
var HomeHalfPanLu = [[1,122,18,0,0,0,11,1,6,5,61.1,5.6,33.3],[2,148,20,0,0,0,10,0,10,0,50,0,50],[3,1244,18,0,0,0,8,2,8,0,44.4,11.1,44.4],[4,153,20,0,0,0,9,0,11,-2,45,0,55],[5,130,21,0,0,0,9,1,11,-2,42.9,4.8,52.4],[6,1319,20,0,0,0,8,3,9,-1,40,15,45],[7,1242,18,0,0,0,7,4,7,0,38.9,22.2,38.9],[8,164,17,0,0,0,6,3,8,-2,35.3,17.6,47.1],[9,145,20,0,0,0,7,2,11,-4,35,10,55],[10,2606,19,0,0,0,6,3,10,-4,31.6,15.8,52.6],[11,147,20,0,0,0,6,2,12,-6,30,10,60],[12,1245,18,0,0,0,5,5,8,-3,27.8,27.8,44.4],[13,159,18,0,0,0,5,4,9,-4,27.8,22.2,50],[14,161,18,0,0,0,5,4,9,-4,27.8,22.2,50],[15,140,20,0,0,0,5,2,13,-8,25,10,65],[16,112,17,0,0,0,3,6,8,-5,17.6,35.3,47.1]];
var GuestHalfPanLu = [[1,1319,20,0,0,0,14,3,3,11,70,15,15],[2,145,20,0,0,0,14,3,3,11,70,15,15],[3,1244,18,0,0,0,12,4,2,10,66.7,22.2,11.1],[4,122,18,0,0,0,12,0,6,6,66.7,0,33.3],[5,1242,18,0,0,0,10,3,5,5,55.6,16.7,27.8],[6,159,18,0,0,0,9,0,9,0,50,0,50],[7,2606,19,0,0,0,9,2,8,1,47.4,10.5,42.1],[8,112,17,0,0,0,8,0,9,-1,47.1,0,52.9],[9,148,20,0,0,0,9,3,8,1,45,15,40],[10,1245,18,0,0,0,8,0,10,-2,44.4,0,55.6],[11,130,21,0,0,0,9,6,6,3,42.9,28.6,28.6],[12,164,17,0,0,0,7,6,4,3,41.2,35.3,23.5],[13,147,20,0,0,0,8,4,8,0,40,20,40],[14,153,20,0,0,0,8,2,10,-2,40,10,50],[15,161,18,0,0,0,7,2,9,-2,38.9,11.1,50],[16,140,20,0,0,0,6,4,10,-4,30,20,50]];
var addUp = [138,45.7,16,5.3,148,49,[65,1319],[67.6,164],[52.4,130],[65,145],[80,1319],[70.6,164],[11.1,1242],[2.5,140,145]];
var addUpHalf = [110,36.4,42,13.9,150,49.7,[63.9,122],[57.5,140],[61.1,122],[65,140],[70,1319,145],[55.6,1245],[26.5,164],[2.8,122]];
var lastUpdateTime = '2025-01-20 14:33:43';
