var arrLeague = [5,'比利时甲组联赛','比利時甲組聯賽','Belgian Pro League','2012-2013','#FC9B0A','league_match/images/1j5w1nybsp9.png','比甲','比甲','BEL D1'];
var arrTeam = [[122,'沙勒罗瓦','查內爾','Charleroi','','images/122/1j3veftrymp.png',0],[130,'标准列日','標準列治','Standard Liege','','images/130/1j3veftre2e.png',0],[140,'根特','真特','KAA Gent','','images/140/1gv1yqjs390.png',0],[145,'洛克伦','洛格倫','Lokeren','','images/20130413143949.jpg',0],[147,'亨克','亨克','Racing Genk','','images/147/1h54k7bfph11.png',0],[148,'布鲁日','布魯日','Club Brugge','','images/148/1hxqrpwvs12q.png',0],[153,'安德莱赫特','安德列治','Anderlecht','','images/153/1gv1yqjs302r.png',0],[159,'利尔斯','利亞斯','Lierse','','images/159/1h53w17xg22e.png',0],[161,'蒙斯','蒙斯','RAEC Mons','','images/161/1hx3bztkqn9.png',0],[164,'色格拉布鲁日','色格拉布魯日','Cercle Brugge','','images/164/1gq1zqkdtp6.png',0],[1242,'科特赖克','哥積克','Kortrijk','','images/1242/1j22rz4and1t.png',0],[1244,'梅赫伦','梅赫倫','Mechelen','','images/1244/1gtqkzv9ys23.png',0],[1245,'华斯兰德','華斯蘭比華倫','Red Star Waasland','','images/1245/1gqbpxar3q1m.png',0],[1319,'威尔郡','威爾郡','Zulte-Waregem','','images/1319/1j5hhgvw2dj.png',0],[2606,'奥德赫维里','奧特希費利','Oud Heverlee','','images/2606/1gq15c96p07.png',0],[17189,'比斯查','比斯查','Beerschot Wilrijk','','images/17189/1j3s147sky21.png',0]];
var TotalBs = [[1,148,40,23,3,14,57.5,7.5,35],[2,164,34,22,1,11,64.7,2.9,32.4],[3,2606,38,22,1,15,57.9,2.6,39.5],[4,145,40,22,3,15,55,7.5,37.5],[5,147,40,22,0,18,55,0,45],[6,161,36,21,3,12,58.3,8.3,33.3],[7,130,42,21,2,19,50,4.8,45.2],[8,153,40,20,3,17,50,7.5,42.5],[9,1244,36,19,0,17,52.8,0,47.2],[10,1319,40,19,0,21,47.5,0,52.5],[11,17189,34,18,1,15,52.9,2.9,44.1],[12,140,40,17,1,22,42.5,2.5,55],[13,159,36,16,2,18,44.4,5.6,50],[14,122,36,14,0,22,38.9,0,61.1],[15,1245,36,13,0,23,36.1,0,63.9],[16,1242,36,13,0,23,36.1,0,63.9]];
var HomeBs = [[1,1319,20,13,0,7,65,0,35],[2,2606,19,12,0,7,63.2,0,36.8],[3,145,20,12,0,8,60,0,40],[4,164,17,11,1,5,64.7,5.9,29.4],[5,17189,17,11,0,6,64.7,0,35.3],[6,161,18,11,1,6,61.1,5.6,33.3],[7,130,21,11,2,8,52.4,9.5,38.1],[8,1244,18,10,0,8,55.6,0,44.4],[9,1242,18,10,0,8,55.6,0,44.4],[10,147,20,10,0,10,50,0,50],[11,148,20,9,2,9,45,10,45],[12,122,18,8,0,10,44.4,0,55.6],[13,140,20,8,0,12,40,0,60],[14,153,20,7,3,10,35,15,50],[15,159,18,4,1,13,22.2,5.6,72.2],[16,1245,18,4,0,14,22.2,0,77.8]];
var GuestBs = [[1,148,20,14,1,5,70,5,25],[2,153,20,13,0,7,65,0,35],[3,159,18,12,1,5,66.7,5.6,27.8],[4,147,20,12,0,8,60,0,40],[5,164,17,11,0,6,64.7,0,35.3],[6,161,18,10,2,6,55.6,11.1,33.3],[7,145,20,10,3,7,50,15,35],[8,2606,19,10,1,8,52.6,5.3,42.1],[9,130,21,10,0,11,47.6,0,52.4],[10,1244,18,9,0,9,50,0,50],[11,1245,18,9,0,9,50,0,50],[12,140,20,9,1,10,45,5,50],[13,17189,17,7,1,9,41.2,5.9,52.9],[14,122,18,6,0,12,33.3,0,66.7],[15,1319,20,6,0,14,30,0,70],[16,1242,18,3,0,15,16.7,0,83.3]];
var TotalBsHalf = [[1,148,40,19,3,18,47.5,7.5,45],[2,153,40,18,4,18,45,10,45],[3,130,42,18,5,19,42.9,11.9,45.2],[4,145,39,16,7,16,41,17.9,41],[5,147,39,15,3,21,38.5,7.7,53.8],[6,1319,39,13,9,17,33.3,23.1,43.6],[7,161,36,13,5,18,36.1,13.9,50],[8,2606,37,13,4,20,35.1,10.8,54.1],[9,164,34,12,5,17,35.3,14.7,50],[10,140,39,12,4,23,30.8,10.3,59],[11,159,35,11,10,14,31.4,28.6,40],[12,112,33,9,7,17,27.3,21.2,51.5],[13,122,36,9,9,18,25,25,50],[14,1242,36,9,8,19,25,22.2,52.8],[15,1244,35,8,5,22,22.9,14.3,62.9],[16,1245,36,6,9,21,16.7,25,58.3]];
var HomeBsHalf = [[1,147,20,10,1,9,50,5,45],[2,161,18,9,1,8,50,5.6,44.4],[3,145,20,8,4,8,40,20,40],[4,2606,19,8,2,9,42.1,10.5,47.4],[5,148,20,8,1,11,40,5,55],[6,130,21,8,2,11,38.1,9.5,52.4],[7,153,20,8,0,12,40,0,60],[8,1242,18,7,4,7,38.9,22.2,38.9],[9,1319,20,7,4,9,35,20,45],[10,164,17,5,4,8,29.4,23.5,47.1],[11,112,17,5,4,8,29.4,23.5,47.1],[12,140,20,5,1,14,25,5,70],[13,122,18,4,8,6,22.2,44.4,33.3],[14,159,18,4,7,7,22.2,38.9,38.9],[15,1244,18,4,3,11,22.2,16.7,61.1],[16,1245,18,2,3,13,11.1,16.7,72.2]];
var GuestBsHalf = [[1,148,20,11,2,7,55,10,35],[2,153,20,10,4,6,50,20,30],[3,130,21,10,3,8,47.6,14.3,38.1],[4,145,19,8,3,8,42.1,15.8,42.1],[5,159,17,7,3,7,41.2,17.6,41.2],[6,164,17,7,1,9,41.2,5.9,52.9],[7,140,19,7,3,9,36.8,15.8,47.4],[8,1319,19,6,5,8,31.6,26.3,42.1],[9,2606,18,5,2,11,27.8,11.1,61.1],[10,122,18,5,1,12,27.8,5.6,66.7],[11,147,19,5,2,12,26.3,10.5,63.2],[12,1245,18,4,6,8,22.2,33.3,44.4],[13,112,16,4,3,9,25,18.8,56.2],[14,161,18,4,4,10,22.2,22.2,55.6],[15,1244,17,4,2,11,23.5,11.8,64.7],[16,1242,18,2,4,12,11.1,22.2,66.7]];
var addUp = [302,50,20,3.3,282,46.7,[64.7,164],[63.9,1245,1242],[65,1319],[77.8,1245],[70,148],[83.3,1242]];
var addUpHalf = [201,33.7,97,16.3,298,50,[47.5,148],[62.9,1244],[50,147,161],[72.2,1245],[55,148],[66.7,122,1242]];
var lastUpdateTime = '2025-01-20 14:33:56';
