var arrLeague = [12,'法国乙组联赛','法國乙組聯賽','France Ligue 2','2018-2019','#B1A7A7','league_match/images/1j5w0bknv81g.png','法乙','法乙','FRA D2'];
var arrTeam = [[194,'阿雅克肖','阿些斯奧','Ajaccio','','images/194/1h71ky6nm62v.png',0],[202,'朗斯','朗斯','Lens','','images/164871168519.png',0],[214,'梅斯','梅斯','Metz','','images/214/1h51a55zp72q.png',0],[215,'欧塞尔','歐塞爾','AJ Auxerre','','images/215/1h71ky6nmw2f.png',0],[267,'索肖','索察','Sochaux','','images/267/1hke8b1sjc2k.png',0],[301,'南锡','南錫','Nancy','','images/20181012141312.png',0],[306,'布雷斯特','比斯特','Stade Brestois','','images/164871188569.png',0],[308,'沙托鲁','沙特魯','Chateauroux','','images/308/1hfze5prsh19.png',0],[313,'克莱蒙','克萊蒙特','Clermont','','images/164871190892.png',0],[320,'第戎','迪安','Dijon','','images/320/1hkgstjs2x20.png',0],[325,'尼奥特','尼奧特','Chamois Niortais','','images/20150714133215.png',0],[333,'洛里昂','羅連安特','Lorient','','images/164871192161.png',0],[335,'勒阿弗尔','勒哈費爾','Le Havre','','images/335/1hkgsvdrhc1c.png',0],[366,'特鲁瓦','特魯瓦','Troyes','','images/164871194730.png',0],[393,'格勒诺布尔','格勒諾布爾','Grenoble','','images/393/1h71ky6nmac.png',0],[1796,'巴黎足球会','巴黎FC','Paris FC','','images/1796/1h56c0xwvqd.png',0],[2104,'瓦朗谢纳','華倫西恩斯','Valenciennes','','images/2104/1h71kxn4hy7.png',0],[2141,'GFC阿雅克肖','GFCO阿些斯奧','Ajaccio Gfco','','images/201327164251.jpg',0],[5025,'奥兰斯','奧爾良','Orleans US 45','','images/5025/1h5bja71em6.png',0],[12220,'红星','紅星','Red Star FC 93','','images/12220/1j3p925km716.png',0],[15123,'贝兹尔','比斯亞斯','Avenir Sportif Beziers','','images/15123/1gwbe45rmxz.png',0]];
var TotalBs = [[1,5025,38,21,2,15,55.3,5.3,39.5],[2,333,38,20,2,16,52.6,5.3,42.1],[3,2104,38,18,0,20,47.4,0,52.6],[4,12220,38,16,6,16,42.1,15.8,42.1],[5,214,38,16,2,20,42.1,5.3,52.6],[6,308,38,16,2,20,42.1,5.3,52.6],[7,313,38,16,1,21,42.1,2.6,55.3],[8,306,38,16,1,21,42.1,2.6,55.3],[9,202,42,16,3,23,38.1,7.1,54.8],[10,301,38,15,3,20,39.5,7.9,52.6],[11,194,38,15,2,21,39.5,5.3,55.3],[12,393,38,15,2,21,39.5,5.3,55.3],[13,335,38,14,3,21,36.8,7.9,55.3],[14,2141,38,13,5,20,34.2,13.2,52.6],[15,15123,38,13,4,21,34.2,10.5,55.3],[16,325,38,12,5,21,31.6,13.2,55.3],[17,366,39,12,5,22,30.8,12.8,56.4],[18,215,38,12,2,24,31.6,5.3,63.2],[19,267,38,12,2,24,31.6,5.3,63.2],[20,1796,39,11,5,23,28.2,12.8,59],[21,320,2,1,1,0,50,50,0]];
var HomeBs = [[1,335,19,11,0,8,57.9,0,42.1],[2,2104,19,11,0,8,57.9,0,42.1],[3,12220,19,10,4,5,52.6,21.1,26.3],[4,333,19,10,1,8,52.6,5.3,42.1],[5,306,19,9,0,10,47.4,0,52.6],[6,308,19,9,0,10,47.4,0,52.6],[7,5025,19,8,2,9,42.1,10.5,47.4],[8,194,19,8,1,10,42.1,5.3,52.6],[9,214,19,8,1,10,42.1,5.3,52.6],[10,267,19,8,0,11,42.1,0,57.9],[11,366,20,7,2,11,35,10,55],[12,202,20,7,1,12,35,5,60],[13,313,19,7,0,12,36.8,0,63.2],[14,2141,19,6,4,9,31.6,21.1,47.4],[15,301,19,6,1,12,31.6,5.3,63.2],[16,1796,20,6,2,12,30,10,60],[17,15123,19,5,4,10,26.3,21.1,52.6],[18,215,19,5,2,12,26.3,10.5,63.2],[19,325,19,4,2,13,21.1,10.5,68.4],[20,393,19,4,2,13,21.1,10.5,68.4],[21,320,1,1,0,0,100,0,0]];
var GuestBs = [[1,5025,19,13,0,6,68.4,0,31.6],[2,393,19,11,0,8,57.9,0,42.1],[3,333,19,10,1,8,52.6,5.3,42.1],[4,301,19,9,2,8,47.4,10.5,42.1],[5,313,19,9,1,9,47.4,5.3,47.4],[6,202,22,9,2,11,40.9,9.1,50],[7,325,19,8,3,8,42.1,15.8,42.1],[8,214,19,8,1,10,42.1,5.3,52.6],[9,15123,19,8,0,11,42.1,0,57.9],[10,308,19,7,2,10,36.8,10.5,52.6],[11,194,19,7,1,11,36.8,5.3,57.9],[12,306,19,7,1,11,36.8,5.3,57.9],[13,2141,19,7,1,11,36.8,5.3,57.9],[14,2104,19,7,0,12,36.8,0,63.2],[15,215,19,7,0,12,36.8,0,63.2],[16,12220,19,6,2,11,31.6,10.5,57.9],[17,366,19,5,3,11,26.3,15.8,57.9],[18,1796,19,5,3,11,26.3,15.8,57.9],[19,267,19,4,2,13,21.1,10.5,68.4],[20,335,19,3,3,13,15.8,15.8,68.4],[21,320,1,0,1,0,0,100,0]];
var TotalBsHalf = [[1,202,42,27,1,14,64.3,2.4,33.3],[2,12220,38,25,2,11,65.8,5.3,28.9],[3,306,38,21,11,6,55.3,28.9,15.8],[4,2141,38,21,6,11,55.3,15.8,28.9],[5,333,38,21,4,13,55.3,10.5,34.2],[6,366,39,21,5,13,53.8,12.8,33.3],[7,335,38,21,2,15,55.3,5.3,39.5],[8,1796,39,21,1,17,53.8,2.6,43.6],[9,2104,38,20,6,12,52.6,15.8,31.6],[10,325,38,20,4,14,52.6,10.5,36.8],[11,393,38,20,3,15,52.6,7.9,39.5],[12,194,38,19,3,16,50,7.9,42.1],[13,301,38,18,7,13,47.4,18.4,34.2],[14,308,38,18,2,18,47.4,5.3,47.4],[15,215,38,17,6,15,44.7,15.8,39.5],[16,5025,38,16,11,11,42.1,28.9,28.9],[17,15123,38,16,3,19,42.1,7.9,50],[18,214,38,15,10,13,39.5,26.3,34.2],[19,313,38,15,5,18,39.5,13.2,47.4],[20,267,38,13,8,17,34.2,21.1,44.7],[21,320,2,1,0,1,50,0,50]];
var HomeBsHalf = [[1,12220,19,15,0,4,78.9,0,21.1],[2,335,19,13,2,4,68.4,10.5,21.1],[3,2141,19,12,2,5,63.2,10.5,26.3],[4,366,20,12,2,6,60,10,30],[5,2104,19,11,2,6,57.9,10.5,31.6],[6,194,19,11,1,7,57.9,5.3,36.8],[7,308,19,11,0,8,57.9,0,42.1],[8,393,19,11,0,8,57.9,0,42.1],[9,333,19,10,3,6,52.6,15.8,31.6],[10,1796,20,10,1,9,50,5,45],[11,202,20,10,1,9,50,5,45],[12,301,19,9,2,8,47.4,10.5,42.1],[13,325,19,9,2,8,47.4,10.5,42.1],[14,306,19,8,9,2,42.1,47.4,10.5],[15,214,19,8,6,5,42.1,31.6,26.3],[16,5025,19,8,4,7,42.1,21.1,36.8],[17,267,19,7,6,6,36.8,31.6,31.6],[18,215,19,7,2,10,36.8,10.5,52.6],[19,313,19,5,5,9,26.3,26.3,47.4],[20,15123,19,5,0,14,26.3,0,73.7],[21,320,1,1,0,0,100,0,0]];
var GuestBsHalf = [[1,202,22,17,0,5,77.3,0,22.7],[2,306,19,13,2,4,68.4,10.5,21.1],[3,15123,19,11,3,5,57.9,15.8,26.3],[4,325,19,11,2,6,57.9,10.5,31.6],[5,333,19,11,1,7,57.9,5.3,36.8],[6,1796,19,11,0,8,57.9,0,42.1],[7,215,19,10,4,5,52.6,21.1,26.3],[8,12220,19,10,2,7,52.6,10.5,36.8],[9,313,19,10,0,9,52.6,0,47.4],[10,301,19,9,5,5,47.4,26.3,26.3],[11,2104,19,9,4,6,47.4,21.1,31.6],[12,2141,19,9,4,6,47.4,21.1,31.6],[13,366,19,9,3,7,47.4,15.8,36.8],[14,393,19,9,3,7,47.4,15.8,36.8],[15,5025,19,8,7,4,42.1,36.8,21.1],[16,194,19,8,2,9,42.1,10.5,47.4],[17,335,19,8,0,11,42.1,0,57.9],[18,214,19,7,4,8,36.8,21.1,42.1],[19,308,19,7,2,10,36.8,10.5,52.6],[20,267,19,6,2,11,31.6,10.5,57.9],[21,320,1,0,0,1,0,0,100]];
var addUp = [300,39.1,58,7.6,410,53.4,[55.3,5025],[63.2,215,267],[100,320],[68.4,325,393],[68.4,5025],[68.4,267,335]];
var addUpHalf = [386,50.3,100,13,282,36.7,[65.8,12220],[50,15123,320],[100,320],[73.7,15123],[77.3,202],[100,320]];
var lastUpdateTime = '2025-01-19 10:39:31';
