var arrLeague = [16,'荷兰甲组联赛','荷蘭甲組聯賽','Holland Eredivisie','2012-2013','#FF6699','league_match/images/20210531104733.png','荷甲','荷甲','HOL D1'];
var arrTeam = [[225,'威廉二世','威廉二世','Willem II','','images/225/1gq6hnbe3q23.png',0],[232,'布雷达','比達','NAC Breda','','images/232/1grmmyzcmyj.png',0],[233,'罗达JC','洛達','Roda JC','','images/233/1heh20g0cp16.png',0],[234,'阿尔克马尔','艾克馬亞','AZ Alkmaar','','images/165095691021.png',0],[235,'海伦芬','海倫維恩','SC Heerenveen','','images/165095697544.png',0],[236,'格罗宁根','高寧根','Groningen','','images/16509569590.png',0],[237,'乌德勒支','烏德勒支','FC Utrecht','','images/165095716992.png',0],[239,'奈梅亨','NEC尼美根','NEC Nijmegen','','images/165095704158.png',0],[241,'瓦尔韦克','RKC華域克','RKC Waalwijk','','images/165095708910.png',0],[246,'维迪斯','維迪斯','Vitesse Arnhem','','images/165095712094.png',0],[250,'特温特','川迪','FC Twente Enschede','','images/165095707230.png',0],[252,'费耶诺德','飛燕諾','Feyenoord','','images/165095692730.png',0],[253,'阿贾克斯','阿積士','AFC Ajax','','images/253/1gtg0nv66q2p.png',0],[254,'埃因霍温','PSV燕豪芬','PSV Eindhoven','','images/254/1gtg0nv5pw24.png',0],[256,'海牙','海牙','ADO Den Haag','','images/256/1gtg0nv6662e.png',0],[277,'芬洛','芬洛','VVV Venlo','','images/277/1h1n1jqk031t.png',0],[278,'赫拉克莱斯','荷華高斯','Heracles Almelo','','images/165095718777.png',0],[414,'兹沃勒','施禾尼','PEC Zwolle','','images/16509571534.png',0]];
var TotalBs = [[1,254,34,23,3,8,67.6,8.8,23.5],[2,278,34,20,1,13,58.8,2.9,38.2],[3,234,34,19,4,11,55.9,11.8,32.4],[4,239,34,19,1,14,55.9,2.9,41.2],[5,233,34,19,1,14,55.9,2.9,41.2],[6,225,34,19,0,15,55.9,0,44.1],[7,246,34,18,3,13,52.9,8.8,38.2],[8,256,34,18,2,14,52.9,5.9,41.2],[9,232,34,15,3,16,44.1,8.8,47.1],[10,235,36,15,5,16,41.7,13.9,44.4],[11,414,34,15,2,17,44.1,5.9,50],[12,253,34,15,1,18,44.1,2.9,52.9],[13,236,36,15,2,19,41.7,5.6,52.8],[14,237,38,15,4,19,39.5,10.5,50],[15,241,34,15,0,19,44.1,0,55.9],[16,277,34,14,1,19,41.2,2.9,55.9],[17,252,34,13,6,15,38.2,17.6,44.1],[18,250,38,13,5,20,34.2,13.2,52.6]];
var HomeBs = [[1,254,17,11,2,4,64.7,11.8,23.5],[2,277,17,11,0,6,64.7,0,35.3],[3,278,17,10,1,6,58.8,5.9,35.3],[4,225,17,10,0,7,58.8,0,41.2],[5,239,17,10,0,7,58.8,0,41.2],[6,256,17,9,1,7,52.9,5.9,41.2],[7,414,17,9,0,8,52.9,0,47.1],[8,246,17,8,2,7,47.1,11.8,41.2],[9,232,17,8,2,7,47.1,11.8,41.2],[10,234,17,8,1,8,47.1,5.9,47.1],[11,235,18,8,2,8,44.4,11.1,44.4],[12,236,18,8,1,9,44.4,5.6,50],[13,237,19,7,3,9,36.8,15.8,47.4],[14,233,17,7,1,9,41.2,5.9,52.9],[15,241,17,7,0,10,41.2,0,58.8],[16,250,19,7,2,10,36.8,10.5,52.6],[17,252,17,6,3,8,35.3,17.6,47.1],[18,253,17,6,1,10,35.3,5.9,58.8]];
var GuestBs = [[1,254,17,12,1,4,70.6,5.9,23.5],[2,233,17,12,0,5,70.6,0,29.4],[3,234,17,11,3,3,64.7,17.6,17.6],[4,246,17,10,1,6,58.8,5.9,35.3],[5,278,17,10,0,7,58.8,0,41.2],[6,256,17,9,1,7,52.9,5.9,41.2],[7,239,17,9,1,7,52.9,5.9,41.2],[8,225,17,9,0,8,52.9,0,47.1],[9,253,17,9,0,8,52.9,0,47.1],[10,241,17,8,0,9,47.1,0,52.9],[11,237,19,8,1,10,42.1,5.3,52.6],[12,252,17,7,3,7,41.2,17.6,41.2],[13,235,18,7,3,8,38.9,16.7,44.4],[14,232,17,7,1,9,41.2,5.9,52.9],[15,236,18,7,1,10,38.9,5.6,55.6],[16,414,17,6,2,9,35.3,11.8,52.9],[17,250,19,6,3,10,31.6,15.8,52.6],[18,277,17,3,1,13,17.6,5.9,76.5]];
var TotalBsHalf = [[1,278,33,19,1,13,57.6,3,39.4],[2,254,33,19,0,14,57.6,0,42.4],[3,239,34,16,6,12,47.1,17.6,35.3],[4,256,33,16,2,15,48.5,6.1,45.5],[5,234,33,15,2,16,45.5,6.1,48.5],[6,233,34,15,2,17,44.1,5.9,50],[7,253,32,15,0,17,46.9,0,53.1],[8,252,34,15,1,18,44.1,2.9,52.9],[9,237,38,15,4,19,39.5,10.5,50],[10,250,37,14,3,20,37.8,8.1,54.1],[11,414,34,13,6,15,38.2,17.6,44.1],[12,235,35,13,0,22,37.1,0,62.9],[13,246,34,11,3,20,32.4,8.8,58.8],[14,241,33,10,6,17,30.3,18.2,51.5],[15,277,33,10,2,21,30.3,6.1,63.6],[16,232,33,9,4,20,27.3,12.1,60.6],[17,225,33,8,3,22,24.2,9.1,66.7],[18,236,35,8,5,22,22.9,14.3,62.9]];
var HomeBsHalf = [[1,278,17,13,0,4,76.5,0,23.5],[2,254,17,11,0,6,64.7,0,35.3],[3,256,17,9,2,6,52.9,11.8,35.3],[4,235,18,9,0,9,50,0,50],[5,234,17,8,0,9,47.1,0,52.9],[6,250,19,8,0,11,42.1,0,57.9],[7,414,17,7,3,7,41.2,17.6,41.2],[8,277,17,7,2,8,41.2,11.8,47.1],[9,239,17,7,2,8,41.2,11.8,47.1],[10,241,17,5,5,7,29.4,29.4,41.2],[11,233,17,5,2,10,29.4,11.8,58.8],[12,225,17,5,2,10,29.4,11.8,58.8],[13,252,17,5,1,11,29.4,5.9,64.7],[14,253,16,5,0,11,31.2,0,68.8],[15,236,18,5,1,12,27.8,5.6,66.7],[16,237,19,5,1,13,26.3,5.3,68.4],[17,232,17,4,4,9,23.5,23.5,52.9],[18,246,17,4,0,13,23.5,0,76.5]];
var GuestBsHalf = [[1,237,19,10,3,6,52.6,15.8,31.6],[2,253,16,10,0,6,62.5,0,37.5],[3,252,17,10,0,7,58.8,0,41.2],[4,233,17,10,0,7,58.8,0,41.2],[5,239,17,9,4,4,52.9,23.5,23.5],[6,254,16,8,0,8,50,0,50],[7,246,17,7,3,7,41.2,17.6,41.2],[8,234,16,7,2,7,43.8,12.5,43.8],[9,256,16,7,0,9,43.8,0,56.2],[10,414,17,6,3,8,35.3,17.6,47.1],[11,250,18,6,3,9,33.3,16.7,50],[12,278,16,6,1,9,37.5,6.2,56.2],[13,241,16,5,1,10,31.2,6.2,62.5],[14,232,16,5,0,11,31.2,0,68.8],[15,235,17,4,0,13,23.5,0,76.5],[16,236,17,3,4,10,17.6,23.5,58.8],[17,225,16,3,1,12,18.8,6.2,75],[18,277,16,3,0,13,18.8,0,81.2]];
var addUp = [300,48.1,44,7.1,280,44.9,[67.6,254],[55.9,241,277],[64.7,254,277],[58.8,241,253],[70.6,254,233],[76.5,277]];
var addUpHalf = [241,39.4,50,8.2,320,52.4,[57.6,278,254],[66.7,225],[76.5,278],[76.5,246],[62.5,253],[81.2,277]];
var lastUpdateTime = '2025-01-20 14:33:56';
