var arrLeague = [8,'德国甲组联赛','德國甲組聯賽','German Bundesliga','2013-2014','#990099','league_match/images/166674997937.png','德甲','德甲','GER D1'];
var arrTeam = [[88,'拜仁慕尼黑','拜仁慕尼黑','Bayern Munchen','','images/1jarzw1r4wn.png',0],[99,'多特蒙德','多蒙特','Borussia Dortmund','','images/164870996363.png',0],[128,'门兴格拉德巴赫','慕遜加柏','Borussia Monchengladbach','','images/16487114506.png',0],[132,'云达不莱梅','雲達不萊梅','Werder Bremen','','images/2013119144220.jpg',0],[136,'纽伦堡','紐倫堡','Nurnberg','','images/2013119145001.jpg',0],[139,'柏林赫塔','哈化柏林','Hertha Berlin','','images/16487114635.png',0],[149,'沃尔夫斯堡','沃爾夫斯堡','VfL Wolfsburg','','images/164871147946.png',0],[151,'沙尔克04','史浩克零四','Schalke 04','','images/2013119145317.jpg',0],[155,'斯图加特','史特加','VfB Stuttgart','','images/164871149852.png',0],[160,'汉堡','漢堡','Hamburger SV','','images/2013119151640.jpg',0],[162,'美因茨','緬恩斯','FSV Mainz 05','','images/164871151364.png',0],[165,'勒沃库森','利華古遜','Bayer Leverkusen','','images/164871152472.png',0],[169,'汉诺威96','漢諾威','Hannover 96','','images/201312092606.jpg',0],[172,'弗赖堡','費雷堡','SC Freiburg','','images/164871154089.png',0],[423,'法兰克福','法蘭克福','Eintracht Frankfurt','','images/164871155563.png',0],[1078,'霍芬海姆','賀芬咸','TSG Hoffenheim','','images/164871159920.png',0],[1116,'布伦瑞克','布倫斯維克','Eintracht Braunschweig','','images/2013120103227.jpg',0],[1135,'奥格斯堡','奧格斯堡','Augsburg','','images/164871162622.png',0]];
var TotalBs = [[1,1078,34,24,3,7,70.6,8.8,20.6],[2,160,34,22,2,10,64.7,5.9,29.4],[3,149,34,20,4,10,58.8,11.8,29.4],[4,162,34,20,0,14,58.8,0,41.2],[5,169,34,19,2,13,55.9,5.9,38.2],[6,151,34,19,2,13,55.9,5.9,38.2],[7,155,34,19,0,15,55.9,0,44.1],[8,128,34,19,0,15,55.9,0,44.1],[9,172,34,19,0,15,55.9,0,44.1],[10,1135,34,18,2,14,52.9,5.9,41.2],[11,132,34,17,1,16,50,2.9,47.1],[12,99,34,16,5,13,47.1,14.7,38.2],[13,88,34,16,1,17,47.1,2.9,50],[14,136,34,16,1,17,47.1,2.9,50],[15,165,34,15,3,16,44.1,8.8,47.1],[16,423,34,15,2,17,44.1,5.9,50],[17,139,34,15,0,19,44.1,0,55.9],[18,1116,34,13,0,21,38.2,0,61.8]];
var HomeBs = [[1,1078,17,12,2,3,70.6,11.8,17.6],[2,128,17,12,0,5,70.6,0,29.4],[3,1135,17,11,1,5,64.7,5.9,29.4],[4,149,17,10,3,4,58.8,17.6,23.5],[5,160,17,10,1,6,58.8,5.9,35.3],[6,172,17,10,0,7,58.8,0,41.2],[7,151,17,10,0,7,58.8,0,41.2],[8,169,17,9,2,6,52.9,11.8,35.3],[9,165,17,9,2,6,52.9,11.8,35.3],[10,88,17,9,1,7,52.9,5.9,41.2],[11,99,17,8,1,8,47.1,5.9,47.1],[12,423,17,8,1,8,47.1,5.9,47.1],[13,139,17,8,0,9,47.1,0,52.9],[14,155,17,8,0,9,47.1,0,52.9],[15,132,17,8,0,9,47.1,0,52.9],[16,162,17,7,0,10,41.2,0,58.8],[17,136,17,7,0,10,41.2,0,58.8],[18,1116,17,5,0,12,29.4,0,70.6]];
var GuestBs = [[1,162,17,13,0,4,76.5,0,23.5],[2,160,17,12,1,4,70.6,5.9,23.5],[3,1078,17,12,1,4,70.6,5.9,23.5],[4,155,17,11,0,6,64.7,0,35.3],[5,149,17,10,1,6,58.8,5.9,35.3],[6,169,17,10,0,7,58.8,0,41.2],[7,151,17,9,2,6,52.9,11.8,35.3],[8,132,17,9,1,7,52.9,5.9,41.2],[9,136,17,9,1,7,52.9,5.9,41.2],[10,172,17,9,0,8,52.9,0,47.1],[11,99,17,8,4,5,47.1,23.5,29.4],[12,1116,17,8,0,9,47.1,0,52.9],[13,423,17,7,1,9,41.2,5.9,52.9],[14,1135,17,7,1,9,41.2,5.9,52.9],[15,139,17,7,0,10,41.2,0,58.8],[16,88,17,7,0,10,41.2,0,58.8],[17,128,17,7,0,10,41.2,0,58.8],[18,165,17,6,1,10,35.3,5.9,58.8]];
var TotalBsHalf = [[1,1078,34,23,2,9,67.6,5.9,26.5],[2,1135,34,18,6,10,52.9,17.6,29.4],[3,165,34,18,2,14,52.9,5.9,41.2],[4,155,35,17,5,13,48.6,14.3,37.1],[5,169,34,16,4,14,47.1,11.8,41.2],[6,88,34,16,0,18,47.1,0,52.9],[7,132,33,15,6,12,45.5,18.2,36.4],[8,160,33,14,8,11,42.4,24.2,33.3],[9,423,33,14,7,12,42.4,21.2,36.4],[10,139,34,14,7,13,41.2,20.6,38.2],[11,149,36,14,5,17,38.9,13.9,47.2],[12,151,34,14,1,19,41.2,2.9,55.9],[13,99,33,13,0,20,39.4,0,60.6],[14,162,34,12,6,16,35.3,17.6,47.1],[15,172,35,12,6,17,34.3,17.1,48.6],[16,128,33,11,10,12,33.3,30.3,36.4],[17,136,33,9,11,13,27.3,33.3,39.4],[18,1116,33,9,8,16,27.3,24.2,48.5]];
var HomeBsHalf = [[1,165,17,12,0,5,70.6,0,29.4],[2,155,17,10,1,6,58.8,5.9,35.3],[3,1135,17,9,3,5,52.9,17.6,29.4],[4,1078,17,9,2,6,52.9,11.8,35.3],[5,132,17,9,2,6,52.9,11.8,35.3],[6,88,17,9,0,8,52.9,0,47.1],[7,423,17,8,4,5,47.1,23.5,29.4],[8,99,17,8,0,9,47.1,0,52.9],[9,172,17,7,4,6,41.2,23.5,35.3],[10,128,17,7,2,8,41.2,11.8,47.1],[11,149,17,7,2,8,41.2,11.8,47.1],[12,162,17,7,2,8,41.2,11.8,47.1],[13,139,17,6,4,7,35.3,23.5,41.2],[14,160,17,6,4,7,35.3,23.5,41.2],[15,169,17,6,2,9,35.3,11.8,52.9],[16,151,17,6,0,11,35.3,0,64.7],[17,1116,17,3,6,8,17.6,35.3,47.1],[18,136,17,2,9,6,11.8,52.9,35.3],[19,172,1,0,0,1,0,0,100],[20,149,1,0,0,1,0,0,100],[21,155,1,0,0,1,0,0,100]];
var GuestBsHalf = [[1,1078,17,14,0,3,82.4,0,17.6],[2,169,17,10,2,5,58.8,11.8,29.4],[3,1135,17,9,3,5,52.9,17.6,29.4],[4,160,16,8,4,4,50,25,25],[5,139,17,8,3,6,47.1,17.6,35.3],[6,151,17,8,1,8,47.1,5.9,47.1],[7,136,16,7,2,7,43.8,12.5,43.8],[8,149,17,7,3,7,41.2,17.6,41.2],[9,88,17,7,0,10,41.2,0,58.8],[10,155,16,6,4,6,37.5,25,37.5],[11,132,16,6,4,6,37.5,25,37.5],[12,423,16,6,3,7,37.5,18.8,43.8],[13,1116,16,6,2,8,37.5,12.5,50],[14,165,17,6,2,9,35.3,11.8,52.9],[15,162,17,5,4,8,29.4,23.5,47.1],[16,99,16,5,0,11,31.2,0,68.8],[17,128,16,4,8,4,25,50,25],[18,172,16,4,2,10,25,12.5,62.5],[19,172,1,1,0,0,100,0,0],[20,155,1,1,0,0,100,0,0],[21,149,1,0,0,1,0,0,100]];
var addUp = [322,52.6,28,4.6,262,42.8,[70.6,1078],[61.8,1116],[70.6,1078,128],[70.6,1116],[76.5,162],[58.8,139,88,128,165]];
var addUpHalf = [259,42.5,94,15.4,256,42,[67.6,1078],[60.6,99],[70.6,165],[100,172,149,155],[100,172,155],[100,149]];
var lastUpdateTime = '2025-01-20 10:21:05';
