var arrLeague = [5,'比利时甲组联赛','比利時甲組聯賽','Belgian Pro League','2025-2026','#FC9B0A','league_match/images/1j5w1nybsp9.png','比甲','比甲','BEL D1'];
var arrTeam = [[108,'拉路维尔','拉路維爾','LaLouviere','','images/108/1jyt3vg8g36.png',0],[118,'韦斯特鲁','韋斯達路','Westerlo','','images/118/1kenbgsmfr31.png',0],[122,'沙勒罗瓦','查內爾','Charleroi','','images/122/1j3veftrymp.png',0],[130,'标准列日','標準列治','Standard Liege','','images/130/1kenbgsmfre.png',0],[140,'根特','真特','KAA Gent','','images/140/1gv1yqjs390.png',0],[147,'亨克','亨克','Racing Genk','','images/147/1kenbmf1a511.png',0],[148,'布鲁日','布魯日','Club Brugge','','images/148/1hxqrpwvs12q.png',0],[153,'安德莱赫特','安德列治','Anderlecht','','images/153/1gv1yqjs302r.png',0],[156,'圣图尔登','聖圖爾登','Sint-Truidense','','images/156/1hcgsmb1gpc.png',0],[164,'色格拉布鲁日','色格拉布魯日','Cercle Brugge','','images/164/1gq1zqkdtp6.png',0],[1244,'梅赫伦','梅赫倫','Mechelen','','images/1244/1kenbmf1a823.png',0],[1317,'圣吉罗斯','聖吉羅斯','Saint Gilloise','','images/1317/1hxqrpwvsyx.png',0],[1319,'威尔郡','威爾郡','Zulte-Waregem','','images/1319/1kenbmf2anj.png',0],[1686,'安特卫普','安特衛普','Royal Antwerp','','images/1686/1gtqkzv9yt13.png',0],[2606,'旧海弗莱鲁汶','奧特希費利','Oud-Heverlee Leuven','','images/2606/1gq15c96p07.png',0],[2607,'洛默尔','隆姆','KVSK Lommel','','images/167125977966.png',0],[3349,'登德','登達','FCV Dender EH','','images/3349/1j3s147skh2w.png',0]];
var TotalPanLu = [[1,2607,2,1,0,1,2,0,0,2,100,0,0],[2,156,40,17,5,18,26,1,13,13,65,2.5,32.5],[3,1319,36,8,7,21,20,3,13,7,55.6,8.3,36.1],[4,140,41,17,4,20,22,3,16,6,53.7,7.3,39],[5,130,40,7,10,23,20,4,16,4,50,10,40],[6,1686,40,15,5,20,20,2,18,2,50,5,45],[7,1317,40,38,0,2,20,2,18,2,50,5,45],[8,1244,40,8,6,26,19,3,18,1,47.5,7.5,45],[9,108,36,5,5,26,17,3,16,1,47.2,8.3,44.4],[10,148,40,38,0,2,18,5,17,1,45,12.5,42.5],[11,2606,40,7,7,26,18,3,19,-1,45,7.5,47.5],[12,118,40,14,10,16,17,3,20,-3,42.5,7.5,50],[13,122,40,19,6,15,17,1,22,-5,42.5,2.5,55],[14,153,40,29,0,11,16,1,23,-7,40,2.5,57.5],[15,3349,38,3,3,32,15,4,19,-4,39.5,10.5,50],[16,164,36,18,4,14,14,3,19,-5,38.9,8.3,52.8],[17,147,41,34,2,5,12,3,26,-14,29.3,7.3,63.4]];
var HomePanLu = [[1,156,20,13,0,7,15,0,5,10,75,0,25],[2,1317,20,20,0,0,14,1,5,9,70,5,25],[3,148,20,20,0,0,11,0,9,2,55,0,45],[4,140,21,13,1,7,11,2,8,3,52.4,9.5,38.1],[5,2607,1,1,0,0,1,0,0,1,100,0,0],[6,1319,18,7,5,6,9,2,7,2,50,11.1,38.9],[7,1686,20,14,0,6,10,1,9,1,50,5,45],[8,1244,20,7,4,9,9,2,9,0,45,10,45],[9,153,20,16,0,4,9,1,10,-1,45,5,50],[10,118,20,12,4,4,8,1,11,-3,40,5,55],[11,2606,20,7,6,7,8,1,11,-3,40,5,55],[12,108,18,4,5,9,7,3,8,-1,38.9,16.7,44.4],[13,130,20,7,8,5,7,3,10,-3,35,15,50],[14,122,20,15,1,4,7,1,12,-5,35,5,60],[15,3349,19,3,3,13,5,2,12,-7,26.3,10.5,63.2],[16,164,18,14,0,4,4,1,13,-9,22.2,5.6,72.2],[17,147,20,18,0,2,4,1,15,-11,20,5,75]];
var GuestPanLu = [[1,130,20,0,2,18,13,1,6,7,65,5,30],[2,1319,18,1,2,15,11,1,6,5,61.1,5.6,33.3],[3,164,18,4,4,10,10,2,6,4,55.6,11.1,33.3],[4,140,20,4,3,13,11,1,8,3,55,5,40],[5,156,20,4,5,11,11,1,8,3,55,5,40],[6,108,18,1,0,17,10,0,8,2,55.6,0,44.4],[7,3349,19,0,0,19,10,2,7,3,52.6,10.5,36.8],[8,2607,1,0,0,1,1,0,0,1,100,0,0],[9,2606,20,0,1,19,10,2,8,2,50,10,40],[10,1244,20,1,2,17,10,1,9,1,50,5,45],[11,1686,20,1,5,14,10,1,9,1,50,5,45],[12,122,20,4,5,11,10,0,10,0,50,0,50],[13,118,20,2,6,12,9,2,9,0,45,10,45],[14,147,21,16,2,3,8,2,11,-3,38.1,9.5,52.4],[15,148,20,18,0,2,7,5,8,-1,35,25,40],[16,153,20,13,0,7,7,0,13,-6,35,0,65],[17,1317,20,18,0,2,6,1,13,-7,30,5,65]];
var TotalHalfPanLu = [[1,1244,40,6,13,21,22,5,13,9,55,12.5,32.5],[2,3349,38,1,13,24,20,5,13,7,52.6,13.2,34.2],[3,130,40,2,18,20,19,11,10,9,47.5,27.5,25],[4,2606,40,4,16,20,19,8,13,6,47.5,20,32.5],[5,164,36,12,14,10,17,5,14,3,47.2,13.9,38.9],[6,156,40,13,14,13,18,8,14,4,45,20,35],[7,118,40,11,15,14,18,5,17,1,45,12.5,42.5],[8,1317,40,35,4,1,18,2,20,-2,45,5,50],[9,122,40,14,16,10,17,7,16,1,42.5,17.5,40],[10,1319,36,4,17,15,15,7,14,1,41.7,19.4,38.9],[11,140,41,10,16,15,17,7,17,0,41.5,17.1,41.5],[12,148,40,35,4,1,16,2,22,-6,40,5,55],[13,108,36,1,17,18,13,10,13,0,36.1,27.8,36.1],[14,1686,40,8,19,13,12,10,18,-6,30,25,45],[15,153,40,21,11,8,12,3,25,-13,30,7.5,62.5],[16,147,41,28,11,2,11,6,24,-13,26.8,14.6,58.5],[17,2607,2,0,2,0,0,1,1,-1,0,50,50]];
var HomeHalfPanLu = [[1,1244,20,6,9,5,12,4,4,8,60,20,20],[2,1317,20,19,1,0,11,1,8,3,55,5,40],[3,156,20,12,3,5,11,1,8,3,55,5,40],[4,3349,19,1,11,7,10,4,5,5,52.6,21.1,26.3],[5,148,20,19,1,0,10,1,9,1,50,5,45],[6,1319,18,4,11,3,8,3,7,1,44.4,16.7,38.9],[7,164,18,11,4,3,8,2,8,0,44.4,11.1,44.4],[8,140,21,9,8,4,9,3,9,0,42.9,14.3,42.9],[9,2606,20,4,11,5,8,5,7,1,40,25,35],[10,118,20,11,5,4,7,2,11,-4,35,10,55],[11,130,20,2,13,5,6,8,6,0,30,40,30],[12,122,20,14,4,2,6,4,10,-4,30,20,50],[13,108,18,1,13,4,5,7,6,-1,27.8,38.9,33.3],[14,1686,20,8,9,3,5,5,10,-5,25,25,50],[15,153,20,14,4,2,5,1,14,-9,25,5,70],[16,147,20,18,2,0,3,0,17,-14,15,0,85],[17,2607,1,0,1,0,0,0,1,-1,0,0,100]];
var GuestHalfPanLu = [[1,130,20,0,5,15,13,3,4,9,65,15,20],[2,118,20,0,10,10,11,3,6,5,55,15,30],[3,122,20,0,12,8,11,3,6,5,55,15,30],[4,2606,20,0,5,15,11,3,6,5,55,15,30],[5,3349,19,0,2,17,10,1,8,2,52.6,5.3,42.1],[6,164,18,1,10,7,9,3,6,3,50,16.7,33.3],[7,1244,20,0,4,16,10,1,9,1,50,5,45],[8,108,18,0,4,14,8,3,7,1,44.4,16.7,38.9],[9,140,20,1,8,11,8,4,8,0,40,20,40],[10,147,21,10,9,2,8,6,7,1,38.1,28.6,33.3],[11,1319,18,0,6,12,7,4,7,0,38.9,22.2,38.9],[12,156,20,1,11,8,7,7,6,1,35,35,30],[13,1686,20,0,10,10,7,5,8,-1,35,25,40],[14,153,20,7,7,6,7,2,11,-4,35,10,55],[15,1317,20,16,3,1,7,1,12,-5,35,5,60],[16,148,20,16,3,1,6,1,13,-7,30,5,65],[17,2607,1,0,1,0,0,1,0,0,0,100,0]];
var addUp = [139,44.1,22,7,154,48.9,[100,2607],[63.4,147],[100,2607],[75,147],[100,2607],[65,153,1317],[12.5,148],[0,2607]];
var addUpHalf = [124,39.4,51,16.2,140,44.4,[55,1244],[62.5,153],[60,1244],[100,2607],[65,130],[65,148],[50,2607],[5,1317,148]];
var lastUpdateTime = '2026-06-02 05:30:02';
