var arrLeague = [5,'比利时甲组联赛','比利時甲組聯賽','Belgian Pro League','2025-2026','#FC9B0A','league_match/images/1j5w1nybsp9.png','比甲','比甲','BEL D1'];
var arrTeam = [[108,'拉路维尔','拉路維爾','LaLouviere','','images/108/1jyt3vg8g36.png',0],[118,'韦斯特鲁','韋斯達路','Westerlo','','images/118/1kenbgsmfr31.png',0],[122,'沙勒罗瓦','查內爾','Charleroi','','images/122/1j3veftrymp.png',0],[130,'标准列日','標準列治','Standard Liege','','images/130/1kenbgsmfre.png',0],[140,'根特','真特','KAA Gent','','images/140/1gv1yqjs390.png',0],[147,'亨克','亨克','Racing Genk','','images/147/1kenbmf1a511.png',0],[148,'布鲁日','布魯日','Club Brugge','','images/148/1hxqrpwvs12q.png',0],[153,'安德莱赫特','安德列治','Anderlecht','','images/153/1gv1yqjs302r.png',0],[156,'圣图尔登','聖圖爾登','Sint-Truidense','','images/156/1hcgsmb1gpc.png',0],[164,'色格拉布鲁日','色格拉布魯日','Cercle Brugge','','images/164/1gq1zqkdtp6.png',0],[1244,'梅赫伦','梅赫倫','Mechelen','','images/1244/1kenbmf1a823.png',0],[1317,'圣吉罗斯','聖吉羅斯','Saint Gilloise','','images/1317/1hxqrpwvsyx.png',0],[1319,'威尔郡','威爾郡','Zulte-Waregem','','images/1319/1kenbmf2anj.png',0],[1686,'安特卫普','安特衛普','Royal Antwerp','','images/1686/1gtqkzv9yt13.png',0],[2606,'旧海弗莱鲁汶','奧特希費利','Oud-Heverlee Leuven','','images/2606/1gq15c96p07.png',0],[2607,'洛默尔','隆姆','KVSK Lommel','','images/167125977966.png',0],[3349,'登德','登達','FCV Dender EH','','images/3349/1j3s147skh2w.png',0]];
var TotalBs = [[1,153,40,21,0,19,52.5,0,47.5],[2,156,40,20,1,19,50,2.5,47.5],[3,164,36,19,2,15,52.8,5.6,41.7],[4,1319,36,19,0,17,52.8,0,47.2],[5,147,41,19,2,20,46.3,4.9,48.8],[6,140,41,19,0,22,46.3,0,53.7],[7,3349,38,18,2,18,47.4,5.3,47.4],[8,148,40,18,4,18,45,10,45],[9,108,36,17,0,19,47.2,0,52.8],[10,130,40,17,1,22,42.5,2.5,55],[11,2606,40,17,1,22,42.5,2.5,55],[12,122,40,16,0,24,40,0,60],[13,1244,40,15,4,21,37.5,10,52.5],[14,1317,40,15,1,24,37.5,2.5,60],[15,1686,40,15,1,24,37.5,2.5,60],[16,118,40,14,1,25,35,2.5,62.5],[17,2607,2,1,0,1,50,0,50]];
var HomeBs = [[1,153,20,12,0,8,60,0,40],[2,164,18,11,2,5,61.1,11.1,27.8],[3,3349,19,11,0,8,57.9,0,42.1],[4,148,20,10,2,8,50,10,40],[5,156,20,10,1,9,50,5,45],[6,1686,20,9,1,10,45,5,50],[7,2606,20,9,0,11,45,0,55],[8,130,20,9,0,11,45,0,55],[9,1319,18,8,0,10,44.4,0,55.6],[10,1317,20,8,1,11,40,5,55],[11,118,20,8,1,11,40,5,55],[12,122,20,8,0,12,40,0,60],[13,140,21,8,0,13,38.1,0,61.9],[14,1244,20,7,1,12,35,5,60],[15,147,20,6,1,13,30,5,65],[16,108,18,5,0,13,27.8,0,72.2],[17,2607,1,1,0,0,100,0,0]];
var GuestBs = [[1,147,21,13,1,7,61.9,4.8,33.3],[2,108,18,12,0,6,66.7,0,33.3],[3,1319,18,11,0,7,61.1,0,38.9],[4,140,20,11,0,9,55,0,45],[5,156,20,10,0,10,50,0,50],[6,153,20,9,0,11,45,0,55],[7,1244,20,8,3,9,40,15,45],[8,164,18,8,0,10,44.4,0,55.6],[9,148,20,8,2,10,40,10,50],[10,130,20,8,1,11,40,5,55],[11,2606,20,8,1,11,40,5,55],[12,122,20,8,0,12,40,0,60],[13,3349,19,7,2,10,36.8,10.5,52.6],[14,1317,20,7,0,13,35,0,65],[15,1686,20,6,0,14,30,0,70],[16,118,20,6,0,14,30,0,70],[17,2607,1,0,0,1,0,0,100]];
var TotalBsHalf = [[1,164,36,17,4,15,47.2,11.1,41.7],[2,153,40,17,3,20,42.5,7.5,50],[3,148,40,17,0,23,42.5,0,57.5],[4,130,40,15,7,18,37.5,17.5,45],[5,2606,40,14,3,23,35,7.5,57.5],[6,118,40,14,1,25,35,2.5,62.5],[7,140,41,14,1,26,34.1,2.4,63.4],[8,147,41,14,1,26,34.1,2.4,63.4],[9,122,40,13,7,20,32.5,17.5,50],[10,1319,36,13,0,23,36.1,0,63.9],[11,156,40,13,1,26,32.5,2.5,65],[12,108,36,12,6,18,33.3,16.7,50],[13,3349,38,12,4,22,31.6,10.5,57.9],[14,1686,40,12,5,23,30,12.5,57.5],[15,1244,40,11,5,24,27.5,12.5,60],[16,1317,40,10,4,26,25,10,65],[17,2607,2,0,0,2,0,0,100]];
var HomeBsHalf = [[1,148,20,11,0,9,55,0,45],[2,164,18,10,2,6,55.6,11.1,33.3],[3,118,20,10,0,10,50,0,50],[4,2606,20,9,2,9,45,10,45],[5,153,20,8,1,11,40,5,55],[6,3349,19,7,3,9,36.8,15.8,47.4],[7,1319,18,7,0,11,38.9,0,61.1],[8,1686,20,7,2,11,35,10,55],[9,140,21,7,0,14,33.3,0,66.7],[10,130,20,6,6,8,30,30,40],[11,122,20,6,3,11,30,15,55],[12,147,20,6,0,14,30,0,70],[13,156,20,5,1,14,25,5,70],[14,1317,20,5,0,15,25,0,75],[15,108,18,3,4,11,16.7,22.2,61.1],[16,1244,20,2,2,16,10,10,80],[17,2607,1,0,0,1,0,0,100]];
var GuestBsHalf = [[1,108,18,9,2,7,50,11.1,38.9],[2,1244,20,9,3,8,45,15,40],[3,153,20,9,2,9,45,10,45],[4,130,20,9,1,10,45,5,50],[5,156,20,8,0,12,40,0,60],[6,147,21,8,1,12,38.1,4.8,57.1],[7,164,18,7,2,9,38.9,11.1,50],[8,122,20,7,4,9,35,20,45],[9,140,20,7,1,12,35,5,60],[10,1319,18,6,0,12,33.3,0,66.7],[11,148,20,6,0,14,30,0,70],[12,1317,20,5,4,11,25,20,55],[13,1686,20,5,3,12,25,15,60],[14,3349,19,5,1,13,26.3,5.3,68.4],[15,2606,20,5,1,14,25,5,70],[16,118,20,4,1,15,20,5,75],[17,2607,1,0,0,1,0,0,100]];
var addUp = [280,44.4,20,3.2,330,52.4,[52.8,164,1319],[62.5,118],[100,2607],[72.2,108],[66.7,108],[100,2607]];
var addUpHalf = [218,34.6,52,8.3,360,57.1,[47.2,164],[100,2607],[55.6,164],[100,2607],[50,108],[100,2607]];
var lastUpdateTime = '2026-06-02 05:29:59';
