var arrLeague = [22,'挪威超级联赛','挪威超級聯賽','Norway Eliteserien','2014','#666666','league_match/images/20200420075346.jpg','挪超','挪超','NOR D1'];
var arrTeam = [[472,'博德闪耀','波杜基林特','Bodo Glimt','','images/472/1kjxw3jrj728.png',0],[475,'斯塔贝克','史達比克','Stabaek','','images/475/1gq6j9e9y51x.png',0],[479,'奥德','奧特足球會','Odds Ballklubb','','images/479/1jjx4n5qy3b.png',0],[485,'瓦勒伦加','華拿倫加','Valerenga','','images/485/1gxmbkap742v.png',0],[495,'维京','維京','Viking','','images/495/1km206hznr1r.png',0],[498,'布兰','白蘭恩','Brann','','images/498/1kenbmf765v.png',0],[505,'莫尔德','莫迪','Molde','','images/505/1gxmbm1nc618.png',0],[507,'罗森博格','洛辛堡','Rosenborg BK','','images/507/1gxmbm1ncb32.png',0],[509,'利勒斯特罗姆','利尼史特朗','Lillestrom','','images/509/1gxmbm1nc124.png',0],[512,'松达尔','桑恩達','Sogndal','','images/512/1grmmxhterh.png',0],[1280,'奥勒松','阿利辛特','Aalesund FK','','images/1280/1km206j04qg.png',0],[1284,'斯达','史達','Start Kristiansand','','images/1284/1gxmbp25v21r.png',0],[1285,'斯托姆加斯特','史卓加斯特','Stromsgodset','','images/1285/1gxmbm1ncn10.png',0],[2255,'萨普斯堡','薩普斯堡','Sarpsborg 08','','images/2255/1kk5pbdfmw1q.png',0],[2774,'桑德尼斯','辛尼斯','Sandnes Ulf','','images/2774/1gxmbp25vm10.png',0],[2822,'海于格松','侯格辛特','Haugesund','','images/2822/1knjwpjf8b2q.png',0]];
var TotalPanLu = [[1,505,30,27,1,2,19,1,10,9,63.3,3.3,33.3],[2,507,30,24,2,4,18,1,11,7,60,3.3,36.7],[3,509,30,14,3,13,18,0,12,6,60,0,40],[4,479,30,21,3,6,17,1,12,5,56.7,3.3,40],[5,2255,30,8,5,17,17,1,12,5,56.7,3.3,40],[6,475,30,6,3,21,15,2,13,2,50,6.7,43.3],[7,1280,30,12,1,17,15,1,14,1,50,3.3,46.7],[8,2822,30,11,1,18,15,0,15,0,50,0,50],[9,1285,30,22,4,4,14,1,15,-1,46.7,3.3,50],[10,485,30,12,4,14,14,1,15,-1,46.7,3.3,50],[11,472,30,13,2,15,14,0,16,-2,46.7,0,53.3],[12,2774,30,6,1,23,12,1,17,-5,40,3.3,56.7],[13,498,30,10,3,17,12,0,18,-6,40,0,60],[14,1284,30,11,3,16,12,0,18,-6,40,0,60],[15,512,30,5,4,21,11,1,18,-7,36.7,3.3,60],[16,495,30,16,4,10,10,3,17,-7,33.3,10,56.7]];
var HomePanLu = [[1,507,15,15,0,0,11,0,4,7,73.3,0,26.7],[2,2255,15,8,3,4,10,1,4,6,66.7,6.7,26.7],[3,509,15,11,2,2,10,0,5,5,66.7,0,33.3],[4,505,15,15,0,0,9,1,5,4,60,6.7,33.3],[5,479,15,15,0,0,8,1,6,2,53.3,6.7,40],[6,472,15,11,2,2,8,0,7,1,53.3,0,46.7],[7,1285,15,14,1,0,8,0,7,1,53.3,0,46.7],[8,1280,15,11,0,4,8,0,7,1,53.3,0,46.7],[9,2822,15,11,0,4,8,0,7,1,53.3,0,46.7],[10,485,15,11,1,3,7,1,7,0,46.7,6.7,46.7],[11,475,15,6,3,6,6,1,8,-2,40,6.7,53.3],[12,512,15,5,4,6,6,1,8,-2,40,6.7,53.3],[13,2774,15,6,1,8,6,0,9,-3,40,0,60],[14,1284,15,11,2,2,6,0,9,-3,40,0,60],[15,495,15,13,1,1,4,1,10,-6,26.7,6.7,66.7],[16,498,15,10,2,3,4,0,11,-7,26.7,0,73.3]];
var GuestPanLu = [[1,505,15,12,1,2,10,0,5,5,66.7,0,33.3],[2,475,15,0,0,15,9,1,5,4,60,6.7,33.3],[3,479,15,6,3,6,9,0,6,3,60,0,40],[4,498,15,0,1,14,8,0,7,1,53.3,0,46.7],[5,509,15,3,1,11,8,0,7,1,53.3,0,46.7],[6,1280,15,1,1,13,7,1,7,0,46.7,6.7,46.7],[7,507,15,9,2,4,7,1,7,0,46.7,6.7,46.7],[8,485,15,1,3,11,7,0,8,-1,46.7,0,53.3],[9,2255,15,0,2,13,7,0,8,-1,46.7,0,53.3],[10,2822,15,0,1,14,7,0,8,-1,46.7,0,53.3],[11,495,15,3,3,9,6,2,7,-1,40,13.3,46.7],[12,1285,15,8,3,4,6,1,8,-2,40,6.7,53.3],[13,2774,15,0,0,15,6,1,8,-2,40,6.7,53.3],[14,1284,15,0,1,14,6,0,9,-3,40,0,60],[15,472,15,2,0,13,6,0,9,-3,40,0,60],[16,512,15,0,0,15,5,0,10,-5,33.3,0,66.7]];
var TotalHalfPanLu = [[1,2774,30,1,2,5,19,3,8,11,63.3,10,26.7],[2,505,30,7,1,0,19,1,10,9,63.3,3.3,33.3],[3,509,30,2,4,2,15,7,8,7,50,23.3,26.7],[4,507,30,5,2,1,15,3,12,3,50,10,40],[5,2822,30,1,5,2,15,3,12,3,50,10,40],[6,2255,30,2,1,5,14,4,12,2,46.7,13.3,40],[7,475,30,0,3,5,14,2,14,0,46.7,6.7,46.7],[8,1280,30,2,1,5,13,5,12,1,43.3,16.7,40],[9,485,30,4,1,3,13,4,13,0,43.3,13.3,43.3],[10,495,30,3,2,3,13,4,13,0,43.3,13.3,43.3],[11,1284,30,4,0,4,13,3,14,-1,43.3,10,46.7],[12,472,30,1,3,4,11,3,16,-5,36.7,10,53.3],[13,479,30,5,2,1,11,3,16,-5,36.7,10,53.3],[14,512,30,2,2,4,9,5,16,-7,30,16.7,53.3],[15,498,30,4,2,2,9,3,18,-9,30,10,60],[16,1285,30,4,3,1,9,3,18,-9,30,10,60]];
var HomeHalfPanLu = [[1,509,15,2,2,0,9,2,4,5,60,13.3,26.7],[2,505,15,4,0,0,9,0,6,3,60,0,40],[3,2255,15,2,1,1,8,3,4,4,53.3,20,26.7],[4,2774,15,1,2,1,8,3,4,4,53.3,20,26.7],[5,2822,15,1,3,0,8,0,7,1,53.3,0,46.7],[6,507,15,5,0,0,8,0,7,1,53.3,0,46.7],[7,485,15,3,1,1,8,0,7,1,53.3,0,46.7],[8,475,15,0,3,0,6,2,7,-1,40,13.3,46.7],[9,1280,15,2,0,1,5,4,6,-1,33.3,26.7,40],[10,1285,15,3,1,0,5,1,9,-4,33.3,6.7,60],[11,472,15,1,3,0,4,3,8,-4,26.7,20,53.3],[12,498,15,4,0,0,4,2,9,-5,26.7,13.3,60],[13,1284,15,4,0,0,4,2,9,-5,26.7,13.3,60],[14,495,15,3,0,1,4,1,10,-6,26.7,6.7,66.7],[15,479,15,4,0,0,4,0,11,-7,26.7,0,73.3],[16,512,15,2,1,1,3,5,7,-4,20,33.3,46.7]];
var GuestHalfPanLu = [[1,2774,15,0,0,4,11,0,4,7,73.3,0,26.7],[2,505,15,3,1,0,10,1,4,6,66.7,6.7,26.7],[3,495,15,0,2,2,9,3,3,6,60,20,20],[4,1284,15,0,0,4,9,1,5,4,60,6.7,33.3],[5,1280,15,0,1,4,8,1,6,2,53.3,6.7,40],[6,475,15,0,0,5,8,0,7,1,53.3,0,46.7],[7,479,15,1,2,1,7,3,5,2,46.7,20,33.3],[8,507,15,0,2,1,7,3,5,2,46.7,20,33.3],[9,2822,15,0,2,2,7,3,5,2,46.7,20,33.3],[10,472,15,0,0,4,7,0,8,-1,46.7,0,53.3],[11,509,15,0,2,2,6,5,4,2,40,33.3,26.7],[12,2255,15,0,0,4,6,1,8,-2,40,6.7,53.3],[13,512,15,0,1,3,6,0,9,-3,40,0,60],[14,485,15,1,0,2,5,4,6,-1,33.3,26.7,40],[15,498,15,0,2,2,5,1,9,-4,33.3,6.7,60],[16,1285,15,1,2,1,4,2,9,-5,26.7,13.3,60]];
var addUp = [119,49.6,7,2.9,114,47.5,[63.3,505],[60,498,1284,512],[73.3,507],[73.3,498],[66.7,505],[66.7,512],[10,495],[0,509,2822,472,498,1284]];
var addUpHalf = [97,40.4,28,11.7,115,47.9,[63.3,2774,505],[60,498,1285],[60,509,505],[73.3,479],[73.3,2774],[60,512,498,1285],[23.3,509],[3.3,505]];
var lastUpdateTime = '2026-04-07 16:54:19';
