var arrLeague = [22,'挪威超级联赛','挪威超級聯賽','Norway Eliteserien','2014','#666666','league_match/images/20200420075346.jpg','挪超','挪超','NOR D1'];
var arrTeam = [[472,'博德闪耀','波杜基林特','Bodo Glimt','','images/472/1kjxw3jrj728.png',0],[475,'斯塔贝克','史達比克','Stabaek','','images/475/1gq6j9e9y51x.png',0],[479,'奥德','奧特足球會','Odds Ballklubb','','images/479/1jjx4n5qy3b.png',0],[485,'瓦勒伦加','華拿倫加','Valerenga','','images/485/1gxmbkap742v.png',0],[495,'维京','維京','Viking','','images/495/1km206hznr1r.png',0],[498,'布兰','白蘭恩','Brann','','images/498/1kenbmf765v.png',0],[505,'莫尔德','莫迪','Molde','','images/505/1gxmbm1nc618.png',0],[507,'罗森博格','洛辛堡','Rosenborg BK','','images/507/1gxmbm1ncb32.png',0],[509,'利勒斯特罗姆','利尼史特朗','Lillestrom','','images/509/1gxmbm1nc124.png',0],[512,'松达尔','桑恩達','Sogndal','','images/512/1grmmxhterh.png',0],[1280,'奥勒松','阿利辛特','Aalesund FK','','images/1280/1km206j04qg.png',0],[1284,'斯达','史達','Start Kristiansand','','images/1284/1gxmbp25v21r.png',0],[1285,'斯托姆加斯特','史卓加斯特','Stromsgodset','','images/1285/1gxmbm1ncn10.png',0],[2255,'萨普斯堡','薩普斯堡','Sarpsborg 08','','images/2255/1kk5pbdfmw1q.png',0],[2774,'桑德尼斯','辛尼斯','Sandnes Ulf','','images/2774/1gxmbp25vm10.png',0],[2822,'海于格松','侯格辛特','Haugesund','','images/2822/1knjwpjf8b2q.png',0]];
var TotalBs = [[1,1284,30,21,1,8,70,3.3,26.7],[2,472,30,20,2,8,66.7,6.7,26.7],[3,485,30,18,4,8,60,13.3,26.7],[4,475,30,18,1,11,60,3.3,36.7],[5,507,30,17,1,12,56.7,3.3,40],[6,479,30,16,0,14,53.3,0,46.7],[7,498,30,15,3,12,50,10,40],[8,1285,30,15,3,12,50,10,40],[9,1280,30,15,2,13,50,6.7,43.3],[10,2255,30,15,1,14,50,3.3,46.7],[11,2822,30,14,3,13,46.7,10,43.3],[12,512,30,14,2,14,46.7,6.7,46.7],[13,509,30,14,1,15,46.7,3.3,50],[14,2774,30,12,4,14,40,13.3,46.7],[15,505,30,12,2,16,40,6.7,53.3],[16,495,30,12,2,16,40,6.7,53.3]];
var HomeBs = [[1,1284,15,11,0,4,73.3,0,26.7],[2,507,15,10,0,5,66.7,0,33.3],[3,472,15,9,2,4,60,13.3,26.7],[4,485,15,9,2,4,60,13.3,26.7],[5,479,15,9,0,6,60,0,40],[6,1280,15,9,0,6,60,0,40],[7,505,15,8,2,5,53.3,13.3,33.3],[8,2822,15,8,0,7,53.3,0,46.7],[9,1285,15,7,1,7,46.7,6.7,46.7],[10,2255,15,7,1,7,46.7,6.7,46.7],[11,509,15,7,1,7,46.7,6.7,46.7],[12,475,15,7,1,7,46.7,6.7,46.7],[13,495,15,6,2,7,40,13.3,46.7],[14,498,15,6,2,7,40,13.3,46.7],[15,512,15,6,0,9,40,0,60],[16,2774,15,5,2,8,33.3,13.3,53.3]];
var GuestBs = [[1,472,15,11,0,4,73.3,0,26.7],[2,475,15,11,0,4,73.3,0,26.7],[3,1284,15,10,1,4,66.7,6.7,26.7],[4,485,15,9,2,4,60,13.3,26.7],[5,498,15,9,1,5,60,6.7,33.3],[6,1285,15,8,2,5,53.3,13.3,33.3],[7,512,15,8,2,5,53.3,13.3,33.3],[8,2255,15,8,0,7,53.3,0,46.7],[9,2774,15,7,2,6,46.7,13.3,40],[10,507,15,7,1,7,46.7,6.7,46.7],[11,509,15,7,0,8,46.7,0,53.3],[12,479,15,7,0,8,46.7,0,53.3],[13,2822,15,6,3,6,40,20,40],[14,1280,15,6,2,7,40,13.3,46.7],[15,495,15,6,0,9,40,0,60],[16,505,15,4,0,11,26.7,0,73.3]];
var TotalBsHalf = [[1,485,30,18,3,9,60,10,30],[2,507,30,15,3,12,50,10,40],[3,472,30,15,2,13,50,6.7,43.3],[4,1285,29,14,0,15,48.3,0,51.7],[5,2822,30,13,6,11,43.3,20,36.7],[6,509,29,13,3,13,44.8,10.3,44.8],[7,498,29,13,0,16,44.8,0,55.2],[8,1284,29,12,3,14,41.4,10.3,48.3],[9,495,29,11,3,15,37.9,10.3,51.7],[10,2255,30,11,3,16,36.7,10,53.3],[11,512,30,10,8,12,33.3,26.7,40],[12,505,30,10,3,17,33.3,10,56.7],[13,475,29,10,1,18,34.5,3.4,62.1],[14,479,29,9,5,15,31,17.2,51.7],[15,2774,30,9,4,17,30,13.3,56.7],[16,1280,29,8,7,14,27.6,24.1,48.3]];
var HomeBsHalf = [[1,1285,15,10,0,5,66.7,0,33.3],[2,472,15,9,1,5,60,6.7,33.3],[3,485,15,9,1,5,60,6.7,33.3],[4,505,15,8,0,7,53.3,0,46.7],[5,507,15,7,2,6,46.7,13.3,40],[6,495,15,7,0,8,46.7,0,53.3],[7,2822,15,6,4,5,40,26.7,33.3],[8,509,15,6,3,6,40,20,40],[9,1284,15,6,2,7,40,13.3,46.7],[10,2255,15,5,2,8,33.3,13.3,53.3],[11,2774,15,5,2,8,33.3,13.3,53.3],[12,475,15,5,1,9,33.3,6.7,60],[13,479,15,5,1,9,33.3,6.7,60],[14,512,15,4,3,8,26.7,20,53.3],[15,498,15,4,0,11,26.7,0,73.3],[16,1280,15,1,5,9,6.7,33.3,60]];
var GuestBsHalf = [[1,485,15,9,2,4,60,13.3,26.7],[2,498,14,9,0,5,64.3,0,35.7],[3,507,15,8,1,6,53.3,6.7,40],[4,1280,14,7,2,5,50,14.3,35.7],[5,2822,15,7,2,6,46.7,13.3,40],[6,509,14,7,0,7,50,0,50],[7,512,15,6,5,4,40,33.3,26.7],[8,1284,14,6,1,7,42.9,7.1,50],[9,2255,15,6,1,8,40,6.7,53.3],[10,472,15,6,1,8,40,6.7,53.3],[11,475,14,5,0,9,35.7,0,64.3],[12,479,14,4,4,6,28.6,28.6,42.9],[13,495,14,4,3,7,28.6,21.4,50],[14,2774,15,4,2,9,26.7,13.3,60],[15,1285,14,4,0,10,28.6,0,71.4],[16,505,15,2,3,10,13.3,20,66.7]];
var addUp = [248,51.7,32,6.7,200,41.7,[70,1284],[53.3,505,495],[73.3,1284],[60,512],[73.3,472,475],[73.3,505]];
var addUpHalf = [191,40.5,54,11.4,227,48.1,[60,485],[62.1,475],[66.7,1285],[73.3,498],[64.3,498],[71.4,1285]];
var lastUpdateTime = '2026-04-07 16:54:32';
