var arrLeague = [273,'澳洲甲组联赛','澳洲甲組聯賽','Australia A-League','2017-2018','#FF7000','league_match/images/167305577951.png','澳洲甲','澳洲甲','AUS D1'];
var arrTeam = [[2900,'阿德莱德联','阿德萊德聯','Adelaide United','','images/2900/1hd5avvjts1y.png',0],[2901,'墨尔本胜利','墨爾本勝利','Melbourne Victory','','images/2901/1jaekt97145.png',0],[2909,'悉尼FC','悉尼FC','Sydney FC','','images/2909/1gq92j83knp.png',0],[2910,'中央海岸水手','中岸水手','Central Coast Mariners','','images/2910/1hd5avvjt32h.png',0],[2913,'珀斯光荣','珀斯光輝','Perth Glory','','images/2913/1h5bja71yq6.png',0],[2914,'布里斯班狮吼','布里斯本獅吼','Brisbane Roar','','images/2914/1j63q4e1gy18.png',0],[2915,'纽卡斯尔喷气机','紐卡素噴射機','Newcastle Jets','','images/2915/1hdajpw3vks.png',0],[5953,'惠灵顿凤凰','威靈頓鳳凰','Wellington Phoenix','','images/5953/1h6z210pqs2n.png',0],[14549,'墨尔本城','墨爾本城','Melbourne City','','images/14549/1gq92j83kv7.png',0],[20394,'西悉尼流浪者','西悉尼流浪者','Western Sydney','','images/20130923112441.png',0]];
var TotalPanLu = [[1,2915,29,14,8,7,18,2,9,9,62.1,6.9,31],[2,2909,28,27,1,0,17,2,9,8,60.7,7.1,32.1],[3,2900,28,6,8,14,14,2,12,2,50,7.1,42.9],[4,2901,30,17,7,6,14,1,15,-1,46.7,3.3,50],[5,2910,27,3,4,20,12,1,14,-2,44.4,3.7,51.9],[6,20394,27,11,5,11,12,1,14,-2,44.4,3.7,51.9],[7,2913,27,8,2,17,12,0,15,-3,44.4,0,55.6],[8,5953,27,4,3,20,11,3,13,-2,40.7,11.1,48.1],[9,2914,28,8,4,16,11,2,15,-4,39.3,7.1,53.6],[10,14549,29,18,6,5,11,2,16,-5,37.9,6.9,55.2]];
var HomePanLu = [[1,2915,16,10,5,1,9,1,6,3,56.2,6.2,37.5],[2,2909,15,15,0,0,8,1,6,2,53.3,6.7,40],[3,2913,13,8,1,4,7,0,6,1,53.8,0,46.2],[4,2900,13,6,5,2,6,2,5,1,46.2,15.4,38.5],[5,20394,13,9,2,2,6,0,7,-1,46.2,0,53.8],[6,2901,15,13,1,1,6,0,9,-3,40,0,60],[7,5953,13,4,3,6,5,2,6,-1,38.5,15.4,46.2],[8,2910,13,3,4,6,5,1,7,-2,38.5,7.7,53.8],[9,14549,15,12,1,2,5,1,9,-4,33.3,6.7,60],[10,2914,14,8,2,4,4,0,10,-6,28.6,0,71.4]];
var GuestPanLu = [[1,2915,13,4,3,6,9,1,3,6,69.2,7.7,23.1],[2,2909,13,12,1,0,9,1,3,6,69.2,7.7,23.1],[3,2901,15,4,6,5,8,1,6,2,53.3,6.7,40],[4,2900,15,0,3,12,8,0,7,1,53.3,0,46.7],[5,2914,14,0,2,12,7,2,5,2,50,14.3,35.7],[6,2910,14,0,0,14,7,0,7,0,50,0,50],[7,20394,14,2,3,9,6,1,7,-1,42.9,7.1,50],[8,5953,14,0,0,14,6,1,7,-1,42.9,7.1,50],[9,14549,14,6,5,3,6,1,7,-1,42.9,7.1,50],[10,2913,14,0,1,13,5,0,9,-4,35.7,0,64.3]];
var TotalHalfPanLu = [[1,2909,28,25,3,0,16,3,9,7,57.1,10.7,32.1],[2,2910,27,1,8,18,15,1,11,4,55.6,3.7,40.7],[3,20394,27,7,14,6,14,1,12,2,51.9,3.7,44.4],[4,2900,28,5,13,10,14,4,10,4,50,14.3,35.7],[5,2914,28,5,11,12,13,3,12,1,46.4,10.7,42.9],[6,2915,29,8,16,5,13,4,12,1,44.8,13.8,41.4],[7,5953,27,1,9,17,12,3,12,0,44.4,11.1,44.4],[8,2901,30,14,13,3,10,4,16,-6,33.3,13.3,53.3],[9,2913,27,6,8,13,9,3,15,-6,33.3,11.1,55.6],[10,14549,29,14,13,2,9,4,16,-7,31,13.8,55.2]];
var HomeHalfPanLu = [[1,2909,15,15,0,0,9,0,6,3,60,0,40],[2,2900,13,5,6,2,7,2,4,3,53.8,15.4,30.8],[3,2915,16,7,8,1,6,2,8,-2,37.5,12.5,50],[4,20394,13,7,5,1,5,1,7,-2,38.5,7.7,53.8],[5,2910,13,1,8,4,5,1,7,-2,38.5,7.7,53.8],[6,2914,14,5,7,2,5,2,7,-2,35.7,14.3,50],[7,5953,13,1,8,4,4,3,6,-2,30.8,23.1,46.2],[8,2913,13,6,4,3,4,0,9,-5,30.8,0,69.2],[9,14549,15,10,4,1,3,2,10,-7,20,13.3,66.7],[10,2901,15,11,4,0,3,2,10,-7,20,13.3,66.7]];
var GuestHalfPanLu = [[1,2910,14,0,0,14,10,0,4,6,71.4,0,28.6],[2,20394,14,0,9,5,9,0,5,4,64.3,0,35.7],[3,2914,14,0,4,10,8,1,5,3,57.1,7.1,35.7],[4,5953,14,0,1,13,8,0,6,2,57.1,0,42.9],[5,2909,13,10,3,0,7,3,3,4,53.8,23.1,23.1],[6,2915,13,1,8,4,7,2,4,3,53.8,15.4,30.8],[7,2901,15,3,9,3,7,2,6,1,46.7,13.3,40],[8,2900,15,0,7,8,7,2,6,1,46.7,13.3,40],[9,14549,14,4,9,1,6,2,6,0,42.9,14.3,42.9],[10,2913,14,0,4,10,5,3,6,-1,35.7,21.4,42.9]];
var addUp = [61,43.6,8,5.7,71,50.7,[62.1,2915],[55.6,2913],[56.2,2915],[71.4,2914],[69.2,2915,2909],[64.3,2913],[11.1,5953],[0,2913]];
var addUpHalf = [51,36.4,15,10.7,74,52.9,[57.1,2909],[55.6,2913],[60,2909],[69.2,2913],[71.4,2910],[42.9,5953,14549,2913],[14.3,2900],[3.7,2910,20394]];
var lastUpdateTime = '2025-01-19 11:33:05';
