var arrLeague = [273,'澳洲甲组联赛','澳洲甲組聯賽','Australia A-League','2017-2018','#FF7000','league_match/images/167305577951.png','澳洲甲','澳洲甲','AUS D1'];
var arrTeam = [[2900,'阿德莱德联','阿德萊德聯','Adelaide United','','images/2900/1hd5avvjts1y.png',0],[2901,'墨尔本胜利','墨爾本勝利','Melbourne Victory','','images/2901/1jaekt97145.png',0],[2909,'悉尼FC','悉尼FC','Sydney FC','','images/2909/1gq92j83knp.png',0],[2910,'中央海岸水手','中岸水手','Central Coast Mariners','','images/2910/1hd5avvjt32h.png',0],[2913,'珀斯光荣','珀斯光輝','Perth Glory','','images/2913/1h5bja71yq6.png',0],[2914,'布里斯班狮吼','布里斯本獅吼','Brisbane Roar','','images/2914/1j63q4e1gy18.png',0],[2915,'纽卡斯尔喷气机','紐卡素噴射機','Newcastle Jets','','images/2915/1hdajpw3vks.png',0],[5953,'惠灵顿凤凰','威靈頓鳳凰','Wellington Phoenix','','images/5953/1h6z210pqs2n.png',0],[14549,'墨尔本城','墨爾本城','Melbourne City','','images/14549/1gq92j83kv7.png',0],[20394,'西悉尼流浪者','西悉尼流浪者','Western Sydney','','images/20130923112441.png',0]];
var TotalBs = [[1,2909,28,17,3,8,60.7,10.7,28.6],[2,2915,29,17,4,8,58.6,13.8,27.6],[3,20394,27,17,0,10,63,0,37],[4,2913,27,16,2,9,59.3,7.4,33.3],[5,2901,30,16,2,12,53.3,6.7,40],[6,5953,27,15,2,10,55.6,7.4,37],[7,14549,29,15,3,11,51.7,10.3,37.9],[8,2914,28,15,2,11,53.6,7.1,39.3],[9,2900,28,15,2,11,53.6,7.1,39.3],[10,2910,27,11,2,14,40.7,7.4,51.9]];
var HomeBs = [[1,2909,15,11,1,3,73.3,6.7,20],[2,20394,13,10,0,3,76.9,0,23.1],[3,2915,16,9,1,6,56.2,6.2,37.5],[4,5953,13,8,1,4,61.5,7.7,30.8],[5,2901,15,8,2,5,53.3,13.3,33.3],[6,14549,15,7,0,8,46.7,0,53.3],[7,2913,13,6,2,5,46.2,15.4,38.5],[8,2900,13,6,1,6,46.2,7.7,46.2],[9,2914,14,6,2,6,42.9,14.3,42.9],[10,2910,13,6,1,6,46.2,7.7,46.2]];
var GuestBs = [[1,2913,14,10,0,4,71.4,0,28.6],[2,2914,14,9,0,5,64.3,0,35.7],[3,2900,15,9,1,5,60,6.7,33.3],[4,2915,13,8,3,2,61.5,23.1,15.4],[5,14549,14,8,3,3,57.1,21.4,21.4],[6,2901,15,8,0,7,53.3,0,46.7],[7,5953,14,7,1,6,50,7.1,42.9],[8,20394,14,7,0,7,50,0,50],[9,2909,13,6,2,5,46.2,15.4,38.5],[10,2910,14,5,1,8,35.7,7.1,57.1]];
var TotalBsHalf = [[1,20394,27,14,6,7,51.9,22.2,25.9],[2,2915,29,14,4,11,48.3,13.8,37.9],[3,2913,27,14,1,12,51.9,3.7,44.4],[4,2914,28,13,4,11,46.4,14.3,39.3],[5,14549,29,13,4,12,44.8,13.8,41.4],[6,2909,28,13,2,13,46.4,7.1,46.4],[7,5953,27,12,4,11,44.4,14.8,40.7],[8,2901,30,11,5,14,36.7,16.7,46.7],[9,2900,28,10,10,8,35.7,35.7,28.6],[10,2910,27,6,4,17,22.2,14.8,63]];
var HomeBsHalf = [[1,2909,15,9,1,5,60,6.7,33.3],[2,20394,13,8,2,3,61.5,15.4,23.1],[3,5953,13,7,3,3,53.8,23.1,23.1],[4,2900,13,6,5,2,46.2,38.5,15.4],[5,2914,14,6,2,6,42.9,14.3,42.9],[6,2915,16,6,4,6,37.5,25,37.5],[7,2901,15,6,0,9,40,0,60],[8,2910,13,4,2,7,30.8,15.4,53.8],[9,2913,13,4,1,8,30.8,7.7,61.5],[10,14549,15,4,2,9,26.7,13.3,60]];
var GuestBsHalf = [[1,2913,14,10,0,4,71.4,0,28.6],[2,14549,14,9,2,3,64.3,14.3,21.4],[3,2915,13,8,0,5,61.5,0,38.5],[4,2914,14,7,2,5,50,14.3,35.7],[5,20394,14,6,4,4,42.9,28.6,28.6],[6,2901,15,5,5,5,33.3,33.3,33.3],[7,5953,14,5,1,8,35.7,7.1,57.1],[8,2900,15,4,5,6,26.7,33.3,40],[9,2909,13,4,1,8,30.8,7.7,61.5],[10,2910,14,2,2,10,14.3,14.3,71.4]];
var addUp = [154,55,22,7.9,104,37.1,[63,20394],[51.9,2910],[76.9,20394],[53.3,14549],[71.4,2913],[57.1,2910]];
var addUpHalf = [120,42.9,44,15.7,116,41.4,[51.9,20394,2913],[63,2910],[61.5,20394],[61.5,2913],[71.4,2913],[71.4,2910]];
var lastUpdateTime = '2025-01-19 11:33:17';
