var arrLeague = [273,'澳大利亚足球超级联赛','澳大利亞足球超級聯賽','Australia A-League','2025-2026','#FF7000','league_match/images/167305577951.png','澳超','澳超','AUS D1'];
var arrTeam = [[2900,'阿德莱德联','阿德萊德聯','Adelaide United','','images/2900/1hd5avvjts1y.png',0],[2901,'墨尔本胜利','墨爾本勝利','Melbourne Victory','','images/2901/1jaekt97145.png',0],[2909,'悉尼FC','悉尼FC','Sydney FC','','images/2909/1gq92j83knp.png',0],[2910,'中央海岸水手','中岸水手','Central Coast Mariners','','images/2910/1hd5avvjt32h.png',0],[2913,'珀斯光荣','珀斯光輝','Perth Glory','','images/2913/1h5bja71yq6.png',0],[2914,'布里斯班狮吼','布里斯本獅吼','Brisbane Roar','','images/2914/1j63q4e1gy18.png',0],[2915,'纽卡斯尔喷气机','紐卡素噴射機','Newcastle Jets','','images/2915/1hdajpw3vks.png',0],[5953,'惠灵顿凤凰','威靈頓鳳凰','Wellington Phoenix','','images/5953/1h6z210pqs2n.png',0],[14549,'墨尔本城','墨爾本城','Melbourne City','','images/14549/1gq92j83kv7.png',0],[20394,'西悉尼流浪者','西悉尼流浪者','Western Sydney','','images/20394/1k2dzr1cfd1j.png',0],[51511,'麦克阿瑟FC','麥克阿瑟FC','FC Macarthur','','images/51511/1gq6jzjepr13.png',0],[70866,'奥克兰FC','奧克蘭FC','Auckland FC','','images/70866/1jaekvhmhj27.png',0]];
var TotalPanLu = [[1,2900,28,11,4,13,17,0,11,6,60.7,0,39.3],[2,2915,28,12,4,12,17,0,11,6,60.7,0,39.3],[3,2910,26,1,2,23,14,3,9,5,53.8,11.5,34.6],[4,70866,30,23,4,3,16,0,14,2,53.3,0,46.7],[5,2913,26,4,2,20,14,0,12,2,53.8,0,46.2],[6,5953,26,4,3,19,13,1,12,1,50,3.8,46.2],[7,2901,27,19,3,5,13,1,13,0,48.1,3.7,48.1],[8,2909,30,21,3,6,14,0,16,-2,46.7,0,53.3],[9,51511,26,8,5,13,12,2,12,0,46.2,7.7,46.2],[10,2914,26,7,7,12,11,2,13,-2,42.3,7.7,50],[11,14549,27,19,5,3,11,1,15,-4,40.7,3.7,55.6],[12,20394,26,10,6,10,4,4,18,-14,15.4,15.4,69.2]];
var HomePanLu = [[1,2900,14,8,4,2,8,0,6,2,57.1,0,42.9],[2,2910,13,1,2,10,7,2,4,3,53.8,15.4,30.8],[3,2915,14,9,1,4,7,0,7,0,50,0,50],[4,51511,13,6,3,4,6,2,5,1,46.2,15.4,38.5],[5,5953,13,4,2,7,6,0,7,-1,46.2,0,53.8],[6,2913,13,4,2,7,6,0,7,-1,46.2,0,53.8],[7,2901,14,13,0,1,6,0,8,-2,42.9,0,57.1],[8,2914,13,5,4,4,5,1,7,-2,38.5,7.7,53.8],[9,14549,13,11,2,0,5,0,8,-3,38.5,0,61.5],[10,70866,16,16,0,0,6,0,10,-4,37.5,0,62.5],[11,2909,14,13,1,0,5,0,9,-4,35.7,0,64.3],[12,20394,13,8,3,2,2,2,9,-7,15.4,15.4,69.2]];
var GuestPanLu = [[1,2915,14,3,3,8,10,0,4,6,71.4,0,28.6],[2,70866,14,7,4,3,10,0,4,6,71.4,0,28.6],[3,2900,14,3,0,11,9,0,5,4,64.3,0,35.7],[4,2913,13,0,0,13,8,0,5,3,61.5,0,38.5],[5,2909,16,8,2,6,9,0,7,2,56.2,0,43.8],[6,2910,13,0,0,13,7,1,5,2,53.8,7.7,38.5],[7,2901,13,6,3,4,7,1,5,2,53.8,7.7,38.5],[8,5953,13,0,1,12,7,1,5,2,53.8,7.7,38.5],[9,2914,13,2,3,8,6,1,6,0,46.2,7.7,46.2],[10,51511,13,2,2,9,6,0,7,-1,46.2,0,53.8],[11,14549,14,8,3,3,6,1,7,-1,42.9,7.1,50],[12,20394,13,2,3,8,2,2,9,-7,15.4,15.4,69.2]];
var TotalHalfPanLu = [[1,2910,26,0,6,20,16,2,8,8,61.5,7.7,30.8],[2,2913,26,4,6,16,16,0,10,6,61.5,0,38.5],[3,2914,26,5,12,9,13,2,11,2,50,7.7,42.3],[4,2900,28,5,15,8,13,3,12,1,46.4,10.7,42.9],[5,70866,30,20,10,0,13,6,11,2,43.3,20,36.7],[6,2915,28,10,10,8,12,5,11,1,42.9,17.9,39.3],[7,51511,26,5,11,10,11,5,10,1,42.3,19.2,38.5],[8,2901,27,13,12,2,10,6,11,-1,37,22.2,40.7],[9,20394,26,8,13,5,9,6,11,-2,34.6,23.1,42.3],[10,5953,26,2,6,18,9,3,14,-5,34.6,11.5,53.8],[11,14549,27,15,11,1,9,5,13,-4,33.3,18.5,48.1],[12,2909,30,13,14,3,5,11,14,-9,16.7,36.7,46.7]];
var HomeHalfPanLu = [[1,2910,13,0,6,7,7,2,4,3,53.8,15.4,30.8],[2,14549,13,9,4,0,6,2,5,1,46.2,15.4,38.5],[3,2914,13,4,8,1,6,1,6,0,46.2,7.7,46.2],[4,2900,14,4,9,1,6,1,7,-1,42.9,7.1,50],[5,70866,16,14,2,0,6,1,9,-3,37.5,6.2,56.2],[6,2913,13,4,4,5,5,0,8,-3,38.5,0,61.5],[7,2915,14,8,4,2,5,3,6,-1,35.7,21.4,42.9],[8,2901,14,10,4,0,5,2,7,-2,35.7,14.3,50],[9,51511,13,4,6,3,4,3,6,-2,30.8,23.1,46.2],[10,5953,13,2,5,6,3,3,7,-4,23.1,23.1,53.8],[11,20394,13,7,6,0,2,5,6,-4,15.4,38.5,46.2],[12,2909,14,9,5,0,0,4,10,-10,0,28.6,71.4]];
var GuestHalfPanLu = [[1,2913,13,0,2,11,11,0,2,9,84.6,0,15.4],[2,2910,13,0,0,13,9,0,4,5,69.2,0,30.8],[3,51511,13,1,5,7,7,2,4,3,53.8,15.4,30.8],[4,20394,13,1,7,5,7,1,5,2,53.8,7.7,38.5],[5,2914,13,1,4,8,7,1,5,2,53.8,7.7,38.5],[6,70866,14,6,8,0,7,5,2,5,50,35.7,14.3],[7,2915,14,2,6,6,7,2,5,2,50,14.3,35.7],[8,2900,14,1,6,7,7,2,5,2,50,14.3,35.7],[9,5953,13,0,1,12,6,0,7,-1,46.2,0,53.8],[10,2901,13,3,8,2,5,4,4,1,38.5,30.8,30.8],[11,2909,16,4,9,3,5,7,4,1,31.2,43.8,25],[12,14549,14,6,7,1,3,3,8,-5,21.4,21.4,57.1]];
var addUp = [69,42.3,7,4.3,87,53.4,[60.7,2900,2915],[69.2,20394],[57.1,2900],[69.2,20394],[71.4,2915,70866],[69.2,20394],[15.4,20394],[0,2900,2915,70866,2913,2909]];
var addUpHalf = [55,33.7,27,16.6,81,49.7,[61.5,2910,2913],[53.8,5953],[53.8,2910],[71.4,2909],[84.6,2913],[57.1,14549],[36.7,2909],[0,2913]];
var lastUpdateTime = '2026-05-24 15:00:23';
