var arrLeague = [273,'澳大利亚足球超级联赛','澳大利亞足球超級聯賽','Australia A-League','2025-2026','#FF7000','league_match/images/167305577951.png','澳超','澳超','AUS D1'];
var arrTeam = [[2900,'阿德莱德联','阿德萊德聯','Adelaide United','','images/2900/1hd5avvjts1y.png',0],[2901,'墨尔本胜利','墨爾本勝利','Melbourne Victory','','images/2901/1jaekt97145.png',0],[2909,'悉尼FC','悉尼FC','Sydney FC','','images/2909/1gq92j83knp.png',0],[2910,'中央海岸水手','中岸水手','Central Coast Mariners','','images/2910/1hd5avvjt32h.png',0],[2913,'珀斯光荣','珀斯光輝','Perth Glory','','images/2913/1h5bja71yq6.png',0],[2914,'布里斯班狮吼','布里斯本獅吼','Brisbane Roar','','images/2914/1j63q4e1gy18.png',0],[2915,'纽卡斯尔喷气机','紐卡素噴射機','Newcastle Jets','','images/2915/1hdajpw3vks.png',0],[5953,'惠灵顿凤凰','威靈頓鳳凰','Wellington Phoenix','','images/5953/1h6z210pqs2n.png',0],[14549,'墨尔本城','墨爾本城','Melbourne City','','images/14549/1gq92j83kv7.png',0],[20394,'西悉尼流浪者','西悉尼流浪者','Western Sydney','','images/20394/1k2dzr1cfd1j.png',0],[51511,'麦克阿瑟FC','麥克阿瑟FC','FC Macarthur','','images/51511/1gq6jzjepr13.png',0],[70866,'奥克兰FC','奧克蘭FC','Auckland FC','','images/70866/1jaekvhmhj27.png',0]];
var TotalBs = [[1,5953,26,16,2,8,61.5,7.7,30.8],[2,2910,26,16,1,9,61.5,3.8,34.6],[3,2913,26,14,0,12,53.8,0,46.2],[4,2914,26,14,0,12,53.8,0,46.2],[5,2915,28,14,1,13,50,3.6,46.4],[6,70866,30,13,3,14,43.3,10,46.7],[7,51511,26,11,2,13,42.3,7.7,50],[8,2901,27,11,3,13,40.7,11.1,48.1],[9,14549,27,11,1,15,40.7,3.7,55.6],[10,2900,28,10,6,12,35.7,21.4,42.9],[11,20394,26,9,1,16,34.6,3.8,61.5],[12,2909,30,5,4,21,16.7,13.3,70]];
var HomeBs = [[1,5953,13,8,2,3,61.5,15.4,23.1],[2,51511,13,7,1,5,53.8,7.7,38.5],[3,2913,13,7,0,6,53.8,0,46.2],[4,2914,13,7,0,6,53.8,0,46.2],[5,70866,16,7,2,7,43.8,12.5,43.8],[6,2900,14,6,3,5,42.9,21.4,35.7],[7,14549,13,6,1,6,46.2,7.7,46.2],[8,2910,13,6,1,6,46.2,7.7,46.2],[9,2901,14,6,1,7,42.9,7.1,50],[10,2915,14,6,0,8,42.9,0,57.1],[11,2909,14,3,1,10,21.4,7.1,71.4],[12,20394,13,3,0,10,23.1,0,76.9]];
var GuestBs = [[1,2910,13,10,0,3,76.9,0,23.1],[2,2915,14,8,1,5,57.1,7.1,35.7],[3,5953,13,8,0,5,61.5,0,38.5],[4,2913,13,7,0,6,53.8,0,46.2],[5,2914,13,7,0,6,53.8,0,46.2],[6,20394,13,6,1,6,46.2,7.7,46.2],[7,70866,14,6,1,7,42.9,7.1,50],[8,2901,13,5,2,6,38.5,15.4,46.2],[9,14549,14,5,0,9,35.7,0,64.3],[10,2900,14,4,3,7,28.6,21.4,50],[11,51511,13,4,1,8,30.8,7.7,61.5],[12,2909,16,2,3,11,12.5,18.8,68.8]];
var TotalBsHalf = [[1,70866,30,12,8,10,40,26.7,33.3],[2,2910,26,12,2,12,46.2,7.7,46.2],[3,2915,28,12,0,16,42.9,0,57.1],[4,5953,26,11,5,10,42.3,19.2,38.5],[5,2913,26,11,4,11,42.3,15.4,42.3],[6,20394,26,10,1,15,38.5,3.8,57.7],[7,2901,27,9,4,14,33.3,14.8,51.9],[8,51511,26,9,2,15,34.6,7.7,57.7],[9,2900,28,9,1,18,32.1,3.6,64.3],[10,14549,27,8,8,11,29.6,29.6,40.7],[11,2914,26,7,10,9,26.9,38.5,34.6],[12,2909,30,4,1,25,13.3,3.3,83.3]];
var HomeBsHalf = [[1,70866,16,8,4,4,50,25,25],[2,5953,13,6,2,5,46.2,15.4,38.5],[3,2915,14,6,0,8,42.9,0,57.1],[4,51511,13,5,2,6,38.5,15.4,46.2],[5,14549,13,5,2,6,38.5,15.4,46.2],[6,2901,14,5,3,6,35.7,21.4,42.9],[7,2910,13,5,2,6,38.5,15.4,46.2],[8,20394,13,5,0,8,38.5,0,61.5],[9,2914,13,4,5,4,30.8,38.5,30.8],[10,2913,13,3,3,7,23.1,23.1,53.8],[11,2900,14,3,0,11,21.4,0,78.6],[12,2909,14,2,0,12,14.3,0,85.7]];
var GuestBsHalf = [[1,2913,13,8,1,4,61.5,7.7,30.8],[2,2910,13,7,0,6,53.8,0,46.2],[3,2900,14,6,1,7,42.9,7.1,50],[4,2915,14,6,0,8,42.9,0,57.1],[5,5953,13,5,3,5,38.5,23.1,38.5],[6,20394,13,5,1,7,38.5,7.7,53.8],[7,70866,14,4,4,6,28.6,28.6,42.9],[8,2901,13,4,1,8,30.8,7.7,61.5],[9,51511,13,4,0,9,30.8,0,69.2],[10,14549,14,3,6,5,21.4,42.9,35.7],[11,2914,13,3,5,5,23.1,38.5,38.5],[12,2909,16,2,1,13,12.5,6.2,81.2]];
var addUp = [144,44.2,24,7.4,158,48.5,[61.5,5953,2910],[70,2909],[61.5,5953],[76.9,20394],[76.9,2910],[68.8,2909]];
var addUpHalf = [114,35,46,14.1,166,50.9,[46.2,2910],[83.3,2909],[50,70866],[85.7,2909],[61.5,2913],[81.2,2909]];
var lastUpdateTime = '2026-05-24 15:00:38';
