var arrLeague = [11,'法国甲组联赛','法國甲組聯賽','France Ligue 1','2023-2024','#663333','league_match/images/1j5w0b66k318.png','法甲','法甲','FRA D1'];
var arrTeam = [[197,'摩纳哥','摩納哥','Monaco','','images/16487116696.png',0],[202,'朗斯','朗斯','Lens','','images/164871168519.png',0],[205,'里昂','里昂','Lyon','','images/164871170063.png',0],[211,'马赛','馬賽','Marseille','','images/164871172839.png',0],[214,'梅斯','梅斯','Metz','','images/214/1h51a55zp72q.png',0],[216,'图卢兹','圖魯茲','Toulouse','','images/216/1j5hgyxgzaq.png',0],[251,'雷恩','雷恩','Rennes','','images/164871175839.png',0],[259,'尼斯','奈斯','Nice','','images/164871179882.png',0],[260,'斯特拉斯堡','史特拉斯堡','Strasbourg','','images/164871181440.png',0],[263,'南特','南特','Nantes','','images/263/1h5bjb8w5p2j.png',0],[266,'里尔','利爾','Lille','','images/164871184077.png',0],[271,'巴黎圣日尔曼','巴黎聖日門','Paris Saint Germain (PSG)','','images/164871185439.png',0],[306,'布雷斯特','比斯特','Stade Brestois','','images/164871188569.png',0],[313,'克莱蒙','克萊蒙特','Clermont','','images/164871190892.png',0],[333,'洛里昂','羅連安特','Lorient','','images/164871192161.png',0],[335,'勒阿弗尔','勒哈費爾','Le Havre','','images/335/1hkgsvdrhc1c.png',0],[351,'蒙彼利埃','蒙彼利埃','Montpellier','','images/164871193456.png',0],[4957,'兰斯','蘭斯','Reims','','images/164871196247.png',0]];
var TotalBs = [[1,333,34,22,0,12,64.7,0,35.3],[2,205,34,19,1,14,55.9,2.9,41.2],[3,251,34,19,0,15,55.9,0,44.1],[4,216,34,18,3,13,52.9,8.8,38.2],[5,197,34,17,3,14,50,8.8,41.2],[6,260,34,17,2,15,50,5.9,44.1],[7,4957,34,17,2,15,50,5.9,44.1],[8,313,34,17,0,17,50,0,50],[9,335,34,17,0,17,50,0,50],[10,351,34,17,0,17,50,0,50],[11,211,34,17,0,17,50,0,50],[12,214,34,17,0,17,50,0,50],[13,271,34,16,3,15,47.1,8.8,44.1],[14,266,34,15,1,18,44.1,2.9,52.9],[15,263,34,15,0,19,44.1,0,55.9],[16,202,34,13,2,19,38.2,5.9,55.9],[17,306,34,13,0,21,38.2,0,61.8],[18,259,34,12,1,21,35.3,2.9,61.8]];
var HomeBs = [[1,251,17,12,0,5,70.6,0,29.4],[2,271,17,11,0,6,64.7,0,35.3],[3,333,17,11,0,6,64.7,0,35.3],[4,216,17,10,1,6,58.8,5.9,35.3],[5,260,17,10,1,6,58.8,5.9,35.3],[6,205,17,9,1,7,52.9,5.9,41.2],[7,211,17,9,0,8,52.9,0,47.1],[8,214,17,9,0,8,52.9,0,47.1],[9,266,17,8,1,8,47.1,5.9,47.1],[10,335,17,8,0,9,47.1,0,52.9],[11,351,17,8,0,9,47.1,0,52.9],[12,263,17,8,0,9,47.1,0,52.9],[13,4957,17,7,1,9,41.2,5.9,52.9],[14,313,17,7,0,10,41.2,0,58.8],[15,197,17,6,2,9,35.3,11.8,52.9],[16,202,17,6,1,10,35.3,5.9,58.8],[17,259,17,5,1,11,29.4,5.9,64.7],[18,306,17,5,0,12,29.4,0,70.6]];
var GuestBs = [[1,197,17,11,1,5,64.7,5.9,29.4],[2,333,17,11,0,6,64.7,0,35.3],[3,4957,17,10,1,6,58.8,5.9,35.3],[4,313,17,10,0,7,58.8,0,41.2],[5,205,17,10,0,7,58.8,0,41.2],[6,335,17,9,0,8,52.9,0,47.1],[7,351,17,9,0,8,52.9,0,47.1],[8,216,17,8,2,7,47.1,11.8,41.2],[9,306,17,8,0,9,47.1,0,52.9],[10,211,17,8,0,9,47.1,0,52.9],[11,214,17,8,0,9,47.1,0,52.9],[12,202,17,7,1,9,41.2,5.9,52.9],[13,260,17,7,1,9,41.2,5.9,52.9],[14,263,17,7,0,10,41.2,0,58.8],[15,266,17,7,0,10,41.2,0,58.8],[16,251,17,7,0,10,41.2,0,58.8],[17,259,17,7,0,10,41.2,0,58.8],[18,271,17,5,3,9,29.4,17.6,52.9]];
var TotalBsHalf = [[1,197,34,18,1,15,52.9,2.9,44.1],[2,271,34,17,0,17,50,0,50],[3,214,34,16,6,12,47.1,17.6,35.3],[4,333,34,15,4,15,44.1,11.8,44.1],[5,211,34,14,9,11,41.2,26.5,32.4],[6,260,34,14,8,12,41.2,23.5,35.3],[7,266,34,13,8,13,38.2,23.5,38.2],[8,205,34,13,8,13,38.2,23.5,38.2],[9,4957,34,13,5,16,38.2,14.7,47.1],[10,313,34,12,11,11,35.3,32.4,32.4],[11,251,34,11,9,14,32.4,26.5,41.2],[12,216,34,10,11,13,29.4,32.4,38.2],[13,202,34,10,11,13,29.4,32.4,38.2],[14,263,34,10,8,16,29.4,23.5,47.1],[15,351,34,9,12,13,26.5,35.3,38.2],[16,259,34,9,11,14,26.5,32.4,41.2],[17,306,34,9,10,15,26.5,29.4,44.1],[18,335,34,9,8,17,26.5,23.5,50]];
var HomeBsHalf = [[1,271,17,10,0,7,58.8,0,41.2],[2,214,17,9,5,3,52.9,29.4,17.6],[3,205,17,8,4,5,47.1,23.5,29.4],[4,211,17,8,3,6,47.1,17.6,35.3],[5,333,17,8,3,6,47.1,17.6,35.3],[6,251,17,7,6,4,41.2,35.3,23.5],[7,266,17,7,4,6,41.2,23.5,35.3],[8,260,17,7,2,8,41.2,11.8,47.1],[9,197,17,7,0,10,41.2,0,58.8],[10,202,17,6,5,6,35.3,29.4,35.3],[11,306,17,6,4,7,35.3,23.5,41.2],[12,263,17,5,5,7,29.4,29.4,41.2],[13,216,17,5,5,7,29.4,29.4,41.2],[14,259,17,4,5,8,23.5,29.4,47.1],[15,313,17,4,5,8,23.5,29.4,47.1],[16,4957,17,4,4,9,23.5,23.5,52.9],[17,351,17,3,7,7,17.6,41.2,41.2],[18,335,17,3,3,11,17.6,17.6,64.7]];
var GuestBsHalf = [[1,197,17,11,1,5,64.7,5.9,29.4],[2,4957,17,9,1,7,52.9,5.9,41.2],[3,313,17,8,6,3,47.1,35.3,17.6],[4,260,17,7,6,4,41.2,35.3,23.5],[5,214,17,7,1,9,41.2,5.9,52.9],[6,333,17,7,1,9,41.2,5.9,52.9],[7,271,17,7,0,10,41.2,0,58.8],[8,211,17,6,6,5,35.3,35.3,29.4],[9,335,17,6,5,6,35.3,29.4,35.3],[10,351,17,6,5,6,35.3,29.4,35.3],[11,266,17,6,4,7,35.3,23.5,41.2],[12,259,17,5,6,6,29.4,35.3,35.3],[13,216,17,5,6,6,29.4,35.3,35.3],[14,205,17,5,4,8,29.4,23.5,47.1],[15,263,17,5,3,9,29.4,17.6,52.9],[16,202,17,4,6,7,23.5,35.3,41.2],[17,251,17,4,3,10,23.5,17.6,58.8],[18,306,17,3,6,8,17.6,35.3,47.1]];
var addUp = [298,48.7,18,2.9,296,48.4,[64.7,333],[61.8,306,259],[70.6,251],[70.6,306],[64.7,197,333],[58.8,263,266,251,259]];
var addUpHalf = [222,36.3,140,22.9,250,40.8,[52.9,197],[50,271,335],[58.8,271],[64.7,335],[64.7,197],[58.8,271,251]];
var lastUpdateTime = '2025-01-18 10:07:11';
