var arrLeague = [60,'中国超级联赛','中國超級聯賽','Chinese Super League','2021','#0066FF','league_match/images/166674992094.png','中超','中超','CHA CSL'];
var arrTeam = [[37,'深圳队','深圳隊','Shenzhen FC','','images/37/1gy3vkgfwq2z.png',0],[39,'上海申花','上海申花','Shanghai Shenhua','','images/39/1gy3vjsrhn1p.png',0],[40,'山东泰山','山東泰山','Shandong Taishan','','images/40/1gy3vjsrhjq.png',0],[43,'北京国安','北京國安','Beijing Guoan','','images/1j8grm13nd21.png',0],[83,'重庆两江竞技','重慶兩江競技','Chongqing Liangjiang Athletic','','images/20180921192706.png',0],[89,'天津津门虎','天津津門虎','Tianjin Tigers','','images/89/1gy3vkgfwn2t.png',0],[528,'长春亚泰','長春亞泰','Changchun Yatai','','images/20180921180113.png',0],[535,'广州队','廣州隊','Guangzhou FC','','images/535/1hy4p3apdsh.png',0],[541,'河南队','河南隊','Henan Football Club','','images/541/1j39p5ccv415.png',0],[542,'浙江队','浙江隊','Zhejiang Greentown','','images/542/1h8qpaemwc10.png',0],[7642,'上海海港','上海海港','Shanghai Port','','images/7642/1h8n2nv7tw23.png',0],[13969,'大连人','大連人','Dalian Pro','','images/20200123150128.png',0],[16667,'武汉长江','武漢長江','Wuhan FC','','images/2013322180048.png',0],[16668,'广州城','廣州城','Guangzhou City','','images/165371552931.png',0],[16961,'河北队','河北隊','Hebei FC','','images/20180921193444.png',0],[16967,'沧州雄狮','滄州雄獅','Cangzhou Mighty Lions','','images/16967/1gy3vkgfwb2g.png',0],[21408,'青岛队','青島隊','Qingdao FC','','images/20170609110022.png',0],[40347,'成都蓉城','成都蓉城','Chengdu Rongcheng FC','','images/40347/1gy3vkgfwve.PNG',0]];
var TotalBs = [[1,37,22,14,0,8,63.6,0,36.4],[2,528,22,11,1,10,50,4.5,45.5],[3,40,22,11,0,11,50,0,50],[4,83,22,11,0,11,50,0,50],[5,16668,22,11,0,11,50,0,50],[6,21408,24,11,0,13,45.8,0,54.2],[7,16967,22,10,2,10,45.5,9.1,45.5],[8,7642,22,10,1,11,45.5,4.5,50],[9,39,22,10,1,11,45.5,4.5,50],[10,43,22,10,0,12,45.5,0,54.5],[11,89,22,10,0,12,45.5,0,54.5],[12,13969,24,10,1,13,41.7,4.2,54.2],[13,16667,22,9,1,12,40.9,4.5,54.5],[14,535,22,9,1,12,40.9,4.5,54.5],[15,16961,22,7,0,15,31.8,0,68.2],[16,541,22,4,0,18,18.2,0,81.8],[17,542,2,0,0,2,0,0,100],[18,40347,2,0,0,2,0,0,100]];
var HomeBs = [[1,16668,11,8,0,3,72.7,0,27.3],[2,89,11,7,0,4,63.6,0,36.4],[3,39,11,6,1,4,54.5,9.1,36.4],[4,40,11,6,0,5,54.5,0,45.5],[5,37,11,6,0,5,54.5,0,45.5],[6,21408,12,6,0,6,50,0,50],[7,535,11,5,1,5,45.5,9.1,45.5],[8,43,11,5,0,6,45.5,0,54.5],[9,83,11,5,0,6,45.5,0,54.5],[10,16667,11,5,0,6,45.5,0,54.5],[11,13969,12,5,0,7,41.7,0,58.3],[12,7642,11,4,1,6,36.4,9.1,54.5],[13,528,11,4,0,7,36.4,0,63.6],[14,16961,11,3,0,8,27.3,0,72.7],[15,16967,11,2,1,8,18.2,9.1,72.7],[16,541,11,2,0,9,18.2,0,81.8],[17,40347,1,0,0,1,0,0,100],[18,542,1,0,0,1,0,0,100]];
var GuestBs = [[1,16967,11,8,1,2,72.7,9.1,18.2],[2,37,11,8,0,3,72.7,0,27.3],[3,528,11,7,1,3,63.6,9.1,27.3],[4,7642,11,6,0,5,54.5,0,45.5],[5,83,11,6,0,5,54.5,0,45.5],[6,40,11,5,0,6,45.5,0,54.5],[7,13969,12,5,1,6,41.7,8.3,50],[8,43,11,5,0,6,45.5,0,54.5],[9,21408,12,5,0,7,41.7,0,58.3],[10,16667,11,4,1,6,36.4,9.1,54.5],[11,39,11,4,0,7,36.4,0,63.6],[12,16961,11,4,0,7,36.4,0,63.6],[13,535,11,4,0,7,36.4,0,63.6],[14,16668,11,3,0,8,27.3,0,72.7],[15,89,11,3,0,8,27.3,0,72.7],[16,541,11,2,0,9,18.2,0,81.8],[17,40347,1,0,0,1,0,0,100],[18,542,1,0,0,1,0,0,100]];
var TotalBsHalf = [[1,16667,22,12,3,7,54.5,13.6,31.8],[2,16668,22,10,5,7,45.5,22.7,31.8],[3,37,22,9,7,6,40.9,31.8,27.3],[4,21408,24,9,6,9,37.5,25,37.5],[5,83,22,9,3,10,40.9,13.6,45.5],[6,16967,22,8,9,5,36.4,40.9,22.7],[7,535,22,8,8,6,36.4,36.4,27.3],[8,40,22,8,8,6,36.4,36.4,27.3],[9,7642,22,8,7,7,36.4,31.8,31.8],[10,13969,24,8,7,9,33.3,29.2,37.5],[11,16961,22,7,5,10,31.8,22.7,45.5],[12,89,22,7,4,11,31.8,18.2,50],[13,528,22,6,7,9,27.3,31.8,40.9],[14,43,22,5,7,10,22.7,31.8,45.5],[15,39,22,5,5,12,22.7,22.7,54.5],[16,541,22,4,6,12,18.2,27.3,54.5],[17,542,2,1,0,1,50,0,50],[18,40347,2,0,1,1,0,50,50]];
var HomeBsHalf = [[1,16667,11,7,1,3,63.6,9.1,27.3],[2,16668,11,6,3,2,54.5,27.3,18.2],[3,21408,12,5,4,3,41.7,33.3,25],[4,7642,11,4,5,2,36.4,45.5,18.2],[5,16961,11,4,4,3,36.4,36.4,27.3],[6,535,11,4,3,4,36.4,27.3,36.4],[7,89,11,4,3,4,36.4,27.3,36.4],[8,83,11,4,2,5,36.4,18.2,45.5],[9,40,11,4,2,5,36.4,18.2,45.5],[10,541,11,4,2,5,36.4,18.2,45.5],[11,13969,12,4,2,6,33.3,16.7,50],[12,528,11,3,4,4,27.3,36.4,36.4],[13,37,11,3,3,5,27.3,27.3,45.5],[14,43,11,3,2,6,27.3,18.2,54.5],[15,16967,11,2,7,2,18.2,63.6,18.2],[16,39,11,1,1,9,9.1,9.1,81.8],[17,40347,1,0,1,0,0,100,0],[18,542,1,0,0,1,0,0,100]];
var GuestBsHalf = [[1,37,11,6,4,1,54.5,36.4,9.1],[2,16967,11,6,2,3,54.5,18.2,27.3],[3,16667,11,5,2,4,45.5,18.2,36.4],[4,83,11,5,1,5,45.5,9.1,45.5],[5,40,11,4,6,1,36.4,54.5,9.1],[6,535,11,4,5,2,36.4,45.5,18.2],[7,13969,12,4,5,3,33.3,41.7,25],[8,39,11,4,4,3,36.4,36.4,27.3],[9,7642,11,4,2,5,36.4,18.2,45.5],[10,16668,11,4,2,5,36.4,18.2,45.5],[11,21408,12,4,2,6,33.3,16.7,50],[12,528,11,3,3,5,27.3,27.3,45.5],[13,89,11,3,1,7,27.3,9.1,63.6],[14,16961,11,3,1,7,27.3,9.1,63.6],[15,43,11,2,5,4,18.2,45.5,36.4],[16,542,1,1,0,0,100,0,0],[17,40347,1,0,0,1,0,0,100],[18,541,11,0,4,7,0,36.4,63.6]];
var addUp = [158,43.9,8,2.2,194,53.9,[63.6,37],[100,542,40347],[72.7,16668],[100,40347,542],[72.7,16967,37],[100,40347,542]];
var addUpHalf = [124,34.4,98,27.2,138,38.3,[54.5,16667],[54.5,39,541],[63.6,16667],[100,542],[100,542],[100,40347]];
var lastUpdateTime = '2025-01-18 16:23:27';
