var arrLeague = [4,'巴西甲组联赛','巴西甲組聯賽','Brazil Serie A','2012','#996600','league_match/images/1ka8jt39av1h.png','巴西甲','巴西甲','BRA D1'];
var arrTeam = [[337,'桑托斯','山度士','Santos','','images/337/1kenbw23by2e.png',0],[343,'米内罗竞技','明尼路','Atletico Mineiro','','images/343/1kenc1xn9718.png',0],[349,'科林蒂安','哥連泰斯','Corinthians Paulista (SP)','','images/349/1kenbw23b02k.png',0],[350,'科里蒂巴','哥列迪巴','Coritiba PR','','images/350/1gy3wybtj81j.png',0],[354,'克鲁塞罗','高士路','Cruzeiro','','images/354/1kenc1xn9nx.png',0],[355,'费古埃伦斯','費古倫斯','Figueirense','','images/355/1km207s9j81s.png',0],[356,'弗拉门戈','法林明高','Flamengo','','images/356/1kenbw8gyq1r.png',0],[364,'格雷米奥','甘美奧','Gremio (RS)','','images/364/1kenc158vg5.png',0],[369,'巴西国际','國際體育會','Internacional RS','','images/369/1kenc158v02m.png',0],[381,'庞特普雷塔','邦迪比達','Ponte Preta','','images/381/1kenbw22w52.png',0],[453,'圣保罗','聖保羅','Sao Paulo','','images/453/1kenbw23bpc.png',0],[456,'瓦斯科达伽马','華斯高','Vasco da Gama','','images/456/1j9d3cawpjh.png',0],[465,'帕尔梅拉斯','彭美拉斯','Palmeiras','','images/465/1kenbw23vq1p.png',0],[467,'博塔弗戈','保地花高','Botafogo RJ','','images/467/1kkanen7g5z.png',0],[469,'弗鲁米嫩塞','富明尼斯','Fluminense RJ','','images/469/1hxqrprbsp13.png',0],[1884,'葡萄牙人','葡萄牙人','Portuguesa Desportos','','images/1884/1kenbw23bq24.png',0],[1944,'累西腓航海','紐迪高','Nautico (PE)','','images/1944/1grmn7hx11v.png',0],[1979,'巴伊亚','巴希亞','Bahia','','images/1979/1kenc22hj5r.png',0],[4176,'累西腓体育','利斯菲體育會','Sport Club do Recife','','images/4176/1kenc0zfrg21.png',0],[5156,'戈亚尼亚竞技','戈亞尼恩斯','Atletico Clube Goianiense','','images/5156/1km207s9ja1h.png',0]];
var TotalBs = [[1,350,38,25,0,13,65.8,0,34.2],[2,467,38,21,0,17,55.3,0,44.7],[3,1944,38,20,0,18,52.6,0,47.4],[4,465,38,20,0,18,52.6,0,47.4],[5,5156,38,20,0,18,52.6,0,47.4],[6,355,38,19,0,19,50,0,50],[7,354,38,18,0,20,47.4,0,52.6],[8,337,38,18,0,20,47.4,0,52.6],[9,381,38,18,0,20,47.4,0,52.6],[10,453,38,17,0,21,44.7,0,55.3],[11,469,38,17,0,21,44.7,0,55.3],[12,4176,38,17,0,21,44.7,0,55.3],[13,343,38,17,0,21,44.7,0,55.3],[14,364,38,17,0,21,44.7,0,55.3],[15,369,38,15,0,23,39.5,0,60.5],[16,456,38,15,0,23,39.5,0,60.5],[17,349,38,14,0,24,36.8,0,63.2],[18,356,38,13,0,25,34.2,0,65.8],[19,1979,38,13,0,25,34.2,0,65.8],[20,1884,38,12,0,26,31.6,0,68.4]];
var HomeBs = [[1,350,19,12,0,7,63.2,0,36.8],[2,469,19,11,0,8,57.9,0,42.1],[3,456,19,11,0,8,57.9,0,42.1],[4,467,19,11,0,8,57.9,0,42.1],[5,343,19,10,0,9,52.6,0,47.4],[6,354,19,10,0,9,52.6,0,47.4],[7,369,19,10,0,9,52.6,0,47.4],[8,337,19,10,0,9,52.6,0,47.4],[9,5156,19,9,0,10,47.4,0,52.6],[10,453,19,9,0,10,47.4,0,52.6],[11,349,19,8,0,11,42.1,0,57.9],[12,355,19,8,0,11,42.1,0,57.9],[13,1944,19,8,0,11,42.1,0,57.9],[14,465,19,8,0,11,42.1,0,57.9],[15,4176,19,8,0,11,42.1,0,57.9],[16,364,19,7,0,12,36.8,0,63.2],[17,381,19,7,0,12,36.8,0,63.2],[18,356,19,6,0,13,31.6,0,68.4],[19,1884,19,5,0,14,26.3,0,73.7],[20,1979,19,5,0,14,26.3,0,73.7]];
var GuestBs = [[1,350,19,13,0,6,68.4,0,31.6],[2,465,19,12,0,7,63.2,0,36.8],[3,1944,19,12,0,7,63.2,0,36.8],[4,381,19,11,0,8,57.9,0,42.1],[5,355,19,11,0,8,57.9,0,42.1],[6,5156,19,11,0,8,57.9,0,42.1],[7,364,19,10,0,9,52.6,0,47.4],[8,467,19,10,0,9,52.6,0,47.4],[9,4176,19,9,0,10,47.4,0,52.6],[10,453,19,8,0,11,42.1,0,57.9],[11,1979,19,8,0,11,42.1,0,57.9],[12,337,19,8,0,11,42.1,0,57.9],[13,354,19,8,0,11,42.1,0,57.9],[14,343,19,7,0,12,36.8,0,63.2],[15,356,19,7,0,12,36.8,0,63.2],[16,1884,19,7,0,12,36.8,0,63.2],[17,349,19,6,0,13,31.6,0,68.4],[18,469,19,6,0,13,31.6,0,68.4],[19,369,19,5,0,14,26.3,0,73.7],[20,456,19,4,0,15,21.1,0,78.9]];
var TotalBsHalf = [[1,5156,38,18,11,9,47.4,28.9,23.7],[2,350,38,17,12,9,44.7,31.6,23.7],[3,356,38,16,10,12,42.1,26.3,31.6],[4,1944,38,16,6,16,42.1,15.8,42.1],[5,465,37,15,10,12,40.5,27,32.4],[6,467,37,15,9,13,40.5,24.3,35.1],[7,453,38,15,10,13,39.5,26.3,34.2],[8,349,37,15,9,13,40.5,24.3,35.1],[9,355,37,15,8,14,40.5,21.6,37.8],[10,4176,37,15,5,17,40.5,13.5,45.9],[11,354,37,13,15,9,35.1,40.5,24.3],[12,381,37,13,15,9,35.1,40.5,24.3],[13,369,37,13,14,10,35.1,37.8,27],[14,337,38,13,12,13,34.2,31.6,34.2],[15,343,38,12,9,17,31.6,23.7,44.7],[16,456,37,10,16,11,27,43.2,29.7],[17,364,38,10,12,16,26.3,31.6,42.1],[18,469,38,10,10,18,26.3,26.3,47.4],[19,1979,37,9,12,16,24.3,32.4,43.2],[20,1884,38,8,13,17,21.1,34.2,44.7]];
var HomeBsHalf = [[1,356,19,10,3,6,52.6,15.8,31.6],[2,337,19,9,4,6,47.4,21.1,31.6],[3,453,19,9,4,6,47.4,21.1,31.6],[4,4176,19,9,2,8,47.4,10.5,42.1],[5,369,19,8,7,4,42.1,36.8,21.1],[6,354,19,8,6,5,42.1,31.6,26.3],[7,467,19,8,4,7,42.1,21.1,36.8],[8,465,19,8,4,7,42.1,21.1,36.8],[9,350,19,7,7,5,36.8,36.8,26.3],[10,5156,19,7,7,5,36.8,36.8,26.3],[11,1944,19,7,4,8,36.8,21.1,42.1],[12,456,19,6,10,3,31.6,52.6,15.8],[13,381,19,6,8,5,31.6,42.1,26.3],[14,349,19,6,6,7,31.6,31.6,36.8],[15,355,19,6,5,8,31.6,26.3,42.1],[16,343,19,6,4,9,31.6,21.1,47.4],[17,469,19,5,6,8,26.3,31.6,42.1],[18,1979,19,4,7,8,21.1,36.8,42.1],[19,1884,19,4,2,13,21.1,10.5,68.4],[20,364,19,3,9,7,15.8,47.4,36.8]];
var GuestBsHalf = [[1,5156,19,11,4,4,57.9,21.1,21.1],[2,350,19,10,5,4,52.6,26.3,21.1],[3,355,18,9,3,6,50,16.7,33.3],[4,349,18,9,3,6,50,16.7,33.3],[5,1944,19,9,2,8,47.4,10.5,42.1],[6,381,18,7,7,4,38.9,38.9,22.2],[7,465,18,7,6,5,38.9,33.3,27.8],[8,467,18,7,5,6,38.9,27.8,33.3],[9,364,19,7,3,9,36.8,15.8,47.4],[10,356,19,6,7,6,31.6,36.8,31.6],[11,453,19,6,6,7,31.6,31.6,36.8],[12,343,19,6,5,8,31.6,26.3,42.1],[13,4176,18,6,3,9,33.3,16.7,50],[14,354,18,5,9,4,27.8,50,22.2],[15,369,18,5,7,6,27.8,38.9,33.3],[16,1979,18,5,5,8,27.8,27.8,44.4],[17,469,19,5,4,10,26.3,21.1,52.6],[18,1884,19,4,11,4,21.1,57.9,21.1],[19,337,19,4,8,7,21.1,42.1,36.8],[20,456,18,4,6,8,22.2,33.3,44.4]];
var addUp = [346,45.5,0,0,414,54.5,[65.8,350],[68.4,1884],[63.2,350],[73.7,1884,1979],[68.4,350],[78.9,456]];
var addUpHalf = [268,35.7,218,29.1,264,35.2,[47.4,5156],[47.4,469],[52.6,356],[68.4,1884],[57.9,5156],[52.6,469]];
var lastUpdateTime = '2026-04-07 17:19:36';
