var arrLeague = [8,'德国甲组联赛','德國甲組聯賽','German Bundesliga','2014-2015','#990099','league_match/images/166674997937.png','德甲','德甲','GER D1'];
var arrTeam = [[88,'拜仁慕尼黑','拜仁慕尼黑','Bayern Munchen','','images/1jarzw1r4wn.png',0],[99,'多特蒙德','多蒙特','Borussia Dortmund','','images/164870996363.png',0],[128,'门兴格拉德巴赫','慕遜加柏','Borussia Monchengladbach','','images/16487114506.png',0],[132,'云达不莱梅','雲達不萊梅','Werder Bremen','','images/2013119144220.jpg',0],[139,'柏林赫塔','哈化柏林','Hertha Berlin','','images/16487114635.png',0],[149,'沃尔夫斯堡','沃爾夫斯堡','VfL Wolfsburg','','images/164871147946.png',0],[151,'沙尔克04','史浩克零四','Schalke 04','','images/2013119145317.jpg',0],[155,'斯图加特','史特加','VfB Stuttgart','','images/164871149852.png',0],[160,'汉堡','漢堡','Hamburger SV','','images/2013119151640.jpg',0],[162,'美因茨','緬恩斯','FSV Mainz 05','','images/164871151364.png',0],[165,'勒沃库森','利華古遜','Bayer Leverkusen','','images/164871152472.png',0],[169,'汉诺威96','漢諾威','Hannover 96','','images/201312092606.jpg',0],[172,'弗赖堡','費雷堡','SC Freiburg','','images/164871154089.png',0],[423,'法兰克福','法蘭克福','Eintracht Frankfurt','','images/164871155563.png',0],[490,'科隆','科隆','FC Koln','','images/164871158236.png',0],[1078,'霍芬海姆','賀芬咸','TSG Hoffenheim','','images/164871159920.png',0],[1135,'奥格斯堡','奧格斯堡','Augsburg','','images/164871162622.png',0],[1720,'帕德博恩','柏德博恩','SC Paderborn 07','','images/20180921192806.jpg',0]];
var TotalBs = [[1,1720,34,21,1,12,61.8,2.9,35.3],[2,423,34,21,0,13,61.8,0,38.2],[3,169,34,18,0,16,52.9,0,47.1],[4,149,34,17,4,13,50,11.8,38.2],[5,1135,34,17,0,17,50,0,50],[6,155,34,16,2,16,47.1,5.9,47.1],[7,132,34,15,4,15,44.1,11.8,44.1],[8,162,34,15,2,17,44.1,5.9,50],[9,165,34,15,1,18,44.1,2.9,52.9],[10,1078,34,14,4,16,41.2,11.8,47.1],[11,99,34,14,3,17,41.2,8.8,50],[12,139,34,14,1,19,41.2,2.9,55.9],[13,172,34,14,1,19,41.2,2.9,55.9],[14,128,34,14,0,20,41.2,0,58.8],[15,160,34,14,0,20,41.2,0,58.8],[16,151,34,13,2,19,38.2,5.9,55.9],[17,88,34,13,2,19,38.2,5.9,55.9],[18,490,34,11,1,22,32.4,2.9,64.7]];
var HomeBs = [[1,1720,17,12,1,4,70.6,5.9,23.5],[2,1135,17,11,0,6,64.7,0,35.3],[3,423,17,10,0,7,58.8,0,41.2],[4,172,17,9,0,8,52.9,0,47.1],[5,169,17,9,0,8,52.9,0,47.1],[6,149,17,8,4,5,47.1,23.5,29.4],[7,128,17,8,0,9,47.1,0,52.9],[8,155,17,8,0,9,47.1,0,52.9],[9,165,17,8,0,9,47.1,0,52.9],[10,162,17,7,2,8,41.2,11.8,47.1],[11,139,17,7,0,10,41.2,0,58.8],[12,1078,17,6,3,8,35.3,17.6,47.1],[13,132,17,6,2,9,35.3,11.8,52.9],[14,88,17,6,1,10,35.3,5.9,58.8],[15,151,17,6,1,10,35.3,5.9,58.8],[16,490,17,6,0,11,35.3,0,64.7],[17,99,17,6,0,11,35.3,0,64.7],[18,160,17,5,0,12,29.4,0,70.6]];
var GuestBs = [[1,423,17,11,0,6,64.7,0,35.3],[2,132,17,9,2,6,52.9,11.8,35.3],[3,149,17,9,0,8,52.9,0,47.1],[4,169,17,9,0,8,52.9,0,47.1],[5,160,17,9,0,8,52.9,0,47.1],[6,1720,17,9,0,8,52.9,0,47.1],[7,99,17,8,3,6,47.1,17.6,35.3],[8,155,17,8,2,7,47.1,11.8,41.2],[9,1078,17,8,1,8,47.1,5.9,47.1],[10,162,17,8,0,9,47.1,0,52.9],[11,165,17,7,1,9,41.2,5.9,52.9],[12,151,17,7,1,9,41.2,5.9,52.9],[13,139,17,7,1,9,41.2,5.9,52.9],[14,88,17,7,1,9,41.2,5.9,52.9],[15,1135,17,6,0,11,35.3,0,64.7],[16,128,17,6,0,11,35.3,0,64.7],[17,172,17,5,1,11,29.4,5.9,64.7],[18,490,17,5,1,11,29.4,5.9,64.7]];
var TotalBsHalf = [[1,1078,34,19,2,13,55.9,5.9,38.2],[2,149,33,17,4,12,51.5,12.1,36.4],[3,132,33,15,4,14,45.5,12.1,42.4],[4,155,33,15,3,15,45.5,9.1,45.5],[5,423,34,14,3,17,41.2,8.8,50],[6,162,33,12,10,11,36.4,30.3,33.3],[7,169,34,12,10,12,35.3,29.4,35.3],[8,1720,34,12,7,15,35.3,20.6,44.1],[9,99,34,12,2,20,35.3,5.9,58.8],[10,88,34,12,0,22,35.3,0,64.7],[11,172,33,11,10,12,33.3,30.3,36.4],[12,1135,33,11,9,13,33.3,27.3,39.4],[13,151,33,11,6,16,33.3,18.2,48.5],[14,165,33,11,4,18,33.3,12.1,54.5],[15,139,33,10,8,15,30.3,24.2,45.5],[16,128,34,10,7,17,29.4,20.6,50],[17,490,34,9,8,17,26.5,23.5,50],[18,160,34,7,11,16,20.6,32.4,47.1]];
var HomeBsHalf = [[1,149,17,10,1,6,58.8,5.9,35.3],[2,423,17,9,2,6,52.9,11.8,35.3],[3,1720,17,9,2,6,52.9,11.8,35.3],[4,1078,17,9,1,7,52.9,5.9,41.2],[5,165,17,8,0,9,47.1,0,52.9],[6,1135,17,7,6,4,41.2,35.3,23.5],[7,162,17,7,5,5,41.2,29.4,29.4],[8,155,17,7,1,9,41.2,5.9,52.9],[9,172,17,6,4,7,35.3,23.5,41.2],[10,151,17,6,4,7,35.3,23.5,41.2],[11,132,17,6,1,10,35.3,5.9,58.8],[12,88,17,6,0,11,35.3,0,64.7],[13,128,17,5,4,8,29.4,23.5,47.1],[14,169,17,5,4,8,29.4,23.5,47.1],[15,139,17,4,5,8,23.5,29.4,47.1],[16,99,17,4,0,13,23.5,0,76.5],[17,490,17,2,7,8,11.8,41.2,47.1],[18,160,17,2,7,8,11.8,41.2,47.1]];
var GuestBsHalf = [[1,1078,17,10,1,6,58.8,5.9,35.3],[2,132,16,9,3,4,56.2,18.8,25],[3,155,16,8,2,6,50,12.5,37.5],[4,99,17,8,2,7,47.1,11.8,41.2],[5,169,17,7,6,4,41.2,35.3,23.5],[6,149,16,7,3,6,43.8,18.8,37.5],[7,490,17,7,1,9,41.2,5.9,52.9],[8,139,16,6,3,7,37.5,18.8,43.8],[9,88,17,6,0,11,35.3,0,64.7],[10,172,16,5,6,5,31.2,37.5,31.2],[11,162,16,5,5,6,31.2,31.2,37.5],[12,160,17,5,4,8,29.4,23.5,47.1],[13,151,16,5,2,9,31.2,12.5,56.2],[14,128,17,5,3,9,29.4,17.6,52.9],[15,423,17,5,1,11,29.4,5.9,64.7],[16,1135,16,4,3,9,25,18.8,56.2],[17,165,16,3,4,9,18.8,25,56.2],[18,1720,17,3,5,9,17.6,29.4,52.9]];
var addUp = [276,45.1,28,4.6,308,50.3,[61.8,1720,423],[64.7,490],[70.6,1720],[70.6,160],[64.7,423],[64.7,1135,128,172,490]];
var addUpHalf = [220,36.5,108,17.9,275,45.6,[55.9,1078],[64.7,88],[58.8,149],[76.5,99],[58.8,1078],[64.7,88,423]];
var lastUpdateTime = '2025-01-20 09:02:30';
