var arrLeague = [26,'瑞典超级联赛','瑞典超級聯賽','Swedish Allsvenskan','2013','#004488','league_match/images/20200420031221.jpg','瑞典超','瑞典超','SWE D1'];
var arrTeam = [[400,'索尔纳','AIK蘇納','AIK Solna','','images/400/1h8asp945qp.png',0],[404,'赫尔辛堡','希爾星堡','Helsingborg','','images/404/1h4yn3a5rr27.png',0],[408,'马尔默','馬模','Malmo FF','','images/408/1hptap45j3v.png',0],[413,'哥德堡','哥登堡','IFK Goteborg','','images/413/1hg209brnt23.png',0],[417,'埃尔夫斯堡','艾夫斯堡','Elfsborg','','images/417/1h8wtxnzmc2g.png',0],[421,'尤尔加登','佐加頓斯','Djurgardens','','images/421/1gv1yreqw82.png',0],[424,'哈尔姆斯塔德','咸史泰斯','Halmstads','','images/424/1grmna9rvh24.png',0],[426,'卡尔马','卡馬亞','Kalmar','','images/426/1h6wfe05rcg.png',0],[1516,'奥斯达','奧斯達','Osters IF','','images/1516/1h8fzp9sw81e.png',0],[1518,'赫根','赫根','Hacken','','images/1518/1h53w2zt69f.png',0],[1519,'耶夫勒','加費萊','Gefle IF','','images/1519/1h8wtya6e20.png',0],[1521,'阿特维达堡','阿維達貝治','Atvidabergs','','images/1521/1htbncf8zd1f.png',0],[1526,'布洛马波卡纳','龐馬普卡納','Brommapojkarna','','images/1526/1h8jkhmh491m.png',0],[2091,'米亚尔比','米贊比','Mjallby AIF','','images/2091/1h8fzp9swxp.png',0],[2165,'北雪平','諾高平','IFK Norrkoping FK','','images/2165/1ht6ehmpr52t.png',0],[3178,'西里安斯卡FC','西里安斯卡','Syrianska FC','','images/3178/1gxmc6aw7h2a.png',0]];
var TotalPanLu = [[1,408,30,27,0,3,18,0,12,6,60,0,40],[2,413,30,25,0,5,17,1,12,5,56.7,3.3,40],[3,421,29,13,1,16,16,1,12,4,55.2,3.4,41.4],[4,400,30,22,3,5,16,2,12,4,53.3,6.7,40],[5,404,30,24,2,4,16,0,14,2,53.3,0,46.7],[6,426,30,10,5,15,15,5,10,5,50,16.7,33.3],[7,2165,30,8,7,15,15,1,14,1,50,3.3,46.7],[8,1519,30,6,7,17,14,4,12,2,46.7,13.3,40],[9,1521,30,11,2,17,14,2,14,0,46.7,6.7,46.7],[10,1516,30,7,2,21,14,1,15,-1,46.7,3.3,50],[11,1526,30,5,3,22,14,0,16,-2,46.7,0,53.3],[12,2091,29,9,4,17,13,4,12,1,44.8,13.8,41.4],[13,1518,30,17,5,8,12,3,15,-3,40,10,50],[14,424,30,7,1,22,12,3,15,-3,40,10,50],[15,417,30,22,3,5,11,2,17,-6,36.7,6.7,56.7],[16,3178,30,3,3,24,7,1,22,-15,23.3,3.3,73.3]];
var HomePanLu = [[1,413,15,15,0,0,10,1,4,6,66.7,6.7,26.7],[2,2091,15,9,1,5,9,1,5,4,60,6.7,33.3],[3,404,15,15,0,0,8,0,7,1,53.3,0,46.7],[4,408,15,15,0,0,8,0,7,1,53.3,0,46.7],[5,421,14,10,1,4,7,1,6,1,50,7.1,42.9],[6,1519,15,6,5,4,7,3,5,2,46.7,20,33.3],[7,1521,15,10,1,4,7,1,7,0,46.7,6.7,46.7],[8,400,15,15,0,0,7,1,7,0,46.7,6.7,46.7],[9,1526,15,4,3,8,7,0,8,-1,46.7,0,53.3],[10,2165,15,8,3,4,7,0,8,-1,46.7,0,53.3],[11,1518,15,12,2,1,6,0,9,-3,40,0,60],[12,426,15,9,2,4,5,4,6,-1,33.3,26.7,40],[13,1516,15,7,2,6,5,1,9,-4,33.3,6.7,60],[14,417,15,14,0,1,5,1,9,-4,33.3,6.7,60],[15,424,15,7,1,7,4,1,10,-6,26.7,6.7,66.7],[16,3178,15,3,3,9,2,0,13,-11,13.3,0,86.7]];
var GuestPanLu = [[1,426,15,1,3,11,10,1,4,6,66.7,6.7,26.7],[2,408,15,12,0,3,10,0,5,5,66.7,0,33.3],[3,400,15,7,3,5,9,1,5,4,60,6.7,33.3],[4,1516,15,0,0,15,9,0,6,3,60,0,40],[5,421,15,3,0,12,9,0,6,3,60,0,40],[6,424,15,0,0,15,8,2,5,3,53.3,13.3,33.3],[7,2165,15,0,4,11,8,1,6,2,53.3,6.7,40],[8,404,15,9,2,4,8,0,7,1,53.3,0,46.7],[9,1519,15,0,2,13,7,1,7,0,46.7,6.7,46.7],[10,1521,15,1,1,13,7,1,7,0,46.7,6.7,46.7],[11,1526,15,1,0,14,7,0,8,-1,46.7,0,53.3],[12,413,15,10,0,5,7,0,8,-1,46.7,0,53.3],[13,1518,15,5,3,7,6,3,6,0,40,20,40],[14,417,15,8,3,4,6,1,8,-2,40,6.7,53.3],[15,3178,15,0,0,15,5,1,9,-4,33.3,6.7,60],[16,2091,14,0,3,12,4,3,7,-3,28.6,21.4,50]];
var TotalHalfPanLu = [[1,408,30,0,0,0,18,1,11,7,60,3.3,36.7],[2,424,30,0,0,0,16,4,10,6,53.3,13.3,33.3],[3,2091,30,0,0,0,16,4,10,6,53.3,13.3,33.3],[4,413,30,0,0,0,16,3,11,5,53.3,10,36.7],[5,426,30,0,0,0,16,2,12,4,53.3,6.7,40],[6,1521,30,0,0,0,15,5,10,5,50,16.7,33.3],[7,3178,30,0,0,0,15,1,14,1,50,3.3,46.7],[8,1519,30,0,0,0,14,6,10,4,46.7,20,33.3],[9,400,30,0,0,0,14,5,11,3,46.7,16.7,36.7],[10,1526,30,0,0,0,14,1,15,-1,46.7,3.3,50],[11,421,30,0,0,0,12,3,15,-3,40,10,50],[12,404,30,0,0,0,12,1,17,-5,40,3.3,56.7],[13,1516,30,0,0,0,11,5,14,-3,36.7,16.7,46.7],[14,2165,30,0,0,0,10,4,16,-6,33.3,13.3,53.3],[15,1518,30,0,0,0,8,5,17,-9,26.7,16.7,56.7],[16,417,30,0,0,0,7,2,21,-14,23.3,6.7,70]];
var HomeHalfPanLu = [[1,413,15,0,0,0,9,2,4,5,60,13.3,26.7],[2,404,15,0,0,0,9,0,6,3,60,0,40],[3,408,15,0,0,0,9,0,6,3,60,0,40],[4,1521,15,0,0,0,8,3,4,4,53.3,20,26.7],[5,400,15,0,0,0,8,2,5,3,53.3,13.3,33.3],[6,426,15,0,0,0,7,1,7,0,46.7,6.7,46.7],[7,2091,15,0,0,0,6,3,6,0,40,20,40],[8,421,15,0,0,0,6,2,7,-1,40,13.3,46.7],[9,3178,15,0,0,0,6,1,8,-2,40,6.7,53.3],[10,1526,15,0,0,0,6,1,8,-2,40,6.7,53.3],[11,424,15,0,0,0,5,4,6,-1,33.3,26.7,40],[12,1519,15,0,0,0,5,4,6,-1,33.3,26.7,40],[13,1516,15,0,0,0,5,2,8,-3,33.3,13.3,53.3],[14,2165,15,0,0,0,5,0,10,-5,33.3,0,66.7],[15,1518,15,0,0,0,4,1,10,-6,26.7,6.7,66.7],[16,417,15,0,0,0,3,0,12,-9,20,0,80]];
var GuestHalfPanLu = [[1,424,15,0,0,0,11,0,4,7,73.3,0,26.7],[2,2091,15,0,0,0,10,1,4,6,66.7,6.7,26.7],[3,1519,15,0,0,0,9,2,4,5,60,13.3,26.7],[4,408,15,0,0,0,9,1,5,4,60,6.7,33.3],[5,426,15,0,0,0,9,1,5,4,60,6.7,33.3],[6,3178,15,0,0,0,9,0,6,3,60,0,40],[7,1526,15,0,0,0,8,0,7,1,53.3,0,46.7],[8,1521,15,0,0,0,7,2,6,1,46.7,13.3,40],[9,413,15,0,0,0,7,1,7,0,46.7,6.7,46.7],[10,1516,15,0,0,0,6,3,6,0,40,20,40],[11,400,15,0,0,0,6,3,6,0,40,20,40],[12,421,15,0,0,0,6,1,8,-2,40,6.7,53.3],[13,2165,15,0,0,0,5,4,6,-1,33.3,26.7,40],[14,1518,15,0,0,0,4,4,7,-3,26.7,26.7,46.7],[15,417,15,0,0,0,4,2,9,-5,26.7,13.3,60],[16,404,15,0,0,0,3,1,11,-8,20,6.7,73.3]];
var addUp = [104,43.5,15,6.3,120,50.2,[60,408],[73.3,3178],[66.7,413],[86.7,3178],[66.7,426,408],[60,3178],[16.7,426],[0,408,404,1526]];
var addUpHalf = [101,42.1,26,10.8,113,47.1,[60,408],[70,417],[60,413,404,408],[80,417],[73.3,424],[73.3,404],[20,1519],[3.3,408,3178,1526,404]];
var lastUpdateTime = '2025-01-20 11:38:46';
