var arrLeague = [26,'瑞典超级联赛','瑞典超級聯賽','Swedish Allsvenskan','2013','#004488','league_match/images/20200420031221.jpg','瑞典超','瑞典超','SWE D1'];
var arrTeam = [[400,'索尔纳','AIK蘇納','AIK Solna','','images/400/1h8asp945qp.png',0],[404,'赫尔辛堡','希爾星堡','Helsingborg','','images/404/1h4yn3a5rr27.png',0],[408,'马尔默','馬模','Malmo FF','','images/408/1hptap45j3v.png',0],[413,'哥德堡','哥登堡','IFK Goteborg','','images/413/1hg209brnt23.png',0],[417,'埃尔夫斯堡','艾夫斯堡','Elfsborg','','images/417/1h8wtxnzmc2g.png',0],[421,'尤尔加登','佐加頓斯','Djurgardens','','images/421/1gv1yreqw82.png',0],[424,'哈尔姆斯塔德','咸史泰斯','Halmstads','','images/424/1grmna9rvh24.png',0],[426,'卡尔马','卡馬亞','Kalmar','','images/426/1h6wfe05rcg.png',0],[1516,'奥斯达','奧斯達','Osters IF','','images/1516/1h8fzp9sw81e.png',0],[1518,'赫根','赫根','Hacken','','images/1518/1h53w2zt69f.png',0],[1519,'耶夫勒','加費萊','Gefle IF','','images/1519/1h8wtya6e20.png',0],[1521,'阿特维达堡','阿維達貝治','Atvidabergs','','images/1521/1htbncf8zd1f.png',0],[1526,'布洛马波卡纳','龐馬普卡納','Brommapojkarna','','images/1526/1h8jkhmh491m.png',0],[2091,'米亚尔比','米贊比','Mjallby AIF','','images/2091/1h8fzp9swxp.png',0],[2165,'北雪平','諾高平','IFK Norrkoping FK','','images/2165/1ht6ehmpr52t.png',0],[3178,'西里安斯卡FC','西里安斯卡','Syrianska FC','','images/3178/1gxmc6aw7h2a.png',0]];
var TotalBs = [[1,404,30,21,0,9,70,0,30],[2,400,30,19,0,11,63.3,0,36.7],[3,2091,30,18,0,12,60,0,40],[4,2165,30,18,0,12,60,0,40],[5,3178,30,18,0,12,60,0,40],[6,1526,30,16,0,14,53.3,0,46.7],[7,413,30,16,0,14,53.3,0,46.7],[8,417,30,16,0,14,53.3,0,46.7],[9,421,30,15,0,15,50,0,50],[10,408,30,15,0,15,50,0,50],[11,1521,30,15,0,15,50,0,50],[12,1519,30,14,0,16,46.7,0,53.3],[13,1518,30,13,0,17,43.3,0,56.7],[14,424,30,12,0,18,40,0,60],[15,426,30,12,0,18,40,0,60],[16,1516,30,10,0,20,33.3,0,66.7]];
var HomeBs = [[1,404,15,13,0,2,86.7,0,13.3],[2,3178,15,12,0,3,80,0,20],[3,2165,15,11,0,4,73.3,0,26.7],[4,1521,15,9,0,6,60,0,40],[5,2091,15,9,0,6,60,0,40],[6,400,15,8,0,7,53.3,0,46.7],[7,426,15,8,0,7,53.3,0,46.7],[8,417,15,7,0,8,46.7,0,53.3],[9,408,15,7,0,8,46.7,0,53.3],[10,421,15,7,0,8,46.7,0,53.3],[11,1518,15,7,0,8,46.7,0,53.3],[12,413,15,7,0,8,46.7,0,53.3],[13,1526,15,6,0,9,40,0,60],[14,424,15,5,0,10,33.3,0,66.7],[15,1519,15,4,0,11,26.7,0,73.3],[16,1516,15,4,0,11,26.7,0,73.3]];
var GuestBs = [[1,400,15,11,0,4,73.3,0,26.7],[2,1519,15,10,0,5,66.7,0,33.3],[3,1526,15,10,0,5,66.7,0,33.3],[4,417,15,9,0,6,60,0,40],[5,413,15,9,0,6,60,0,40],[6,2091,15,9,0,6,60,0,40],[7,408,15,8,0,7,53.3,0,46.7],[8,404,15,8,0,7,53.3,0,46.7],[9,421,15,8,0,7,53.3,0,46.7],[10,424,15,7,0,8,46.7,0,53.3],[11,2165,15,7,0,8,46.7,0,53.3],[12,3178,15,6,0,9,40,0,60],[13,1518,15,6,0,9,40,0,60],[14,1516,15,6,0,9,40,0,60],[15,1521,15,6,0,9,40,0,60],[16,426,15,4,0,11,26.7,0,73.3]];
var TotalBsHalf = [[1,2091,29,15,6,8,51.7,20.7,27.6],[2,1519,30,14,6,10,46.7,20,33.3],[3,2165,29,13,10,6,44.8,34.5,20.7],[4,421,29,13,10,6,44.8,34.5,20.7],[5,404,29,12,9,8,41.4,31,27.6],[6,424,30,12,7,11,40,23.3,36.7],[7,1526,29,11,10,8,37.9,34.5,27.6],[8,413,30,11,10,9,36.7,33.3,30],[9,1516,30,10,10,10,33.3,33.3,33.3],[10,400,30,10,10,10,33.3,33.3,33.3],[11,417,29,10,7,12,34.5,24.1,41.4],[12,408,30,9,15,6,30,50,20],[13,426,30,9,8,13,30,26.7,43.3],[14,3178,29,8,11,10,27.6,37.9,34.5],[15,1518,29,8,8,13,27.6,27.6,44.8],[16,1521,30,7,10,13,23.3,33.3,43.3]];
var HomeBsHalf = [[1,2091,15,8,4,3,53.3,26.7,20],[2,2165,15,7,5,3,46.7,33.3,20],[3,404,15,7,3,5,46.7,20,33.3],[4,3178,15,6,6,3,40,40,20],[5,421,15,6,6,3,40,40,20],[6,1516,15,6,5,4,40,33.3,26.7],[7,408,15,5,7,3,33.3,46.7,20],[8,1526,15,5,7,3,33.3,46.7,20],[9,413,15,5,6,4,33.3,40,26.7],[10,424,15,5,4,6,33.3,26.7,40],[11,1518,15,5,4,6,33.3,26.7,40],[12,1519,15,5,4,6,33.3,26.7,40],[13,426,15,5,3,7,33.3,20,46.7],[14,417,15,5,1,9,33.3,6.7,60],[15,400,15,4,5,6,26.7,33.3,40],[16,1521,15,4,4,7,26.7,26.7,46.7]];
var GuestBsHalf = [[1,1519,15,9,2,4,60,13.3,26.7],[2,421,14,7,4,3,50,28.6,21.4],[3,424,15,7,3,5,46.7,20,33.3],[4,2091,14,7,2,5,50,14.3,35.7],[5,2165,14,6,5,3,42.9,35.7,21.4],[6,400,15,6,5,4,40,33.3,26.7],[7,413,15,6,4,5,40,26.7,33.3],[8,1526,14,6,3,5,42.9,21.4,35.7],[9,417,14,5,6,3,35.7,42.9,21.4],[10,404,14,5,6,3,35.7,42.9,21.4],[11,408,15,4,8,3,26.7,53.3,20],[12,426,15,4,5,6,26.7,33.3,40],[13,1516,15,4,5,6,26.7,33.3,40],[14,1521,15,3,6,6,20,40,40],[15,1518,14,3,4,7,21.4,28.6,50],[16,3178,14,2,5,7,14.3,35.7,50]];
var addUp = [248,51.7,0,0,232,48.3,[70,404],[66.7,1516],[86.7,404],[73.3,1519,1516],[73.3,400],[73.3,426]];
var addUpHalf = [172,36.4,147,31.1,153,32.4,[51.7,2091],[44.8,1518],[53.3,2091],[60,417],[60,1519],[50,1518,3178]];
var lastUpdateTime = '2025-01-20 11:38:53';
