var arrLeague = [11,'法国甲组联赛','法國甲組聯賽','France Ligue 1','2020-2021','#663333','league_match/images/1j5w0b66k318.png','法甲','法甲','FRA D1'];
var arrTeam = [[197,'摩纳哥','摩納哥','Monaco','','images/16487116696.png',0],[202,'朗斯','朗斯','Lens','','images/164871168519.png',0],[205,'里昂','里昂','Lyon','','images/164871170063.png',0],[208,'波尔多','波爾多','Bordeaux','','images/164871171447.png',0],[211,'马赛','馬賽','Marseille','','images/164871172839.png',0],[214,'梅斯','梅斯','Metz','','images/214/1h51a55zp72q.png',0],[251,'雷恩','雷恩','Rennes','','images/164871175839.png',0],[255,'圣埃蒂安','聖伊天','Saint Etienne','','images/16487117719.png',0],[259,'尼斯','奈斯','Nice','','images/164871179882.png',0],[260,'斯特拉斯堡','史特拉斯堡','Strasbourg','','images/164871181440.png',0],[263,'南特','南特','Nantes','','images/263/1h5bjb8w5p2j.png',0],[266,'里尔','利爾','Lille','','images/164871184077.png',0],[271,'巴黎圣日尔曼','巴黎聖日門','Paris Saint Germain (PSG)','','images/164871185439.png',0],[304,'昂热','昂熱','Angers','','images/304/1h71kxn41qn.png',0],[306,'布雷斯特','比斯特','Stade Brestois','','images/164871188569.png',0],[320,'第戎','迪安','Dijon','','images/320/1hkgstjs2x20.png',0],[333,'洛里昂','羅連安特','Lorient','','images/164871192161.png',0],[351,'蒙彼利埃','蒙彼利埃','Montpellier','','images/164871193456.png',0],[1744,'尼姆','尼姆','Nimes','','images/1744/1h5btqtznf2r.png',0],[4957,'兰斯','蘭斯','Reims','','images/164871196247.png',0]];
var TotalBs = [[1,197,38,24,3,11,63.2,7.9,28.9],[2,208,38,24,0,14,63.2,0,36.8],[3,351,38,23,1,14,60.5,2.6,36.8],[4,306,38,23,0,15,60.5,0,39.5],[5,205,38,21,4,13,55.3,10.5,34.2],[6,202,38,21,1,16,55.3,2.6,42.1],[7,259,38,21,1,16,55.3,2.6,42.1],[8,333,38,21,0,17,55.3,0,44.7],[9,304,38,20,0,18,52.6,0,47.4],[10,4957,38,19,0,19,50,0,50],[11,1744,38,18,1,19,47.4,2.6,50],[12,260,38,18,1,19,47.4,2.6,50],[13,251,38,18,0,20,47.4,0,52.6],[14,263,38,17,5,16,44.7,13.2,42.1],[15,211,38,17,0,21,44.7,0,55.3],[16,255,38,17,0,21,44.7,0,55.3],[17,214,38,15,3,20,39.5,7.9,52.6],[18,271,38,15,2,21,39.5,5.3,55.3],[19,320,38,15,1,22,39.5,2.6,57.9],[20,266,38,15,1,22,39.5,2.6,57.9]];
var HomeBs = [[1,259,19,14,0,5,73.7,0,26.3],[2,351,19,14,0,5,73.7,0,26.3],[3,197,19,13,3,3,68.4,15.8,15.8],[4,306,19,13,0,6,68.4,0,31.6],[5,205,19,12,3,4,63.2,15.8,21.1],[6,202,19,11,0,8,57.9,0,42.1],[7,333,19,11,0,8,57.9,0,42.1],[8,208,19,10,0,9,52.6,0,47.4],[9,263,19,9,2,8,47.4,10.5,42.1],[10,304,19,9,0,10,47.4,0,52.6],[11,260,19,9,0,10,47.4,0,52.6],[12,251,19,9,0,10,47.4,0,52.6],[13,211,19,9,0,10,47.4,0,52.6],[14,255,19,8,0,11,42.1,0,57.9],[15,1744,19,8,0,11,42.1,0,57.9],[16,214,19,7,2,10,36.8,10.5,52.6],[17,4957,19,7,0,12,36.8,0,63.2],[18,266,19,7,0,12,36.8,0,63.2],[19,271,19,6,2,11,31.6,10.5,57.9],[20,320,19,5,0,14,26.3,0,73.7]];
var GuestBs = [[1,208,19,14,0,5,73.7,0,26.3],[2,4957,19,12,0,7,63.2,0,36.8],[3,304,19,11,0,8,57.9,0,42.1],[4,197,19,11,0,8,57.9,0,42.1],[5,320,19,10,1,8,52.6,5.3,42.1],[6,202,19,10,1,8,52.6,5.3,42.1],[7,1744,19,10,1,8,52.6,5.3,42.1],[8,306,19,10,0,9,52.6,0,47.4],[9,333,19,10,0,9,52.6,0,47.4],[10,260,19,9,1,9,47.4,5.3,47.4],[11,205,19,9,1,9,47.4,5.3,47.4],[12,351,19,9,1,9,47.4,5.3,47.4],[13,255,19,9,0,10,47.4,0,52.6],[14,251,19,9,0,10,47.4,0,52.6],[15,271,19,9,0,10,47.4,0,52.6],[16,263,19,8,3,8,42.1,15.8,42.1],[17,266,19,8,1,10,42.1,5.3,52.6],[18,214,19,8,1,10,42.1,5.3,52.6],[19,211,19,8,0,11,42.1,0,57.9],[20,259,19,7,1,11,36.8,5.3,57.9]];
var TotalBsHalf = [[1,263,38,22,9,7,57.9,23.7,18.4],[2,304,38,21,5,12,55.3,13.2,31.6],[3,260,38,20,7,11,52.6,18.4,28.9],[4,255,38,19,10,9,50,26.3,23.7],[5,333,38,19,8,11,50,21.1,28.9],[6,205,38,18,8,12,47.4,21.1,31.6],[7,251,38,17,11,10,44.7,28.9,26.3],[8,306,38,17,11,10,44.7,28.9,26.3],[9,208,38,17,9,12,44.7,23.7,31.6],[10,259,38,17,8,13,44.7,21.1,34.2],[11,214,38,17,7,14,44.7,18.4,36.8],[12,4957,38,17,7,14,44.7,18.4,36.8],[13,202,38,16,14,8,42.1,36.8,21.1],[14,266,38,15,12,11,39.5,31.6,28.9],[15,271,38,15,2,21,39.5,5.3,55.3],[16,351,38,14,13,11,36.8,34.2,28.9],[17,320,38,13,12,13,34.2,31.6,34.2],[18,1744,38,13,10,15,34.2,26.3,39.5],[19,211,38,13,10,15,34.2,26.3,39.5],[20,197,38,12,9,17,31.6,23.7,44.7]];
var HomeBsHalf = [[1,306,19,12,4,3,63.2,21.1,15.8],[2,263,19,11,5,3,57.9,26.3,15.8],[3,351,19,10,6,3,52.6,31.6,15.8],[4,255,19,10,5,4,52.6,26.3,21.1],[5,205,19,10,4,5,52.6,21.1,26.3],[6,259,19,10,4,5,52.6,21.1,26.3],[7,260,19,10,4,5,52.6,21.1,26.3],[8,304,19,10,2,7,52.6,10.5,36.8],[9,202,19,9,4,6,47.4,21.1,31.6],[10,333,19,8,5,6,42.1,26.3,31.6],[11,214,19,8,5,6,42.1,26.3,31.6],[12,4957,19,8,3,8,42.1,15.8,42.1],[13,251,19,7,7,5,36.8,36.8,26.3],[14,211,19,7,6,6,36.8,31.6,31.6],[15,208,19,7,4,8,36.8,21.1,42.1],[16,197,19,7,2,10,36.8,10.5,52.6],[17,266,19,6,7,6,31.6,36.8,31.6],[18,271,19,6,1,12,31.6,5.3,63.2],[19,1744,19,5,8,6,26.3,42.1,31.6],[20,320,19,5,5,9,26.3,26.3,47.4]];
var GuestBsHalf = [[1,263,19,11,4,4,57.9,21.1,21.1],[2,304,19,11,3,5,57.9,15.8,26.3],[3,333,19,11,3,5,57.9,15.8,26.3],[4,208,19,10,5,4,52.6,26.3,21.1],[5,251,19,10,4,5,52.6,21.1,26.3],[6,260,19,10,3,6,52.6,15.8,31.6],[7,266,19,9,5,5,47.4,26.3,26.3],[8,255,19,9,5,5,47.4,26.3,26.3],[9,4957,19,9,4,6,47.4,21.1,31.6],[10,214,19,9,2,8,47.4,10.5,42.1],[11,271,19,9,1,9,47.4,5.3,47.4],[12,320,19,8,7,4,42.1,36.8,21.1],[13,205,19,8,4,7,42.1,21.1,36.8],[14,1744,19,8,2,9,42.1,10.5,47.4],[15,202,19,7,10,2,36.8,52.6,10.5],[16,259,19,7,4,8,36.8,21.1,42.1],[17,211,19,6,4,9,31.6,21.1,47.4],[18,306,19,5,7,7,26.3,36.8,36.8],[19,197,19,5,7,7,26.3,36.8,36.8],[20,351,19,4,7,8,21.1,36.8,42.1]];
var addUp = [382,50.3,24,3.2,354,46.6,[63.2,197,208],[57.9,320,266],[73.7,259,351],[73.7,320],[73.7,208],[57.9,211,259]];
var addUpHalf = [332,43.7,182,23.9,246,32.4,[57.9,263],[55.3,271],[63.2,306],[63.2,271],[57.9,263,304,333],[47.4,271,1744,211]];
var lastUpdateTime = '2025-01-22 10:12:01';
