var arrLeague = [10,'俄罗斯超级联赛','俄羅斯超級聯賽','Russia Premier League','2020-2021','#006699','league_match/images/20200411092415.jpg','俄超','俄超','RUS PR'];
var arrTeam = [[395,'圣彼得堡泽尼特','聖彼德斯堡','Zenit St. Petersburg','','images/395/1hnyhx549p2m.png',0],[402,'伏尔加格勒','洛特伏爾加格勒','Rotor Volgograd','','images/402/1gqk9g9b5m17.png',0],[407,'莫斯科中央陆军','莫斯科中央陸軍','CSKA Moscow','','images/407/1gtqm0cjh91x.png',0],[411,'莫斯科斯巴达','莫斯科斯巴達','Spartak Moscow','','images/165095544593.png',0],[416,'莫斯科迪纳摩','莫斯科戴拿模','Dynamo Moscow','','images/416/1gtqm0cjhm20.png',0],[420,'莫斯科火车头','莫斯科火車頭','Lokomotiv Moscow','','images/165095543060.png',0],[429,'罗斯托夫','羅斯杜夫','Rostov FK','','images/165095539431.png',0],[441,'喀山红宝石','卡山魯賓','Rubin Kazan','','images/441/1gq15ejwg51f.png',0],[605,'格罗兹尼特里克','塔利克','Terek Grozny','','images/165095534661.png',0],[2006,'希姆基','奇姆基','Khimki','','images/165095558434.png',0],[2450,'乌拉尔','烏拉爾','Ural Sverdlovsk Oblast','','images/165095556739.png',0],[2451,'索契','索契','FK Sochi','','images/2451/1gtqm0cjh82.png',0],[10112,'克拉斯诺达尔','克拉斯諾達爾','FC Krasnodar','','images/10112/1gtqm0cjha2q.png',0],[11129,'坦波夫斯巴达','坦波夫斯巴達','Tambov','','images/20201028143902.png',0],[13988,'乌法','烏法','FC Ufa','','images/13988/1grgc5aqm72w.png',0],[19764,'图拉兵工厂','圖拉兵工廠','Arsenal Tula','','images/165095553317.png',0]];
var TotalPanLu = [[1,395,30,30,0,0,19,0,11,8,63.3,0,36.7],[2,2006,30,5,4,21,17,3,10,7,56.7,10,33.3],[3,2451,30,11,8,11,17,1,12,5,56.7,3.3,40],[4,420,30,18,4,8,16,4,10,6,53.3,13.3,33.3],[5,2450,30,6,5,19,16,2,12,4,53.3,6.7,40],[6,441,30,14,4,12,16,0,14,2,53.3,0,46.7],[7,11129,30,1,2,27,15,1,14,1,50,3.3,46.7],[8,411,30,22,4,4,14,3,13,1,46.7,10,43.3],[9,416,30,16,8,6,14,2,14,0,46.7,6.7,46.7],[10,605,30,13,5,12,14,1,15,-1,46.7,3.3,50],[11,429,29,10,8,11,13,1,15,-2,44.8,3.4,51.7],[12,402,28,1,5,22,12,3,13,-1,42.9,10.7,46.4],[13,13988,30,3,5,22,13,1,16,-3,43.3,3.3,53.3],[14,407,30,26,0,4,13,0,17,-4,43.3,0,56.7],[15,10112,29,20,5,4,10,0,19,-9,34.5,0,65.5],[16,19764,30,8,1,21,7,2,21,-14,23.3,6.7,70]];
var HomePanLu = [[1,395,15,15,0,0,13,0,2,11,86.7,0,13.3],[2,2451,15,7,4,4,10,0,5,5,66.7,0,33.3],[3,2450,15,5,3,7,9,1,5,4,60,6.7,33.3],[4,2006,15,5,2,8,9,1,5,4,60,6.7,33.3],[5,420,15,11,2,2,8,4,3,5,53.3,26.7,20],[6,411,15,12,2,1,8,1,6,2,53.3,6.7,40],[7,416,15,11,2,2,8,1,6,2,53.3,6.7,40],[8,605,15,10,2,3,8,0,7,1,53.3,0,46.7],[9,19764,15,6,1,8,7,0,8,-1,46.7,0,53.3],[10,407,15,14,0,1,7,0,8,-1,46.7,0,53.3],[11,11129,15,1,1,13,6,0,9,-3,40,0,60],[12,13988,15,3,3,9,6,0,9,-3,40,0,60],[13,10112,15,14,0,1,6,0,9,-3,40,0,60],[14,441,15,8,3,4,6,0,9,-3,40,0,60],[15,402,14,0,5,9,4,3,7,-3,28.6,21.4,50],[16,429,14,7,4,3,4,1,9,-5,28.6,7.1,64.3]];
var GuestPanLu = [[1,441,15,6,1,8,10,0,5,5,66.7,0,33.3],[2,11129,15,0,1,14,9,1,5,4,60,6.7,33.3],[3,429,15,3,4,8,9,0,6,3,60,0,40],[4,402,14,1,0,13,8,0,6,2,57.1,0,42.9],[5,2006,15,0,2,13,8,2,5,3,53.3,13.3,33.3],[6,420,15,7,2,6,8,0,7,1,53.3,0,46.7],[7,2451,15,4,4,7,7,1,7,0,46.7,6.7,46.7],[8,2450,15,1,2,12,7,1,7,0,46.7,6.7,46.7],[9,13988,15,0,2,13,7,1,7,0,46.7,6.7,46.7],[10,411,15,10,2,3,6,2,7,-1,40,13.3,46.7],[11,605,15,3,3,9,6,1,8,-2,40,6.7,53.3],[12,416,15,5,6,4,6,1,8,-2,40,6.7,53.3],[13,395,15,15,0,0,6,0,9,-3,40,0,60],[14,407,15,12,0,3,6,0,9,-3,40,0,60],[15,10112,14,6,5,3,4,0,10,-6,28.6,0,71.4],[16,19764,15,2,0,13,0,2,13,-13,0,13.3,86.7]];
var TotalHalfPanLu = [[1,2006,30,1,9,20,15,3,12,3,50,10,40],[2,10112,29,16,11,3,14,2,13,1,48.3,6.9,44.8],[3,605,30,10,9,11,14,4,12,2,46.7,13.3,40],[4,11129,30,0,7,23,13,7,10,3,43.3,23.3,33.3],[5,13988,30,1,11,18,13,6,11,2,43.3,20,36.7],[6,2451,30,8,13,9,13,6,11,2,43.3,20,36.7],[7,19764,30,3,14,13,13,5,12,1,43.3,16.7,40],[8,420,30,14,12,4,13,5,12,1,43.3,16.7,40],[9,2450,30,3,11,16,13,4,13,0,43.3,13.3,43.3],[10,407,30,22,7,1,13,2,15,-2,43.3,6.7,50],[11,416,30,13,14,3,12,5,13,-1,40,16.7,43.3],[12,441,30,12,10,8,12,5,13,-1,40,16.7,43.3],[13,395,30,27,3,0,12,4,14,-2,40,13.3,46.7],[14,402,28,1,9,19,11,6,11,0,39.3,21.4,39.3],[15,411,30,18,11,1,10,5,15,-5,33.3,16.7,50],[16,429,29,6,17,6,8,9,12,-4,27.6,31,41.4]];
var HomeHalfPanLu = [[1,19764,15,3,8,4,10,3,2,8,66.7,20,13.3],[2,10112,15,10,4,1,10,0,5,5,66.7,0,33.3],[3,11129,15,0,4,11,9,3,3,6,60,20,20],[4,2006,15,1,6,8,8,2,5,3,53.3,13.3,33.3],[5,2451,15,6,5,4,8,2,5,3,53.3,13.3,33.3],[6,420,15,9,5,1,8,2,5,3,53.3,13.3,33.3],[7,395,15,15,0,0,8,1,6,2,53.3,6.7,40],[8,605,15,7,5,3,7,3,5,2,46.7,20,33.3],[9,13988,15,1,6,8,7,2,6,1,46.7,13.3,40],[10,416,15,9,5,1,7,2,6,1,46.7,13.3,40],[11,2450,15,2,7,6,6,3,6,0,40,20,40],[12,411,15,10,5,0,6,3,6,0,40,20,40],[13,407,15,13,2,0,6,1,8,-2,40,6.7,53.3],[14,441,15,7,6,2,4,2,9,-5,26.7,13.3,60],[15,402,14,0,8,7,3,5,6,-3,21.4,35.7,42.9],[16,429,14,5,8,1,2,5,7,-5,14.3,35.7,50]];
var GuestHalfPanLu = [[1,402,14,1,1,12,8,1,5,3,57.1,7.1,35.7],[2,441,15,5,4,6,8,3,4,4,53.3,20,26.7],[3,2450,15,1,4,10,7,1,7,0,46.7,6.7,46.7],[4,2006,15,0,3,12,7,1,7,0,46.7,6.7,46.7],[5,407,15,9,5,1,7,1,7,0,46.7,6.7,46.7],[6,605,15,3,4,8,7,1,7,0,46.7,6.7,46.7],[7,429,15,1,9,5,6,4,5,1,40,26.7,33.3],[8,13988,15,0,5,10,6,4,5,1,40,26.7,33.3],[9,2451,15,2,8,5,5,4,6,-1,33.3,26.7,40],[10,420,15,5,7,3,5,3,7,-2,33.3,20,46.7],[11,416,15,4,9,2,5,3,7,-2,33.3,20,46.7],[12,10112,14,6,7,2,4,2,8,-4,28.6,14.3,57.1],[13,11129,15,0,3,12,4,4,7,-3,26.7,26.7,46.7],[14,395,15,12,3,0,4,3,8,-4,26.7,20,53.3],[15,411,15,8,6,1,4,2,9,-5,26.7,13.3,60],[16,19764,15,0,6,9,3,2,10,-7,20,13.3,66.7]];
var addUp = [119,50,12,5,107,45,[63.3,395],[70,19764],[86.7,395],[64.3,429],[66.7,441],[86.7,19764],[13.3,420],[0,395,441,407,10112]];
var addUpHalf = [109,45.8,39,16.4,90,37.8,[50,2006],[50,407,411],[66.7,19764,10112],[60,441],[57.1,402],[66.7,19764],[31,429],[6.7,407]];
var lastUpdateTime = '2025-06-24 14:22:08';
