var arrLeague = [10,'俄罗斯超级联赛','俄羅斯超級聯賽','Russia Premier League','2020-2021','#006699','league_match/images/20200411092415.jpg','俄超','俄超','RUS PR'];
var arrTeam = [[395,'圣彼得堡泽尼特','聖彼德斯堡','Zenit St. Petersburg','','images/395/1hnyhx549p2m.png',0],[402,'伏尔加格勒','洛特伏爾加格勒','Rotor Volgograd','','images/402/1gqk9g9b5m17.png',0],[407,'莫斯科中央陆军','莫斯科中央陸軍','CSKA Moscow','','images/407/1gtqm0cjh91x.png',0],[411,'莫斯科斯巴达','莫斯科斯巴達','Spartak Moscow','','images/165095544593.png',0],[416,'莫斯科迪纳摩','莫斯科戴拿模','Dynamo Moscow','','images/416/1gtqm0cjhm20.png',0],[420,'莫斯科火车头','莫斯科火車頭','Lokomotiv Moscow','','images/165095543060.png',0],[429,'罗斯托夫','羅斯杜夫','Rostov FK','','images/165095539431.png',0],[441,'喀山红宝石','卡山魯賓','Rubin Kazan','','images/441/1gq15ejwg51f.png',0],[605,'格罗兹尼特里克','塔利克','Terek Grozny','','images/165095534661.png',0],[2006,'希姆基','奇姆基','Khimki','','images/165095558434.png',0],[2450,'乌拉尔','烏拉爾','Ural Sverdlovsk Oblast','','images/165095556739.png',0],[2451,'索契','索契','FK Sochi','','images/2451/1gtqm0cjh82.png',0],[10112,'克拉斯诺达尔','克拉斯諾達爾','FC Krasnodar','','images/10112/1gtqm0cjha2q.png',0],[11129,'坦波夫斯巴达','坦波夫斯巴達','Tambov','','images/20201028143902.png',0],[13988,'乌法','烏法','FC Ufa','','images/13988/1grgc5aqm72w.png',0],[19764,'图拉兵工厂','圖拉兵工廠','Arsenal Tula','','images/165095553317.png',0]];
var TotalBs = [[1,395,30,20,0,10,66.7,0,33.3],[2,13988,30,16,3,11,53.3,10,36.7],[3,2451,30,16,2,12,53.3,6.7,40],[4,411,30,16,2,12,53.3,6.7,40],[5,10112,29,16,0,13,55.2,0,44.8],[6,407,30,15,0,15,50,0,50],[7,420,30,14,1,15,46.7,3.3,50],[8,11129,30,14,0,16,46.7,0,53.3],[9,605,30,14,0,16,46.7,0,53.3],[10,19764,30,14,0,16,46.7,0,53.3],[11,416,30,13,2,15,43.3,6.7,50],[12,441,30,13,1,16,43.3,3.3,53.3],[13,2006,30,11,2,17,36.7,6.7,56.7],[14,402,28,10,1,17,35.7,3.6,60.7],[15,429,29,10,0,19,34.5,0,65.5],[16,2450,30,8,0,22,26.7,0,73.3]];
var HomeBs = [[1,395,15,14,0,1,93.3,0,6.7],[2,10112,15,10,0,5,66.7,0,33.3],[3,407,15,9,0,6,60,0,40],[4,13988,15,8,2,5,53.3,13.3,33.3],[5,2451,15,8,2,5,53.3,13.3,33.3],[6,19764,15,8,0,7,53.3,0,46.7],[7,605,15,8,0,7,53.3,0,46.7],[8,411,15,7,1,7,46.7,6.7,46.7],[9,11129,15,6,0,9,40,0,60],[10,416,15,6,0,9,40,0,60],[11,420,15,6,0,9,40,0,60],[12,441,15,5,1,9,33.3,6.7,60],[13,429,14,5,0,9,35.7,0,64.3],[14,2006,15,4,1,10,26.7,6.7,66.7],[15,402,14,4,0,10,28.6,0,71.4],[16,2450,15,2,0,13,13.3,0,86.7]];
var GuestBs = [[1,411,15,9,1,5,60,6.7,33.3],[2,420,15,8,1,6,53.3,6.7,40],[3,13988,15,8,1,6,53.3,6.7,40],[4,11129,15,8,0,7,53.3,0,46.7],[5,441,15,8,0,7,53.3,0,46.7],[6,2451,15,8,0,7,53.3,0,46.7],[7,416,15,7,2,6,46.7,13.3,40],[8,2006,15,7,1,7,46.7,6.7,46.7],[9,402,14,6,1,7,42.9,7.1,50],[10,10112,14,6,0,8,42.9,0,57.1],[11,19764,15,6,0,9,40,0,60],[12,605,15,6,0,9,40,0,60],[13,407,15,6,0,9,40,0,60],[14,395,15,6,0,9,40,0,60],[15,2450,15,6,0,9,40,0,60],[16,429,15,5,0,10,33.3,0,66.7]];
var TotalBsHalf = [[1,19764,30,18,4,8,60,13.3,26.7],[2,411,30,15,5,10,50,16.7,33.3],[3,420,30,15,5,10,50,16.7,33.3],[4,441,30,14,5,11,46.7,16.7,36.7],[5,2451,30,14,4,12,46.7,13.3,40],[6,13988,30,14,2,14,46.7,6.7,46.7],[7,407,30,13,10,7,43.3,33.3,23.3],[8,2450,30,13,6,11,43.3,20,36.7],[9,605,30,13,6,11,43.3,20,36.7],[10,416,30,12,9,9,40,30,30],[11,395,30,12,6,12,40,20,40],[12,11129,30,12,6,12,40,20,40],[13,2006,30,12,5,13,40,16.7,43.3],[14,429,29,10,6,13,34.5,20.7,44.8],[15,402,28,9,5,14,32.1,17.9,50],[16,10112,29,6,16,7,20.7,55.2,24.1]];
var HomeBsHalf = [[1,19764,15,11,0,4,73.3,0,26.7],[2,395,15,9,1,5,60,6.7,33.3],[3,13988,15,9,0,6,60,0,40],[4,407,15,7,5,3,46.7,33.3,20],[5,11129,15,7,3,5,46.7,20,33.3],[6,605,15,7,3,5,46.7,20,33.3],[7,420,15,7,3,5,46.7,20,33.3],[8,416,15,6,5,4,40,33.3,26.7],[9,441,15,6,3,6,40,20,40],[10,2450,15,6,2,7,40,13.3,46.7],[11,2451,15,5,3,7,33.3,20,46.7],[12,2006,15,5,2,8,33.3,13.3,53.3],[13,10112,15,4,10,1,26.7,66.7,6.7],[14,411,15,4,5,6,26.7,33.3,40],[15,402,14,4,3,7,28.6,21.4,50],[16,429,14,4,2,8,28.6,14.3,57.1]];
var GuestBsHalf = [[1,411,15,11,0,4,73.3,0,26.7],[2,2451,15,9,1,5,60,6.7,33.3],[3,441,15,8,2,5,53.3,13.3,33.3],[4,420,15,8,2,5,53.3,13.3,33.3],[5,19764,15,7,4,4,46.7,26.7,26.7],[6,2450,15,7,4,4,46.7,26.7,26.7],[7,2006,15,7,3,5,46.7,20,33.3],[8,407,15,6,5,4,40,33.3,26.7],[9,429,15,6,4,5,40,26.7,33.3],[10,416,15,6,4,5,40,26.7,33.3],[11,605,15,6,3,6,40,20,40],[12,402,14,5,2,7,35.7,14.3,50],[13,11129,15,5,3,7,33.3,20,46.7],[14,13988,15,5,2,8,33.3,13.3,53.3],[15,395,15,3,5,7,20,33.3,46.7],[16,10112,14,2,6,6,14.3,42.9,42.9]];
var addUp = [220,46.2,14,2.9,242,50.8,[66.7,395],[73.3,2450],[93.3,395],[86.7,2450],[60,411],[66.7,429]];
var addUpHalf = [202,42.4,100,21,174,36.6,[60,19764],[50,402],[73.3,19764],[57.1,429],[73.3,411],[53.3,13988]];
var lastUpdateTime = '2025-06-24 14:22:08';
