var arrLeague = [12,'法国乙组联赛','法國乙組聯賽','France Ligue 2','2021-2022','#B1A7A7','league_match/images/1j5w0bknv81g.png','法乙','法乙','FRA D2'];
var arrTeam = [[194,'阿雅克肖','阿些斯奧','Ajaccio','','images/194/1h71ky6nm62v.png',0],[215,'欧塞尔','歐塞爾','AJ Auxerre','','images/215/1h71ky6nmw2f.png',0],[216,'图卢兹','圖魯茲','Toulouse','','images/216/1j5hgyxgzaq.png',0],[245,'巴斯蒂亚','巴斯蒂亞','Bastia','','images/245/1h71kxn4152z.png',0],[255,'圣埃蒂安','聖伊天','Saint Etienne','','images/16487117719.png',0],[257,'卡昂','卡昂','Caen','','images/257/1h71ky6nm3g.png',0],[267,'索肖','索察','Sochaux','','images/267/1hke8b1sjc2k.png',0],[301,'南锡','南錫','Nancy','','images/20181012141312.png',0],[320,'第戎','迪安','Dijon','','images/320/1hkgstjs2x20.png',0],[325,'尼奥特','尼奧特','Chamois Niortais','','images/20150714133215.png',0],[335,'勒阿弗尔','勒哈費爾','Le Havre','','images/335/1hkgsvdrhc1c.png',0],[362,'甘冈','吉英坎','Guingamp','','images/362/1h71kxn4hte.png',0],[382,'亚眠','阿美恩斯','Amiens','','images/382/1h71kxn41t2.png',0],[393,'格勒诺布尔','格勒諾布爾','Grenoble','','images/393/1h71ky6nmac.png',0],[1740,'罗德兹','羅德茲','Rodez Aveyron','','images/1740/1h71kxn41hh.png',0],[1744,'尼姆','尼姆','Nimes','','images/1744/1h5btqtznf2r.png',0],[1796,'巴黎足球会','巴黎FC','Paris FC','','images/1796/1h56c0xwvqd.png',0],[2102,'波城','波城','Pau FC','','images/2102/1gqbpjxvd41d.png',0],[2104,'瓦朗谢纳','華倫西恩斯','Valenciennes','','images/2104/1h71kxn4hy7.png',0],[5003,'USL敦刻尔克','USL敦克爾克','USL Dunkerque','','images/5003/1h71kxn41g14.png',0],[15372,'克维伊','奎維利魯昂','Quevilly','','images/15372/1jcpr585p85.png',0]];
var TotalBs = [[1,1744,38,21,2,15,55.3,5.3,39.5],[2,216,38,21,0,17,55.3,0,44.7],[3,215,41,21,0,20,51.2,0,48.8],[4,320,38,20,1,17,52.6,2.6,44.7],[5,362,38,19,3,16,50,7.9,42.1],[6,2102,38,18,0,20,47.4,0,52.6],[7,301,37,17,2,18,45.9,5.4,48.6],[8,1796,39,16,1,22,41,2.6,56.4],[9,382,38,15,3,20,39.5,7.9,52.6],[10,257,38,15,3,20,39.5,7.9,52.6],[11,15372,37,15,2,20,40.5,5.4,54.1],[12,5003,38,15,2,21,39.5,5.3,55.3],[13,2104,38,15,0,23,39.5,0,60.5],[14,325,38,14,4,20,36.8,10.5,52.6],[15,335,38,14,2,22,36.8,5.3,57.9],[16,267,40,14,1,25,35,2.5,62.5],[17,393,38,12,3,23,31.6,7.9,60.5],[18,245,38,12,2,24,31.6,5.3,63.2],[19,1740,38,9,6,23,23.7,15.8,60.5],[20,194,38,7,5,26,18.4,13.2,68.4],[21,255,2,0,0,2,0,0,100]];
var HomeBs = [[1,216,19,12,0,7,63.2,0,36.8],[2,215,21,12,0,9,57.1,0,42.9],[3,1744,19,11,2,6,57.9,10.5,31.6],[4,362,19,11,0,8,57.9,0,42.1],[5,382,19,10,1,8,52.6,5.3,42.1],[6,257,19,9,1,9,47.4,5.3,47.4],[7,320,19,9,0,10,47.4,0,52.6],[8,2104,19,9,0,10,47.4,0,52.6],[9,2102,19,9,0,10,47.4,0,52.6],[10,301,18,8,1,9,44.4,5.6,50],[11,15372,19,8,1,10,42.1,5.3,52.6],[12,393,19,7,2,10,36.8,10.5,52.6],[13,1796,20,7,1,12,35,5,60],[14,325,19,6,3,10,31.6,15.8,52.6],[15,335,19,6,1,12,31.6,5.3,63.2],[16,5003,19,5,2,12,26.3,10.5,63.2],[17,194,19,5,0,14,26.3,0,73.7],[18,267,19,4,0,15,21.1,0,78.9],[19,245,19,4,0,15,21.1,0,78.9],[20,1740,19,3,6,10,15.8,31.6,52.6],[21,255,1,0,0,1,0,0,100]];
var GuestBs = [[1,320,19,11,1,7,57.9,5.3,36.8],[2,1744,19,10,0,9,52.6,0,47.4],[3,5003,19,10,0,9,52.6,0,47.4],[4,267,21,10,1,10,47.6,4.8,47.6],[5,301,19,9,1,9,47.4,5.3,47.4],[6,2102,19,9,0,10,47.4,0,52.6],[7,1796,19,9,0,10,47.4,0,52.6],[8,216,19,9,0,10,47.4,0,52.6],[9,215,20,9,0,11,45,0,55],[10,362,19,8,3,8,42.1,15.8,42.1],[11,245,19,8,2,9,42.1,10.5,47.4],[12,335,19,8,1,10,42.1,5.3,52.6],[13,325,19,8,1,10,42.1,5.3,52.6],[14,15372,18,7,1,10,38.9,5.6,55.6],[15,257,19,6,2,11,31.6,10.5,57.9],[16,1740,19,6,0,13,31.6,0,68.4],[17,2104,19,6,0,13,31.6,0,68.4],[18,382,19,5,2,12,26.3,10.5,63.2],[19,393,19,5,1,13,26.3,5.3,68.4],[20,194,19,2,5,12,10.5,26.3,63.2],[21,255,1,0,0,1,0,0,100]];
var TotalBsHalf = [[1,215,41,24,6,11,58.5,14.6,26.8],[2,1740,38,22,3,13,57.9,7.9,34.2],[3,301,37,21,6,10,56.8,16.2,27],[4,1796,39,21,6,12,53.8,15.4,30.8],[5,15372,37,20,6,11,54.1,16.2,29.7],[6,2104,38,20,5,13,52.6,13.2,34.2],[7,257,38,20,5,13,52.6,13.2,34.2],[8,362,38,20,5,13,52.6,13.2,34.2],[9,320,38,19,6,13,50,15.8,34.2],[10,325,38,19,5,14,50,13.2,36.8],[11,382,38,19,5,14,50,13.2,36.8],[12,5003,38,19,3,16,50,7.9,42.1],[13,1744,38,18,6,14,47.4,15.8,36.8],[14,335,38,18,6,14,47.4,15.8,36.8],[15,393,38,18,5,15,47.4,13.2,39.5],[16,267,40,18,5,17,45,12.5,42.5],[17,2102,38,17,7,14,44.7,18.4,36.8],[18,245,38,17,4,17,44.7,10.5,44.7],[19,216,38,16,12,10,42.1,31.6,26.3],[20,194,38,13,2,23,34.2,5.3,60.5],[21,255,2,1,0,1,50,0,50]];
var HomeBsHalf = [[1,215,21,13,5,3,61.9,23.8,14.3],[2,15372,19,12,2,5,63.2,10.5,26.3],[3,362,19,12,1,6,63.2,5.3,31.6],[4,1796,20,12,2,6,60,10,30],[5,257,19,11,3,5,57.9,15.8,26.3],[6,393,19,11,1,7,57.9,5.3,36.8],[7,1744,19,10,3,6,52.6,15.8,31.6],[8,1740,19,10,1,8,52.6,5.3,42.1],[9,216,19,9,6,4,47.4,31.6,21.1],[10,2102,19,9,5,5,47.4,26.3,26.3],[11,301,18,9,2,7,50,11.1,38.9],[12,325,19,9,2,8,47.4,10.5,42.1],[13,245,19,9,1,9,47.4,5.3,47.4],[14,382,19,9,1,9,47.4,5.3,47.4],[15,2104,19,8,4,7,42.1,21.1,36.8],[16,267,19,8,4,7,42.1,21.1,36.8],[17,320,19,8,2,9,42.1,10.5,47.4],[18,5003,19,8,1,10,42.1,5.3,52.6],[19,335,19,7,6,6,36.8,31.6,31.6],[20,194,19,6,2,11,31.6,10.5,57.9],[21,255,1,0,0,1,0,0,100]];
var GuestBsHalf = [[1,301,19,12,4,3,63.2,21.1,15.8],[2,1740,19,12,2,5,63.2,10.5,26.3],[3,2104,19,12,1,6,63.2,5.3,31.6],[4,320,19,11,4,4,57.9,21.1,21.1],[5,5003,19,11,2,6,57.9,10.5,31.6],[6,335,19,11,0,8,57.9,0,42.1],[7,215,20,11,1,8,55,5,40],[8,382,19,10,4,5,52.6,21.1,26.3],[9,325,19,10,3,6,52.6,15.8,31.6],[10,267,21,10,1,10,47.6,4.8,47.6],[11,1796,19,9,4,6,47.4,21.1,31.6],[12,257,19,9,2,8,47.4,10.5,42.1],[13,15372,18,8,4,6,44.4,22.2,33.3],[14,362,19,8,4,7,42.1,21.1,36.8],[15,245,19,8,3,8,42.1,15.8,42.1],[16,1744,19,8,3,8,42.1,15.8,42.1],[17,2102,19,8,2,9,42.1,10.5,47.4],[18,216,19,7,6,6,36.8,31.6,31.6],[19,393,19,7,4,8,36.8,21.1,42.1],[20,194,19,7,0,12,36.8,0,63.2],[21,255,1,1,0,0,100,0,0]];
var addUp = [310,40.5,42,5.5,414,54,[55.3,1744,216],[100,255],[63.2,216],[100,255],[57.9,320],[100,255]];
var addUpHalf = [380,49.6,108,14.1,278,36.3,[58.5,215],[60.5,194],[63.2,15372,362],[100,255],[100,255],[63.2,194]];
var lastUpdateTime = '2025-01-18 15:35:58';
