var arrLeague = [4,'巴西甲组联赛','巴西甲組聯賽','Brazil Serie A','2018','#996600','league_match/images/20210621103014.png','巴西甲','巴西甲','BRA D1'];
var arrTeam = [[337,'桑托斯','山度士','Santos','','images/337/1gv1yhgq3n2e.png',0],[343,'米内罗竞技','明尼路','Atletico Mineiro','','images/343/1j9d3cawpn18.png',0],[347,'巴拉纳竞技','巴拉納體育會','Atletico Paranaense','','images/347/1gxhxt30w91z.png',0],[349,'科林蒂安','哥連泰斯','Corinthians Paulista (SP)','','images/349/1j9d3cawpe2k.png',0],[354,'克鲁塞罗','高士路','Cruzeiro','','images/354/1grcyq30k1x.png',0],[356,'弗拉门戈','法林明高','Flamengo','','images/356/1j9d3cawp41r.png',0],[364,'格雷米奥','甘美奧','Gremio (RS)','','images/364/1gq1fbpxrd5.png',0],[369,'巴西国际','國際體育會','Internacional RS','','images/369/1hxg39ttg32m.png',0],[453,'圣保罗','聖保羅','Sao Paulo','','images/453/1hxqrprbs1c.png',0],[456,'瓦斯科达伽马','華斯高','Vasco da Gama','','images/456/1j9d3cawpjh.png',0],[462,'维多利亚','維多利亞','Vitoria BA','','images/462/1gtqpvn9c82j.png',0],[465,'帕尔梅拉斯','彭美拉斯','Palmeiras','','images/465/1gxsf3fvqe1p.png',0],[467,'博塔弗戈','保地花高','Botafogo RJ','','images/467/1gtqm76wzmz.png',0],[469,'弗鲁米嫩塞','富明尼斯','Fluminense RJ','','images/469/1hxqrprbsp13.png',0],[1979,'巴伊亚','巴希亞','Bahia','','images/1979/1grdmmb9f68.png',0],[2108,'塞阿拉','施亞拉','Ceara','','images/2108/1grmn77tvad.png',0],[2449,'巴拉纳','巴拉納','Parana PR','','images/2449/1gzq971z332r.png',0],[4176,'累西腓体育','利斯菲體育會','Sport Club do Recife','','images/4176/1gxsf3fv7a21.png',0],[7344,'沙佩科恩斯','查比高恩斯','Chapecoense SC','','images/7344/1grwgc3gyj2p.png',0],[13219,'米内罗美洲','阿美利加明尼路','America MG','','images/13219/1gxsf3fvqxt.png',0]];
var TotalBs = [[1,347,38,20,2,16,52.6,5.3,42.1],[2,462,38,20,2,16,52.6,5.3,42.1],[3,343,38,19,0,19,50,0,50],[4,369,38,17,2,19,44.7,5.3,50],[5,4176,38,17,0,21,44.7,0,55.3],[6,456,38,15,5,18,39.5,13.2,47.4],[7,465,38,15,3,20,39.5,7.9,52.6],[8,13219,38,15,1,22,39.5,2.6,57.9],[9,469,38,15,0,23,39.5,0,60.5],[10,337,38,14,3,21,36.8,7.9,55.3],[11,356,38,14,2,22,36.8,5.3,57.9],[12,7344,38,14,2,22,36.8,5.3,57.9],[13,467,38,13,4,21,34.2,10.5,55.3],[14,453,38,13,3,22,34.2,7.9,57.9],[15,2108,38,12,5,21,31.6,13.2,55.3],[16,1979,38,11,4,23,28.9,10.5,60.5],[17,349,38,11,3,24,28.9,7.9,63.2],[18,2449,38,10,7,21,26.3,18.4,55.3],[19,364,38,10,5,23,26.3,13.2,60.5],[20,354,38,9,7,22,23.7,18.4,57.9]];
var HomeBs = [[1,347,19,13,0,6,68.4,0,31.6],[2,465,19,11,0,8,57.9,0,42.1],[3,13219,19,10,1,8,52.6,5.3,42.1],[4,369,19,10,0,9,52.6,0,47.4],[5,456,19,9,3,7,47.4,15.8,36.8],[6,462,19,9,0,10,47.4,0,52.6],[7,364,19,8,3,8,42.1,15.8,42.1],[8,354,19,7,2,10,36.8,10.5,52.6],[9,7344,19,7,1,11,36.8,5.3,57.9],[10,343,19,7,0,12,36.8,0,63.2],[11,2108,19,6,4,9,31.6,21.1,47.4],[12,467,19,6,3,10,31.6,15.8,52.6],[13,337,19,6,1,12,31.6,5.3,63.2],[14,1979,19,6,1,12,31.6,5.3,63.2],[15,453,19,6,1,12,31.6,5.3,63.2],[16,4176,19,6,0,13,31.6,0,68.4],[17,2449,19,4,7,8,21.1,36.8,42.1],[18,349,19,4,3,12,21.1,15.8,63.2],[19,356,19,4,0,15,21.1,0,78.9],[20,469,19,3,0,16,15.8,0,84.2]];
var GuestBs = [[1,343,19,12,0,7,63.2,0,36.8],[2,469,19,12,0,7,63.2,0,36.8],[3,462,19,11,2,6,57.9,10.5,31.6],[4,4176,19,11,0,8,57.9,0,42.1],[5,356,19,10,2,7,52.6,10.5,36.8],[6,337,19,8,2,9,42.1,10.5,47.4],[7,369,19,7,2,10,36.8,10.5,52.6],[8,453,19,7,2,10,36.8,10.5,52.6],[9,347,19,7,2,10,36.8,10.5,52.6],[10,7344,19,7,1,11,36.8,5.3,57.9],[11,467,19,7,1,11,36.8,5.3,57.9],[12,349,19,7,0,12,36.8,0,63.2],[13,456,19,6,2,11,31.6,10.5,57.9],[14,2108,19,6,1,12,31.6,5.3,63.2],[15,2449,19,6,0,13,31.6,0,68.4],[16,1979,19,5,3,11,26.3,15.8,57.9],[17,13219,19,5,0,14,26.3,0,73.7],[18,465,19,4,3,12,21.1,15.8,63.2],[19,354,19,2,5,12,10.5,26.3,63.2],[20,364,19,2,2,15,10.5,10.5,78.9]];
var TotalBsHalf = [[1,356,38,21,6,11,55.3,15.8,28.9],[2,467,38,21,3,14,55.3,7.9,36.8],[3,462,38,20,6,12,52.6,15.8,31.6],[4,456,38,20,3,15,52.6,7.9,39.5],[5,13219,38,20,3,15,52.6,7.9,39.5],[6,369,38,19,3,16,50,7.9,42.1],[7,364,38,19,2,17,50,5.3,44.7],[8,347,38,19,1,18,50,2.6,47.4],[9,354,38,19,1,18,50,2.6,47.4],[10,337,38,18,3,17,47.4,7.9,44.7],[11,2108,38,18,2,18,47.4,5.3,47.4],[12,7344,38,18,2,18,47.4,5.3,47.4],[13,349,38,18,1,19,47.4,2.6,50],[14,453,38,17,6,15,44.7,15.8,39.5],[15,2449,38,17,6,15,44.7,15.8,39.5],[16,343,38,16,7,15,42.1,18.4,39.5],[17,469,38,16,6,16,42.1,15.8,42.1],[18,4176,38,16,2,20,42.1,5.3,52.6],[19,1979,38,16,1,21,42.1,2.6,55.3],[20,465,38,14,8,16,36.8,21.1,42.1]];
var HomeBsHalf = [[1,347,19,13,0,6,68.4,0,31.6],[2,2108,19,12,0,7,63.2,0,36.8],[3,364,19,11,2,6,57.9,10.5,31.6],[4,354,19,11,1,7,57.9,5.3,36.8],[5,467,19,11,1,7,57.9,5.3,36.8],[6,13219,19,11,0,8,57.9,0,42.1],[7,462,19,10,2,7,52.6,10.5,36.8],[8,456,19,10,2,7,52.6,10.5,36.8],[9,337,19,9,3,7,47.4,15.8,36.8],[10,369,19,9,2,8,47.4,10.5,42.1],[11,2449,19,9,1,9,47.4,5.3,47.4],[12,7344,19,9,0,10,47.4,0,52.6],[13,356,19,8,4,7,42.1,21.1,36.8],[14,349,19,8,0,11,42.1,0,57.9],[15,469,19,7,4,8,36.8,21.1,42.1],[16,343,19,7,3,9,36.8,15.8,47.4],[17,1979,19,7,1,11,36.8,5.3,57.9],[18,4176,19,7,0,12,36.8,0,63.2],[19,465,19,6,6,7,31.6,31.6,36.8],[20,453,19,6,4,9,31.6,21.1,47.4]];
var GuestBsHalf = [[1,356,19,13,2,4,68.4,10.5,21.1],[2,453,19,11,2,6,57.9,10.5,31.6],[3,462,19,10,4,5,52.6,21.1,26.3],[4,467,19,10,2,7,52.6,10.5,36.8],[5,369,19,10,1,8,52.6,5.3,42.1],[6,456,19,10,1,8,52.6,5.3,42.1],[7,349,19,10,1,8,52.6,5.3,42.1],[8,343,19,9,4,6,47.4,21.1,31.6],[9,13219,19,9,3,7,47.4,15.8,36.8],[10,4176,19,9,2,8,47.4,10.5,42.1],[11,469,19,9,2,8,47.4,10.5,42.1],[12,7344,19,9,2,8,47.4,10.5,42.1],[13,1979,19,9,0,10,47.4,0,52.6],[14,337,19,9,0,10,47.4,0,52.6],[15,2449,19,8,5,6,42.1,26.3,31.6],[16,465,19,8,2,9,42.1,10.5,47.4],[17,354,19,8,0,11,42.1,0,57.9],[18,364,19,8,0,11,42.1,0,57.9],[19,2108,19,6,2,11,31.6,10.5,57.9],[20,347,19,6,1,12,31.6,5.3,63.2]];
var addUp = [284,37.4,60,7.9,416,54.7,[52.6,347,462],[63.2,349],[68.4,347],[84.2,469],[63.2,343,469],[78.9,364]];
var addUpHalf = [362,47.6,72,9.5,326,42.9,[55.3,356,467],[55.3,1979],[68.4,347],[63.2,4176],[68.4,356],[63.2,347]];
var lastUpdateTime = '2025-06-24 12:35:51';
