var arrLeague = [12,'法国乙组联赛','法國乙組聯賽','France Ligue 2','2024-2025','#B1A7A7','league_match/images/1j5w0bknv81g.png','法乙','法乙','FRA D2'];
var arrTeam = [[194,'阿雅克肖','阿些斯奧','Ajaccio','','images/194/1h71ky6nm62v.png',0],[214,'梅斯','梅斯','Metz','','images/214/1h51a55zp72q.png',0],[245,'巴斯蒂亚','巴斯蒂亞','Bastia','','images/245/1h71kxn4152z.png',0],[257,'卡昂','卡昂','Caen','','images/257/1h71ky6nm3g.png',0],[313,'克莱蒙','克萊蒙特','Clermont','','images/164871190892.png',0],[330,'拉瓦勒','拉瓦勒','Stade Lavallois MFC','','images/330/1h71kxn4191q.png',0],[333,'洛里昂','羅連安特','Lorient','','images/164871192161.png',0],[362,'甘冈','吉英坎','Guingamp','','images/362/1h71kxn4hte.png',0],[366,'特鲁瓦','特魯瓦','Troyes','','images/164871194730.png',0],[382,'亚眠','阿美恩斯','Amiens','','images/382/1h71kxn41t2.png',0],[393,'格勒诺布尔','格勒諾布爾','Grenoble','','images/393/1h71ky6nmac.png',0],[1740,'罗德兹','羅德茲','Rodez Aveyron','','images/1740/1h71kxn41hh.png',0],[1796,'巴黎足球会','巴黎FC','Paris FC','','images/1796/1h56c0xwvqd.png',0],[2102,'波城','波城','Pau FC','','images/2102/1gqbpjxvd41d.png',0],[4957,'兰斯','蘭斯','Reims','','images/164871196247.png',0],[5003,'USL敦刻尔克','USL敦克爾克','USL Dunkerque','','images/5003/1h71kxn41g14.png',0],[5961,'马蒂格','馬堤古斯','Martigues','','images/5961/1gq6jx3x4q4.png',0],[7165,'阿纳西','安納西','FC Annecy','','images/7165/1gqbpjxvd41.png',0],[12220,'红星','紅星','Red Star FC 93','','images/12220/1j3p925km716.png',0]];
var TotalBs = [[1,362,35,21,1,13,60,2.9,37.1],[2,1740,34,21,0,13,61.8,0,38.2],[3,333,34,20,0,14,58.8,0,41.2],[4,393,34,19,1,14,55.9,2.9,41.2],[5,214,37,19,1,17,51.4,2.7,45.9],[6,257,34,18,0,16,52.9,0,47.1],[7,382,34,18,0,16,52.9,0,47.1],[8,366,34,16,1,17,47.1,2.9,50],[9,330,34,16,0,18,47.1,0,52.9],[10,1796,34,16,0,18,47.1,0,52.9],[11,2102,34,16,0,18,47.1,0,52.9],[12,12220,34,16,0,18,47.1,0,52.9],[13,194,34,15,5,14,44.1,14.7,41.2],[14,5961,34,14,3,17,41.2,8.8,50],[15,245,34,13,4,17,38.2,11.8,50],[16,5003,36,13,1,22,36.1,2.8,61.1],[17,7165,34,12,2,20,35.3,5.9,58.8],[18,313,34,11,1,22,32.4,2.9,64.7],[19,4957,2,0,0,2,0,0,100]];
var HomeBs = [[1,333,17,12,0,5,70.6,0,29.4],[2,362,17,11,1,5,64.7,5.9,29.4],[3,382,17,10,0,7,58.8,0,41.2],[4,1740,17,10,0,7,58.8,0,41.2],[5,194,17,9,3,5,52.9,17.6,29.4],[6,393,17,9,0,8,52.9,0,47.1],[7,1796,17,9,0,8,52.9,0,47.1],[8,330,17,9,0,8,52.9,0,47.1],[9,214,19,9,0,10,47.4,0,52.6],[10,245,17,8,2,7,47.1,11.8,41.2],[11,12220,17,8,0,9,47.1,0,52.9],[12,5003,18,8,0,10,44.4,0,55.6],[13,5961,17,7,1,9,41.2,5.9,52.9],[14,366,17,7,1,9,41.2,5.9,52.9],[15,257,17,6,0,11,35.3,0,64.7],[16,2102,17,6,0,11,35.3,0,64.7],[17,7165,17,5,2,10,29.4,11.8,58.8],[18,313,17,4,0,13,23.5,0,76.5],[19,4957,1,0,0,1,0,0,100]];
var GuestBs = [[1,257,17,12,0,5,70.6,0,29.4],[2,1740,17,11,0,6,64.7,0,35.3],[3,393,17,10,1,6,58.8,5.9,35.3],[4,2102,17,10,0,7,58.8,0,41.2],[5,214,18,10,1,7,55.6,5.6,38.9],[6,362,18,10,0,8,55.6,0,44.4],[7,366,17,9,0,8,52.9,0,47.1],[8,382,17,8,0,9,47.1,0,52.9],[9,333,17,8,0,9,47.1,0,52.9],[10,12220,17,8,0,9,47.1,0,52.9],[11,5961,17,7,2,8,41.2,11.8,47.1],[12,313,17,7,1,9,41.2,5.9,52.9],[13,330,17,7,0,10,41.2,0,58.8],[14,7165,17,7,0,10,41.2,0,58.8],[15,1796,17,7,0,10,41.2,0,58.8],[16,194,17,6,2,9,35.3,11.8,52.9],[17,245,17,5,2,10,29.4,11.8,58.8],[18,5003,18,5,1,12,27.8,5.6,66.7],[19,4957,1,0,0,1,0,0,100]];
var TotalBsHalf = [[1,245,34,18,6,10,52.9,17.6,29.4],[2,194,34,17,3,14,50,8.8,41.2],[3,382,34,15,10,9,44.1,29.4,26.5],[4,12220,34,14,13,7,41.2,38.2,20.6],[5,362,35,14,11,10,40,31.4,28.6],[6,330,34,14,7,13,41.2,20.6,38.2],[7,1740,34,12,16,6,35.3,47.1,17.6],[8,313,34,12,13,9,35.3,38.2,26.5],[9,214,37,12,13,12,32.4,35.1,32.4],[10,2102,34,12,9,13,35.3,26.5,38.2],[11,393,34,12,8,14,35.3,23.5,41.2],[12,1796,34,11,11,12,32.4,32.4,35.3],[13,5003,36,11,11,14,30.6,30.6,38.9],[14,7165,34,10,13,11,29.4,38.2,32.4],[15,333,34,10,12,12,29.4,35.3,35.3],[16,5961,34,10,8,16,29.4,23.5,47.1],[17,257,34,9,14,11,26.5,41.2,32.4],[18,366,34,9,13,12,26.5,38.2,35.3],[19,4957,2,0,1,1,0,50,50]];
var HomeBsHalf = [[1,245,17,10,1,6,58.8,5.9,35.3],[2,194,17,9,2,6,52.9,11.8,35.3],[3,12220,17,8,6,3,47.1,35.3,17.6],[4,330,17,8,3,6,47.1,17.6,35.3],[5,382,17,7,6,4,41.2,35.3,23.5],[6,333,17,7,4,6,41.2,23.5,35.3],[7,362,17,6,6,5,35.3,35.3,29.4],[8,214,19,6,7,6,31.6,36.8,31.6],[9,1796,17,6,5,6,35.3,29.4,35.3],[10,393,17,6,4,7,35.3,23.5,41.2],[11,5961,17,6,3,8,35.3,17.6,47.1],[12,257,17,5,8,4,29.4,47.1,23.5],[13,313,17,5,7,5,29.4,41.2,29.4],[14,2102,17,5,6,6,29.4,35.3,35.3],[15,5003,18,5,5,8,27.8,27.8,44.4],[16,1740,17,4,10,3,23.5,58.8,17.6],[17,7165,17,4,8,5,23.5,47.1,29.4],[18,366,17,4,5,8,23.5,29.4,47.1],[19,4957,1,0,0,1,0,0,100]];
var GuestBsHalf = [[1,1740,17,8,6,3,47.1,35.3,17.6],[2,245,17,8,5,4,47.1,29.4,23.5],[3,362,18,8,5,5,44.4,27.8,27.8],[4,382,17,8,4,5,47.1,23.5,29.4],[5,194,17,8,1,8,47.1,5.9,47.1],[6,313,17,7,6,4,41.2,35.3,23.5],[7,2102,17,7,3,7,41.2,17.6,41.2],[8,12220,17,6,7,4,35.3,41.2,23.5],[9,5003,18,6,6,6,33.3,33.3,33.3],[10,214,18,6,6,6,33.3,33.3,33.3],[11,7165,17,6,5,6,35.3,29.4,35.3],[12,330,17,6,4,7,35.3,23.5,41.2],[13,393,17,6,4,7,35.3,23.5,41.2],[14,366,17,5,8,4,29.4,47.1,23.5],[15,1796,17,5,6,6,29.4,35.3,35.3],[16,257,17,4,6,7,23.5,35.3,41.2],[17,5961,17,4,5,8,23.5,29.4,47.1],[18,333,17,3,8,6,17.6,47.1,35.3],[19,4957,1,0,1,0,0,100,0]];
var addUp = [294,47.4,20,3.2,306,49.4,[61.8,1740],[100,4957],[70.6,333],[100,4957],[70.6,257],[100,4957]];
var addUpHalf = [222,35.8,192,31,206,33.2,[52.9,245],[50,4957],[58.8,245],[100,4957],[47.1,1740,245,382,194],[47.1,194,5961]];
var lastUpdateTime = '2025-05-31 07:00:04';
