var arrLeague = [29,'苏格兰超级联赛','蘇格蘭超級聯賽','Scottish Premier League','2022-2023','#57A87B','league_match/images/1j5w1p9pmse.png','苏超','蘇超','SCO PR'];
var arrTeam = [[70,'凯尔特人','些路迪','Celtic FC','','images/165363471972.png',0],[72,'邓迪联队','登地聯','Dundee United','','images/16536347072.png',0],[73,'阿伯丁','鴨巴甸','Aberdeen','','images/165363467632.png',0],[75,'马瑟韦尔','馬瑟韋爾','Motherwell','','images/165363477927.png',0],[76,'哈茨','赫斯','Heart of Midlothian','','images/165363483555.png',0],[77,'格拉斯哥流浪者','格拉斯哥流浪','Glasgow Rangers','','images/165363474719.png',0],[79,'希伯尼安','喜百年','Hibernian','','images/165363481924.png',0],[80,'利云斯顿','利雲斯頓','Livingston','','images/80/1h5bjef76m11.png',0],[81,'基马诺克','基馬諾克','Kilmarnock','','images/81/1h5bjef76b13.png',0],[1366,'罗斯郡','羅斯郡','Ross County','','images/165363476324.png',0],[1463,'圣米伦','聖美倫','Saint Mirren','','images/165363479259.png',0],[1485,'圣约翰斯通','聖莊士東','Saint Johnstone','','images/165363480511.png',0]];
var TotalPanLu = [[1,70,38,37,1,0,20,4,14,6,52.6,10.5,36.8],[2,73,38,20,7,11,20,0,18,2,52.6,0,47.4],[3,75,38,14,11,13,19,2,17,2,50,5.3,44.7],[4,79,38,18,7,13,19,1,18,1,50,2.6,47.4],[5,80,38,10,6,22,18,1,19,-1,47.4,2.6,50],[6,76,38,22,7,9,17,5,16,1,44.7,13.2,42.1],[7,77,38,34,1,3,17,5,16,1,44.7,13.2,42.1],[8,1485,38,8,7,23,17,4,17,0,44.7,10.5,44.7],[9,81,38,7,5,26,17,3,18,-1,44.7,7.9,47.4],[10,1366,38,4,8,26,17,1,20,-3,44.7,2.6,52.6],[11,72,38,6,6,26,16,3,19,-3,42.1,7.9,50],[12,1463,38,11,8,19,15,3,20,-5,39.5,7.9,52.6]];
var HomePanLu = [[1,73,19,14,2,3,14,0,5,9,73.7,0,26.3],[2,81,19,7,4,8,12,2,5,7,63.2,10.5,26.3],[3,76,19,15,0,4,12,1,6,6,63.2,5.3,31.6],[4,79,19,11,3,5,11,1,7,4,57.9,5.3,36.8],[5,80,19,10,2,7,11,1,7,4,57.9,5.3,36.8],[6,70,19,19,0,0,11,1,7,4,57.9,5.3,36.8],[7,1463,19,9,5,5,10,2,7,3,52.6,10.5,36.8],[8,75,19,13,3,3,9,0,10,-1,47.4,0,52.6],[9,77,19,17,1,1,8,4,7,1,42.1,21.1,36.8],[10,1485,19,8,4,7,8,1,10,-2,42.1,5.3,52.6],[11,1366,19,4,8,7,8,1,10,-2,42.1,5.3,52.6],[12,72,19,6,5,8,7,2,10,-3,36.8,10.5,52.6]];
var GuestPanLu = [[1,75,19,1,8,10,10,2,7,3,52.6,10.5,36.8],[2,70,19,18,1,0,9,3,7,2,47.4,15.8,36.8],[3,1485,19,0,3,16,9,3,7,2,47.4,15.8,36.8],[4,72,19,0,1,18,9,1,9,0,47.4,5.3,47.4],[5,77,19,17,0,2,9,1,9,0,47.4,5.3,47.4],[6,1366,19,0,0,19,9,0,10,-1,47.4,0,52.6],[7,79,19,7,4,8,8,0,11,-3,42.1,0,57.9],[8,80,19,0,4,15,7,0,12,-5,36.8,0,63.2],[9,73,19,6,5,8,6,0,13,-7,31.6,0,68.4],[10,76,19,7,7,5,5,4,10,-5,26.3,21.1,52.6],[11,81,19,0,1,18,5,1,13,-8,26.3,5.3,68.4],[12,1463,19,2,3,14,5,1,13,-8,26.3,5.3,68.4]];
var TotalHalfPanLu = [[1,70,38,36,2,0,20,2,16,4,52.6,5.3,42.1],[2,75,38,9,17,12,19,4,15,4,50,10.5,39.5],[3,76,38,15,15,8,18,5,15,3,47.4,13.2,39.5],[4,77,38,34,2,2,18,2,18,0,47.4,5.3,47.4],[5,73,38,15,15,8,17,6,15,2,44.7,15.8,39.5],[6,1463,38,5,18,15,16,6,16,0,42.1,15.8,42.1],[7,81,38,4,16,18,16,4,18,-2,42.1,10.5,47.4],[8,1366,38,0,18,20,15,8,15,0,39.5,21.1,39.5],[9,80,38,6,20,12,14,8,16,-2,36.8,21.1,42.1],[10,72,38,1,20,17,14,8,16,-2,36.8,21.1,42.1],[11,79,38,12,15,11,14,7,17,-3,36.8,18.4,44.7],[12,1485,38,0,24,14,13,8,17,-4,34.2,21.1,44.7]];
var HomeHalfPanLu = [[1,73,19,13,3,3,13,1,5,8,68.4,5.3,26.3],[2,81,19,4,11,4,11,3,5,6,57.9,15.8,26.3],[3,76,19,13,2,4,11,1,7,4,57.9,5.3,36.8],[4,1463,19,5,10,4,10,3,6,4,52.6,15.8,31.6],[5,80,19,6,10,3,10,3,6,4,52.6,15.8,31.6],[6,72,19,1,13,5,9,4,6,3,47.4,21.1,31.6],[7,70,19,19,0,0,9,2,8,1,47.4,10.5,42.1],[8,77,19,17,2,0,9,2,8,1,47.4,10.5,42.1],[9,75,19,9,7,3,8,1,10,-2,42.1,5.3,52.6],[10,1366,19,0,13,6,7,4,8,-1,36.8,21.1,42.1],[11,79,19,10,4,5,7,2,10,-3,36.8,10.5,52.6],[12,1485,19,0,16,3,5,8,6,-1,26.3,42.1,31.6]];
var GuestHalfPanLu = [[1,75,19,0,10,9,11,3,5,6,57.9,15.8,26.3],[2,70,19,17,2,0,11,0,8,3,57.9,0,42.1],[3,77,19,17,0,2,9,0,10,-1,47.4,0,52.6],[4,1366,19,0,5,14,8,4,7,1,42.1,21.1,36.8],[5,1485,19,0,8,11,8,0,11,-3,42.1,0,57.9],[6,79,19,2,11,6,7,5,7,0,36.8,26.3,36.8],[7,76,19,2,13,4,7,4,8,-1,36.8,21.1,42.1],[8,1463,19,0,8,11,6,3,10,-4,31.6,15.8,52.6],[9,72,19,0,7,12,5,4,10,-5,26.3,21.1,52.6],[10,81,19,0,5,14,5,1,13,-8,26.3,5.3,68.4],[11,73,19,2,12,5,4,5,10,-6,21.1,26.3,52.6],[12,80,19,0,10,9,4,5,10,-6,21.1,26.3,52.6]];
var addUp = [121,53.1,16,7,91,39.9,[52.6,70,73],[52.6,1366,1463],[73.7,73],[52.6,75,1485,1366,72],[52.6,75],[68.4,73,81,1463],[13.2,76,77],[0,73]];
var addUpHalf = [109,47.8,34,14.9,85,37.3,[52.6,70],[47.4,77,81],[68.4,73],[52.6,75,79],[57.9,75,70],[68.4,81],[21.1,1366,80,72,1485],[5.3,70,77]];
var lastUpdateTime = '2025-01-18 11:08:08';
