var arrLeague = [29,'苏格兰超级联赛','蘇格蘭超級聯賽','Scottish Premier League','2022-2023','#57A87B','league_match/images/1j5w1p9pmse.png','苏超','蘇超','SCO PR'];
var arrTeam = [[70,'凯尔特人','些路迪','Celtic FC','','images/165363471972.png',0],[72,'邓迪联队','登地聯','Dundee United','','images/16536347072.png',0],[73,'阿伯丁','鴨巴甸','Aberdeen','','images/165363467632.png',0],[75,'马瑟韦尔','馬瑟韋爾','Motherwell','','images/165363477927.png',0],[76,'哈茨','赫斯','Heart of Midlothian','','images/165363483555.png',0],[77,'格拉斯哥流浪者','格拉斯哥流浪','Glasgow Rangers','','images/165363474719.png',0],[79,'希伯尼安','喜百年','Hibernian','','images/165363481924.png',0],[80,'利云斯顿','利雲斯頓','Livingston','','images/80/1h5bjef76m11.png',0],[81,'基马诺克','基馬諾克','Kilmarnock','','images/81/1h5bjef76b13.png',0],[1366,'罗斯郡','羅斯郡','Ross County','','images/165363476324.png',0],[1463,'圣米伦','聖美倫','Saint Mirren','','images/165363479259.png',0],[1485,'圣约翰斯通','聖莊士東','Saint Johnstone','','images/165363480511.png',0]];
var TotalBs = [[1,77,38,23,3,12,60.5,7.9,31.6],[2,76,38,23,1,14,60.5,2.6,36.8],[3,73,38,23,0,15,60.5,0,39.5],[4,70,38,22,2,14,57.9,5.3,36.8],[5,79,38,22,0,16,57.9,0,42.1],[6,72,38,21,0,17,55.3,0,44.7],[7,1463,38,21,0,17,55.3,0,44.7],[8,81,38,18,0,20,47.4,0,52.6],[9,75,38,17,2,19,44.7,5.3,50],[10,1485,38,16,3,19,42.1,7.9,50],[11,80,38,15,2,21,39.5,5.3,55.3],[12,1366,38,15,1,22,39.5,2.6,57.9]];
var HomeBs = [[1,76,19,13,1,5,68.4,5.3,26.3],[2,79,19,13,0,6,68.4,0,31.6],[3,72,19,12,0,7,63.2,0,36.8],[4,75,19,11,1,7,57.9,5.3,36.8],[5,70,19,11,0,8,57.9,0,42.1],[6,77,19,10,1,8,52.6,5.3,42.1],[7,73,19,10,0,9,52.6,0,47.4],[8,81,19,10,0,9,52.6,0,47.4],[9,80,19,8,1,10,42.1,5.3,52.6],[10,1366,19,8,0,11,42.1,0,57.9],[11,1463,19,8,0,11,42.1,0,57.9],[12,1485,19,4,3,12,21.1,15.8,63.2]];
var GuestBs = [[1,77,19,13,2,4,68.4,10.5,21.1],[2,73,19,13,0,6,68.4,0,31.6],[3,1463,19,13,0,6,68.4,0,31.6],[4,1485,19,12,0,7,63.2,0,36.8],[5,70,19,11,2,6,57.9,10.5,31.6],[6,76,19,10,0,9,52.6,0,47.4],[7,72,19,9,0,10,47.4,0,52.6],[8,79,19,9,0,10,47.4,0,52.6],[9,81,19,8,0,11,42.1,0,57.9],[10,1366,19,7,1,11,36.8,5.3,57.9],[11,80,19,7,1,11,36.8,5.3,57.9],[12,75,19,6,1,12,31.6,5.3,63.2]];
var TotalBsHalf = [[1,1485,38,21,6,11,55.3,15.8,28.9],[2,80,38,21,5,12,55.3,13.2,31.6],[3,70,38,20,1,17,52.6,2.6,44.7],[4,76,38,19,9,10,50,23.7,26.3],[5,73,38,19,7,12,50,18.4,31.6],[6,1463,38,19,6,13,50,15.8,34.2],[7,72,38,17,13,8,44.7,34.2,21.1],[8,81,38,17,13,8,44.7,34.2,21.1],[9,79,38,17,11,10,44.7,28.9,26.3],[10,77,38,17,3,18,44.7,7.9,47.4],[11,75,38,13,15,10,34.2,39.5,26.3],[12,1366,38,12,9,17,31.6,23.7,44.7]];
var HomeBsHalf = [[1,70,19,13,0,6,68.4,0,31.6],[2,80,19,11,3,5,57.9,15.8,26.3],[3,1485,19,11,0,8,57.9,0,42.1],[4,76,19,10,5,4,52.6,26.3,21.1],[5,77,19,9,1,9,47.4,5.3,47.4],[6,79,19,8,7,4,42.1,36.8,21.1],[7,81,19,8,7,4,42.1,36.8,21.1],[8,72,19,8,7,4,42.1,36.8,21.1],[9,1463,19,8,3,8,42.1,15.8,42.1],[10,73,19,7,5,7,36.8,26.3,36.8],[11,1366,19,7,4,8,36.8,21.1,42.1],[12,75,19,6,7,6,31.6,36.8,31.6]];
var GuestBsHalf = [[1,73,19,12,2,5,63.2,10.5,26.3],[2,1463,19,11,3,5,57.9,15.8,26.3],[3,1485,19,10,6,3,52.6,31.6,15.8],[4,80,19,10,2,7,52.6,10.5,36.8],[5,81,19,9,6,4,47.4,31.6,21.1],[6,72,19,9,6,4,47.4,31.6,21.1],[7,76,19,9,4,6,47.4,21.1,31.6],[8,79,19,9,4,6,47.4,21.1,31.6],[9,77,19,8,2,9,42.1,10.5,47.4],[10,75,19,7,8,4,36.8,42.1,21.1],[11,70,19,7,1,11,36.8,5.3,57.9],[12,1366,19,5,5,9,26.3,26.3,47.4]];
var addUp = [236,51.8,14,3.1,206,45.2,[60.5,77,76,73],[57.9,1366],[68.4,76,79],[63.2,1485],[68.4,77,73,1463],[63.2,75]];
var addUpHalf = [212,46.5,98,21.5,146,32,[55.3,1485,80],[47.4,77],[68.4,70],[47.4,77],[63.2,73],[57.9,70]];
var lastUpdateTime = '2025-01-18 11:08:23';
