var arrLeague = [10,'俄罗斯超级联赛','俄羅斯超級聯賽','Russia Premier League','2022-2023','#006699','league_match/images/20200411092415.jpg','俄超','俄超','RUS PR'];
var arrTeam = [[296,'莫斯科鱼雷','莫斯科魚雷','Torpedo Moscow','','images/296/1h5bjf6tw33.png',0],[300,'苏维埃之翼','蘇維杜夫','Krylya Sovetov','','images/165095551520.png',0],[395,'圣彼得堡泽尼特','聖彼德斯堡','Zenit St. Petersburg','','images/395/1hnyhx549p2m.png',0],[407,'莫斯科中央陆军','莫斯科中央陸軍','CSKA Moscow','','images/407/1gtqm0cjh91x.png',0],[411,'莫斯科斯巴达','莫斯科斯巴達','Spartak Moscow','','images/165095544593.png',0],[416,'莫斯科迪纳摩','莫斯科戴拿模','Dynamo Moscow','','images/416/1gtqm0cjhm20.png',0],[420,'莫斯科火车头','莫斯科火車頭','Lokomotiv Moscow','','images/165095543060.png',0],[429,'罗斯托夫','羅斯杜夫','Rostov FK','','images/165095539431.png',0],[605,'格罗兹尼特里克','塔利克','Terek Grozny','','images/165095534661.png',0],[2006,'希姆基','奇姆基','Khimki','','images/165095558434.png',0],[2450,'乌拉尔','烏拉爾','Ural Sverdlovsk Oblast','','images/165095556739.png',0],[2451,'索契','索契','FK Sochi','','images/2451/1gtqm0cjh82.png',0],[2465,'沃罗涅日火炬','法克爾','Fakel','','images/2465/1hm7w3cnbk1j.png',0],[4388,'叶尼塞','克拉斯諾亞爾斯克','Yenisey Krasnoyarsk','','images/4388/1gtqm80ws24.png',0],[5755,'奥伦堡加索维克','奧倫堡','Gazovik Orenburg','','images/5755/1heh20art832.png',0],[10112,'克拉斯诺达尔','克拉斯諾達爾','FC Krasnodar','','images/10112/1gtqm0cjha2q.png',0],[25289,'诺夫哥罗德','諾夫哥羅德','FK Nizhny Novgorod','','images/25289/1gvvp55xq5j.png',0],[44193,'罗迪纳莫斯科','羅迪納莫斯科','Rodina Moscow','','images/44193/1h5e496crx1k.png',0]];
var TotalBs = [[1,10112,30,22,0,8,73.3,0,26.7],[2,5755,30,21,1,8,70,3.3,26.7],[3,420,30,20,0,10,66.7,0,33.3],[4,429,30,20,0,10,66.7,0,33.3],[5,605,30,19,1,10,63.3,3.3,33.3],[6,2451,30,19,0,11,63.3,0,36.7],[7,411,30,18,0,12,60,0,40],[8,416,30,17,1,12,56.7,3.3,40],[9,2450,30,17,0,13,56.7,0,43.3],[10,25289,32,17,1,14,53.1,3.1,43.8],[11,2006,30,16,2,12,53.3,6.7,40],[12,407,30,15,3,12,50,10,40],[13,395,30,14,2,14,46.7,6.7,46.7],[14,300,30,14,1,15,46.7,3.3,50],[15,296,30,13,2,15,43.3,6.7,50],[16,2465,32,13,0,19,40.6,0,59.4],[17,44193,2,1,0,1,50,0,50],[18,4388,2,0,0,2,0,0,100]];
var HomeBs = [[1,5755,15,11,0,4,73.3,0,26.7],[2,420,15,11,0,4,73.3,0,26.7],[3,10112,15,11,0,4,73.3,0,26.7],[4,429,15,11,0,4,73.3,0,26.7],[5,411,15,10,0,5,66.7,0,33.3],[6,395,15,9,1,5,60,6.7,33.3],[7,2450,15,9,0,6,60,0,40],[8,25289,16,9,1,6,56.2,6.2,37.5],[9,2451,15,9,0,6,60,0,40],[10,605,15,8,1,6,53.3,6.7,40],[11,416,15,8,0,7,53.3,0,46.7],[12,407,15,7,3,5,46.7,20,33.3],[13,2006,15,7,0,8,46.7,0,53.3],[14,2465,16,7,0,9,43.8,0,56.2],[15,296,15,6,1,8,40,6.7,53.3],[16,300,15,4,0,11,26.7,0,73.3],[17,44193,1,1,0,0,100,0,0],[18,4388,1,0,0,1,0,0,100]];
var GuestBs = [[1,605,15,11,0,4,73.3,0,26.7],[2,10112,15,11,0,4,73.3,0,26.7],[3,5755,15,10,1,4,66.7,6.7,26.7],[4,300,15,10,1,4,66.7,6.7,26.7],[5,2451,15,10,0,5,66.7,0,33.3],[6,2006,15,9,2,4,60,13.3,26.7],[7,416,15,9,1,5,60,6.7,33.3],[8,429,15,9,0,6,60,0,40],[9,420,15,9,0,6,60,0,40],[10,407,15,8,0,7,53.3,0,46.7],[11,2450,15,8,0,7,53.3,0,46.7],[12,411,15,8,0,7,53.3,0,46.7],[13,25289,16,8,0,8,50,0,50],[14,296,15,7,1,7,46.7,6.7,46.7],[15,2465,16,6,0,10,37.5,0,62.5],[16,395,15,5,1,9,33.3,6.7,60],[17,4388,1,0,0,1,0,0,100],[18,44193,1,0,0,1,0,0,100]];
var TotalBsHalf = [[1,5755,30,18,6,6,60,20,20],[2,416,30,15,6,9,50,20,30],[3,411,30,14,6,10,46.7,20,33.3],[4,10112,30,14,5,11,46.7,16.7,36.7],[5,420,30,13,7,10,43.3,23.3,33.3],[6,2006,30,13,4,13,43.3,13.3,43.3],[7,605,30,12,12,6,40,40,20],[8,407,30,12,9,9,40,30,30],[9,296,30,12,8,10,40,26.7,33.3],[10,2451,30,12,5,13,40,16.7,43.3],[11,2465,32,11,11,10,34.4,34.4,31.2],[12,300,30,11,9,10,36.7,30,33.3],[13,429,30,11,9,10,36.7,30,33.3],[14,25289,32,10,9,13,31.2,28.1,40.6],[15,395,30,10,1,19,33.3,3.3,63.3],[16,2450,30,8,10,12,26.7,33.3,40],[17,44193,2,2,0,0,100,0,0],[18,4388,2,0,1,1,0,50,50]];
var HomeBsHalf = [[1,5755,15,10,3,2,66.7,20,13.3],[2,420,15,9,1,5,60,6.7,33.3],[3,10112,15,8,2,5,53.3,13.3,33.3],[4,25289,16,7,7,2,43.8,43.8,12.5],[5,407,15,7,4,4,46.7,26.7,26.7],[6,296,15,7,3,5,46.7,20,33.3],[7,2451,15,7,2,6,46.7,13.3,40],[8,411,15,7,1,7,46.7,6.7,46.7],[9,2465,16,6,7,3,37.5,43.8,18.8],[10,605,15,5,6,4,33.3,40,26.7],[11,416,15,5,5,5,33.3,33.3,33.3],[12,429,15,5,5,5,33.3,33.3,33.3],[13,2006,15,5,1,9,33.3,6.7,60],[14,395,15,5,0,10,33.3,0,66.7],[15,300,15,4,5,6,26.7,33.3,40],[16,44193,1,1,0,0,100,0,0],[17,2450,15,1,7,7,6.7,46.7,46.7],[18,4388,1,0,0,1,0,0,100]];
var GuestBsHalf = [[1,416,15,10,1,4,66.7,6.7,26.7],[2,5755,15,8,3,4,53.3,20,26.7],[3,2006,15,8,3,4,53.3,20,26.7],[4,605,15,7,6,2,46.7,40,13.3],[5,411,15,7,5,3,46.7,33.3,20],[6,300,15,7,4,4,46.7,26.7,26.7],[7,2450,15,7,3,5,46.7,20,33.3],[8,429,15,6,4,5,40,26.7,33.3],[9,10112,15,6,3,6,40,20,40],[10,407,15,5,5,5,33.3,33.3,33.3],[11,296,15,5,5,5,33.3,33.3,33.3],[12,2451,15,5,3,7,33.3,20,46.7],[13,2465,16,5,4,7,31.2,25,43.8],[14,395,15,5,1,9,33.3,6.7,60],[15,420,15,4,6,5,26.7,40,33.3],[16,25289,16,3,2,11,18.8,12.5,68.8],[17,44193,1,1,0,0,100,0,0],[18,4388,1,0,1,0,0,100,0]];
var addUp = [276,56.6,14,2.9,198,40.6,[73.3,10112],[100,4388],[100,44193],[100,4388],[73.3,605,10112],[100,4388,44193]];
var addUpHalf = [198,40.6,118,24.2,172,35.2,[100,44193],[63.3,395],[100,44193],[100,4388],[100,44193],[68.8,25289]];
var lastUpdateTime = '2025-06-24 14:21:23';
