var arrLeague = [22,'挪威超级联赛','挪威超級聯賽','Norwegian Tippeligaen','2013','#666666','league_match/images/20200420075346.jpg','挪超','挪超','NOR D1'];
var arrTeam = [[479,'奥德格伦兰','奧特格寧蘭','Odd Grenland','','images/479/1hw70bzw2q11.png',0],[485,'瓦勒伦加','華拿倫加','Valerenga','','images/485/1gxmbkap742v.png',0],[495,'维京','維京','Viking','','images/495/1gv9q9y3qv1r.png',0],[498,'布兰','白蘭恩','Brann','','images/498/1gxmbm1ncsv.png',0],[505,'莫尔德','莫迪','Molde','','images/505/1gxmbm1nc618.png',0],[507,'罗森博格','洛辛堡','Rosenborg','','images/507/1gxmbm1ncb32.png',0],[509,'利勒斯特罗姆','利尼史特朗','Lillestrom','','images/509/1gxmbm1nc124.png',0],[512,'松达尔','桑恩達','Sogndal','','images/512/1grmmxhterh.png',0],[514,'特罗姆瑟','特羅素','Tromso IL','','images/514/1gxmbm1ncd32.png',0],[1275,'侯尼霍斯','漢福斯','Honefoss BK','','images/1275/1gxmc0w99ez.png',0],[1280,'奥勒松','阿利辛特','Aalesund FK','','images/1280/1gxmbm1ncng.png',0],[1284,'斯达','史達','Start Kristiansand','','images/1284/1gxmbp25v21r.png',0],[1285,'斯托姆加斯特','史卓加斯特','Stromsgodset','','images/1285/1gxmbm1ncn10.png',0],[2255,'萨普斯堡','薩普斯堡','Sarpsborg 08','','images/2255/1gxmbm1ncd2y.png',0],[2774,'桑德尼斯','辛尼斯','Sandnes Ulf','','images/2774/1gxmbp25vm10.png',0],[2822,'海于格松','侯格辛特','Haugesund','','images/2822/1gxmbm1nc6q.png',0]];
var TotalPanLu = [[1,2822,30,14,1,15,19,0,11,8,63.3,0,36.7],[2,1280,30,13,5,12,16,3,11,5,53.3,10,36.7],[3,1285,30,26,1,3,16,1,13,3,53.3,3.3,43.3],[4,495,30,14,5,11,16,1,13,3,53.3,3.3,43.3],[5,507,30,25,3,2,15,4,11,4,50,13.3,36.7],[6,479,30,10,3,17,15,1,14,1,50,3.3,46.7],[7,498,30,12,3,15,15,0,15,0,50,0,50],[8,509,30,12,0,18,15,0,15,0,50,0,50],[9,485,30,11,5,14,14,1,15,-1,46.7,3.3,50],[10,1284,30,12,2,16,14,1,15,-1,46.7,3.3,50],[11,1275,30,7,4,19,14,1,15,-1,46.7,3.3,50],[12,505,30,19,5,6,13,4,13,0,43.3,13.3,43.3],[13,2255,30,7,3,20,13,1,16,-3,43.3,3.3,53.3],[14,512,30,9,3,18,12,1,17,-5,40,3.3,56.7],[15,2774,30,11,1,18,12,0,18,-6,40,0,60],[16,514,30,15,2,13,10,3,17,-7,33.3,10,56.7]];
var HomePanLu = [[1,498,15,12,1,2,11,0,4,7,73.3,0,26.7],[2,1285,15,15,0,0,10,1,4,6,66.7,6.7,26.7],[3,2822,15,13,0,2,10,0,5,5,66.7,0,33.3],[4,495,15,13,2,0,9,1,5,4,60,6.7,33.3],[5,479,15,10,3,2,8,1,6,2,53.3,6.7,40],[6,514,15,13,0,2,8,0,7,1,53.3,0,46.7],[7,2255,15,7,3,5,7,1,7,0,46.7,6.7,46.7],[8,505,15,14,1,0,7,1,7,0,46.7,6.7,46.7],[9,1280,15,13,1,1,7,1,7,0,46.7,6.7,46.7],[10,509,15,12,0,3,7,0,8,-1,46.7,0,53.3],[11,507,15,15,0,0,6,1,8,-2,40,6.7,53.3],[12,485,15,11,3,1,6,1,8,-2,40,6.7,53.3],[13,2774,15,11,1,3,6,0,9,-3,40,0,60],[14,1284,15,12,1,2,5,1,9,-4,33.3,6.7,60],[15,1275,15,7,4,4,5,1,9,-4,33.3,6.7,60],[16,512,15,9,3,3,4,1,10,-6,26.7,6.7,66.7]];
var GuestPanLu = [[1,507,15,10,3,2,9,3,3,6,60,20,20],[2,1280,15,0,4,11,9,2,4,5,60,13.3,26.7],[3,2822,15,1,1,13,9,0,6,3,60,0,40],[4,1284,15,0,1,14,9,0,6,3,60,0,40],[5,1275,15,0,0,15,9,0,6,3,60,0,40],[6,512,15,0,0,15,8,0,7,1,53.3,0,46.7],[7,485,15,0,2,13,8,0,7,1,53.3,0,46.7],[8,509,15,0,0,15,8,0,7,1,53.3,0,46.7],[9,495,15,1,3,11,7,0,8,-1,46.7,0,53.3],[10,479,15,0,0,15,7,0,8,-1,46.7,0,53.3],[11,505,15,5,4,6,6,3,6,0,40,20,40],[12,2255,15,0,0,15,6,0,9,-3,40,0,60],[13,1285,15,11,1,3,6,0,9,-3,40,0,60],[14,2774,15,0,0,15,6,0,9,-3,40,0,60],[15,498,15,0,2,13,4,0,11,-7,26.7,0,73.3],[16,514,15,2,2,11,2,3,10,-8,13.3,20,66.7]];
var TotalHalfPanLu = [[1,2822,30,0,0,0,18,3,9,9,60,10,30],[2,498,30,0,0,0,17,3,10,7,56.7,10,33.3],[3,2255,30,0,0,0,15,5,10,5,50,16.7,33.3],[4,1280,30,0,0,0,15,2,13,2,50,6.7,43.3],[5,507,30,0,0,0,15,2,13,2,50,6.7,43.3],[6,1285,30,0,0,0,14,5,11,3,46.7,16.7,36.7],[7,1284,30,0,0,0,14,3,13,1,46.7,10,43.3],[8,512,30,0,0,0,14,3,13,1,46.7,10,43.3],[9,485,30,0,0,0,14,3,13,1,46.7,10,43.3],[10,509,30,0,0,0,14,2,14,0,46.7,6.7,46.7],[11,495,30,0,0,0,11,6,13,-2,36.7,20,43.3],[12,514,30,0,0,0,10,4,16,-6,33.3,13.3,53.3],[13,1275,30,0,0,0,9,8,13,-4,30,26.7,43.3],[14,2774,30,0,0,0,9,7,14,-5,30,23.3,46.7],[15,505,30,0,0,0,9,6,15,-6,30,20,50],[16,479,30,0,0,0,8,6,16,-8,26.7,20,53.3]];
var HomeHalfPanLu = [[1,2822,15,0,0,0,10,0,5,5,66.7,0,33.3],[2,498,15,0,0,0,9,2,4,5,60,13.3,26.7],[3,1285,15,0,0,0,9,0,6,3,60,0,40],[4,507,15,0,0,0,9,0,6,3,60,0,40],[5,1280,15,0,0,0,7,1,7,0,46.7,6.7,46.7],[6,2255,15,0,0,0,6,4,5,1,40,26.7,33.3],[7,485,15,0,0,0,6,1,8,-2,40,6.7,53.3],[8,514,15,0,0,0,6,1,8,-2,40,6.7,53.3],[9,1284,15,0,0,0,6,1,8,-2,40,6.7,53.3],[10,505,15,0,0,0,6,0,9,-3,40,0,60],[11,495,15,0,0,0,5,4,6,-1,33.3,26.7,40],[12,479,15,0,0,0,5,3,7,-2,33.3,20,46.7],[13,512,15,0,0,0,5,3,7,-2,33.3,20,46.7],[14,509,15,0,0,0,5,1,9,-4,33.3,6.7,60],[15,2774,15,0,0,0,4,6,5,-1,26.7,40,33.3],[16,1275,15,0,0,0,2,7,6,-4,13.3,46.7,40]];
var GuestHalfPanLu = [[1,509,15,0,0,0,9,1,5,4,60,6.7,33.3],[2,2255,15,0,0,0,9,1,5,4,60,6.7,33.3],[3,512,15,0,0,0,9,0,6,3,60,0,40],[4,2822,15,0,0,0,8,3,4,4,53.3,20,26.7],[5,485,15,0,0,0,8,2,5,3,53.3,13.3,33.3],[6,1284,15,0,0,0,8,2,5,3,53.3,13.3,33.3],[7,1280,15,0,0,0,8,1,6,2,53.3,6.7,40],[8,498,15,0,0,0,8,1,6,2,53.3,6.7,40],[9,1275,15,0,0,0,7,1,7,0,46.7,6.7,46.7],[10,507,15,0,0,0,6,2,7,-1,40,13.3,46.7],[11,495,15,0,0,0,6,2,7,-1,40,13.3,46.7],[12,1285,15,0,0,0,5,5,5,0,33.3,33.3,33.3],[13,2774,15,0,0,0,5,1,9,-4,33.3,6.7,60],[14,514,15,0,0,0,4,3,8,-4,26.7,20,53.3],[15,505,15,0,0,0,3,6,6,-3,20,40,40],[16,479,15,0,0,0,3,3,9,-6,20,20,60]];
var addUp = [116,48.3,11,4.6,113,47.1,[63.3,2822],[60,2774],[73.3,498],[66.7,512],[60,507,1280,2822,1284,1275],[73.3,498],[13.3,507,505],[0,2822,498,509,2774]];
var addUpHalf = [100,41.7,34,14.2,106,44.2,[60,2822],[53.3,514,479],[66.7,2822],[60,505,509],[60,509,2255,512],[60,2774,479],[26.7,1275],[6.7,1280,507,509]];
var lastUpdateTime = '2025-01-20 11:38:46';
