var arrLeague = [22,'挪威超级联赛','挪威超級聯賽','Norwegian Tippeligaen','2013','#666666','league_match/images/20200420075346.jpg','挪超','挪超','NOR D1'];
var arrTeam = [[479,'奥德格伦兰','奧特格寧蘭','Odd Grenland','','images/479/1hw70bzw2q11.png',0],[485,'瓦勒伦加','華拿倫加','Valerenga','','images/485/1gxmbkap742v.png',0],[495,'维京','維京','Viking','','images/495/1gv9q9y3qv1r.png',0],[498,'布兰','白蘭恩','Brann','','images/498/1gxmbm1ncsv.png',0],[505,'莫尔德','莫迪','Molde','','images/505/1gxmbm1nc618.png',0],[507,'罗森博格','洛辛堡','Rosenborg','','images/507/1gxmbm1ncb32.png',0],[509,'利勒斯特罗姆','利尼史特朗','Lillestrom','','images/509/1gxmbm1nc124.png',0],[512,'松达尔','桑恩達','Sogndal','','images/512/1grmmxhterh.png',0],[514,'特罗姆瑟','特羅素','Tromso IL','','images/514/1gxmbm1ncd32.png',0],[1275,'侯尼霍斯','漢福斯','Honefoss BK','','images/1275/1gxmc0w99ez.png',0],[1280,'奥勒松','阿利辛特','Aalesund FK','','images/1280/1gxmbm1ncng.png',0],[1284,'斯达','史達','Start Kristiansand','','images/1284/1gxmbp25v21r.png',0],[1285,'斯托姆加斯特','史卓加斯特','Stromsgodset','','images/1285/1gxmbm1ncn10.png',0],[2255,'萨普斯堡','薩普斯堡','Sarpsborg 08','','images/2255/1gxmbm1ncd2y.png',0],[2774,'桑德尼斯','辛尼斯','Sandnes Ulf','','images/2774/1gxmbp25vm10.png',0],[2822,'海于格松','侯格辛特','Haugesund','','images/2822/1gxmbm1nc6q.png',0]];
var TotalBs = [[1,2255,30,18,1,11,60,3.3,36.7],[2,485,30,18,0,12,60,0,40],[3,1280,30,17,3,10,56.7,10,33.3],[4,514,30,17,2,11,56.7,6.7,36.7],[5,2774,30,17,0,13,56.7,0,43.3],[6,2822,30,16,1,13,53.3,3.3,43.3],[7,512,30,16,1,13,53.3,3.3,43.3],[8,495,30,16,0,14,53.3,0,46.7],[9,507,30,15,1,14,50,3.3,46.7],[10,1285,30,15,1,14,50,3.3,46.7],[11,1284,30,14,1,15,46.7,3.3,50],[12,479,30,14,0,16,46.7,0,53.3],[13,498,30,14,0,16,46.7,0,53.3],[14,505,30,13,2,15,43.3,6.7,50],[15,509,30,13,1,16,43.3,3.3,53.3],[16,1275,30,13,0,17,43.3,0,56.7]];
var HomeBs = [[1,485,15,11,0,4,73.3,0,26.7],[2,512,15,9,0,6,60,0,40],[3,1280,15,9,0,6,60,0,40],[4,2255,15,8,1,6,53.3,6.7,40],[5,1285,15,8,1,6,53.3,6.7,40],[6,514,15,8,1,6,53.3,6.7,40],[7,479,15,8,0,7,53.3,0,46.7],[8,509,15,8,0,7,53.3,0,46.7],[9,2774,15,8,0,7,53.3,0,46.7],[10,2822,15,8,0,7,53.3,0,46.7],[11,495,15,8,0,7,53.3,0,46.7],[12,505,15,7,2,6,46.7,13.3,40],[13,1284,15,7,1,7,46.7,6.7,46.7],[14,1275,15,6,0,9,40,0,60],[15,507,15,5,1,9,33.3,6.7,60],[16,498,15,5,0,10,33.3,0,66.7]];
var GuestBs = [[1,2255,15,10,0,5,66.7,0,33.3],[2,507,15,10,0,5,66.7,0,33.3],[3,514,15,9,1,5,60,6.7,33.3],[4,2774,15,9,0,6,60,0,40],[5,498,15,9,0,6,60,0,40],[6,1280,15,8,3,4,53.3,20,26.7],[7,2822,15,8,1,6,53.3,6.7,40],[8,495,15,8,0,7,53.3,0,46.7],[9,512,15,7,1,7,46.7,6.7,46.7],[10,1284,15,7,0,8,46.7,0,53.3],[11,1275,15,7,0,8,46.7,0,53.3],[12,485,15,7,0,8,46.7,0,53.3],[13,1285,15,7,0,8,46.7,0,53.3],[14,505,15,6,0,9,40,0,60],[15,479,15,6,0,9,40,0,60],[16,509,15,5,1,9,33.3,6.7,60]];
var TotalBsHalf = [[1,514,29,13,4,12,44.8,13.8,41.4],[2,1284,29,13,1,15,44.8,3.4,51.7],[3,1285,30,13,1,16,43.3,3.3,53.3],[4,2774,29,12,7,10,41.4,24.1,34.5],[5,1280,29,12,5,12,41.4,17.2,41.4],[6,479,30,12,6,12,40,20,40],[7,485,30,12,6,12,40,20,40],[8,505,30,12,4,14,40,13.3,46.7],[9,498,30,12,3,15,40,10,50],[10,2255,29,10,6,13,34.5,20.7,44.8],[11,512,30,10,6,14,33.3,20,46.7],[12,509,30,9,8,13,30,26.7,43.3],[13,2822,29,9,4,16,31,13.8,55.2],[14,495,30,8,12,10,26.7,40,33.3],[15,1275,29,8,5,16,27.6,17.2,55.2],[16,507,29,8,2,19,27.6,6.9,65.5]];
var HomeBsHalf = [[1,479,15,8,2,5,53.3,13.3,33.3],[2,1285,15,8,0,7,53.3,0,46.7],[3,1284,15,8,0,7,53.3,0,46.7],[4,2774,15,7,4,4,46.7,26.7,26.7],[5,485,15,6,5,4,40,33.3,26.7],[6,512,15,6,4,5,40,26.7,33.3],[7,514,15,6,2,7,40,13.3,46.7],[8,2822,15,6,2,7,40,13.3,46.7],[9,1280,15,5,2,8,33.3,13.3,53.3],[10,505,15,5,1,9,33.3,6.7,60],[11,509,15,4,6,5,26.7,40,33.3],[12,495,15,4,4,7,26.7,26.7,46.7],[13,2255,15,4,4,7,26.7,26.7,46.7],[14,498,15,4,2,9,26.7,13.3,60],[15,1275,15,4,1,10,26.7,6.7,66.7],[16,507,15,3,1,11,20,6.7,73.3]];
var GuestBsHalf = [[1,498,15,8,1,6,53.3,6.7,40],[2,1280,14,7,3,4,50,21.4,28.6],[3,514,14,7,2,5,50,14.3,35.7],[4,505,15,7,3,5,46.7,20,33.3],[5,2255,14,6,2,6,42.9,14.3,42.9],[6,485,15,6,1,8,40,6.7,53.3],[7,2774,14,5,3,6,35.7,21.4,42.9],[8,507,14,5,1,8,35.7,7.1,57.1],[9,1284,14,5,1,8,35.7,7.1,57.1],[10,509,15,5,2,8,33.3,13.3,53.3],[11,1285,15,5,1,9,33.3,6.7,60],[12,495,15,4,8,3,26.7,53.3,20],[13,1275,14,4,4,6,28.6,28.6,42.9],[14,479,15,4,4,7,26.7,26.7,46.7],[15,512,15,4,2,9,26.7,13.3,60],[16,2822,14,3,2,9,21.4,14.3,64.3]];
var addUp = [246,51.2,14,2.9,220,45.8,[60,2255,485],[56.7,1275],[73.3,485],[66.7,498],[66.7,2255,507],[60,505,479,509]];
var addUpHalf = [173,36.7,80,16.9,219,46.4,[44.8,514,1284],[65.5,507],[53.3,479,1285,1284],[73.3,507],[53.3,498],[64.3,2822]];
var lastUpdateTime = '2025-01-20 11:38:53';
