var arrLeague = [273,'澳大利亚足球超级联赛','澳大利亞足球超級聯賽','Australia A-League','2024-2025','#FF7000','league_match/images/167305577951.png','澳超','澳超','AUS D1'];
var arrTeam = [[2900,'阿德莱德联','阿德萊德聯','Adelaide United','','images/2900/1hd5avvjts1y.png',0],[2901,'墨尔本胜利','墨爾本勝利','Melbourne Victory','','images/2901/1jaekt97145.png',0],[2909,'悉尼FC','悉尼FC','Sydney FC','','images/2909/1gq92j83knp.png',0],[2910,'中央海岸水手','中岸水手','Central Coast Mariners','','images/2910/1hd5avvjt32h.png',0],[2913,'珀斯光荣','珀斯光輝','Perth Glory','','images/2913/1h5bja71yq6.png',0],[2914,'布里斯班狮吼','布里斯本獅吼','Brisbane Roar','','images/2914/1j63q4e1gy18.png',0],[2915,'纽卡斯尔喷气机','紐卡素噴射機','Newcastle Jets','','images/2915/1hdajpw3vks.png',0],[5953,'惠灵顿凤凰','威靈頓鳳凰','Wellington Phoenix','','images/5953/1h6z210pqs2n.png',0],[14549,'墨尔本城','墨爾本城','Melbourne City','','images/14549/1gq92j83kv7.png',0],[20394,'西悉尼流浪者','西悉尼流浪者','Western Sydney','','images/1jpya3pr7725.png',0],[24502,'西部联','西部聯','Western United FC','','images/24502/1j3h5y5j79d.png',0],[51511,'麦克阿瑟FC','麥克阿瑟FC','FC Macarthur','','images/51511/1gq6jzjepr13.png',0],[70866,'奥克兰FC','奧克蘭FC','Auckland FC','','images/70866/1jaekvhmhj27.png',0]];
var TotalPanLu = [[1,70866,28,15,6,7,18,1,9,9,64.3,3.6,32.1],[2,24502,29,11,6,12,18,2,9,9,62.1,6.9,31],[3,20394,27,14,6,7,15,3,9,6,55.6,11.1,33.3],[4,2915,26,4,1,21,13,1,12,1,50,3.8,46.2],[5,14549,29,21,3,5,14,2,13,1,48.3,6.9,44.8],[6,2914,26,5,4,17,12,1,13,-1,46.2,3.8,50],[7,2910,26,7,3,16,12,1,13,-1,46.2,3.8,50],[8,2901,30,21,6,3,13,2,15,-2,43.3,6.7,50],[9,2913,26,1,2,23,11,1,14,-3,42.3,3.8,53.8],[10,2900,27,16,5,6,11,2,14,-3,40.7,7.4,51.9],[11,5953,26,6,2,18,10,2,14,-4,38.5,7.7,53.8],[12,2909,26,20,3,3,9,2,15,-6,34.6,7.7,57.7],[13,51511,26,9,5,12,9,2,15,-6,34.6,7.7,57.7]];
var HomePanLu = [[1,24502,15,7,5,3,8,2,5,3,53.3,13.3,33.3],[2,70866,14,11,2,1,7,1,6,1,50,7.1,42.9],[3,20394,14,9,4,1,6,1,7,-1,42.9,7.1,50],[4,2909,13,12,1,0,5,1,7,-2,38.5,7.7,53.8],[5,2915,13,4,1,8,5,0,8,-3,38.5,0,61.5],[6,2901,14,14,0,0,5,1,8,-3,35.7,7.1,57.1],[7,14549,15,14,1,0,5,1,9,-4,33.3,6.7,60],[8,5953,13,5,2,6,4,1,8,-4,30.8,7.7,61.5],[9,2913,13,1,2,10,4,1,8,-4,30.8,7.7,61.5],[10,2914,13,4,2,7,4,0,9,-5,30.8,0,69.2],[11,2910,13,5,1,7,4,0,9,-5,30.8,0,69.2],[12,2900,13,11,2,0,3,2,8,-5,23.1,15.4,61.5],[13,51511,13,7,3,3,2,0,11,-9,15.4,0,84.6]];
var GuestPanLu = [[1,70866,14,4,4,6,11,0,3,8,78.6,0,21.4],[2,24502,14,4,1,9,10,0,4,6,71.4,0,28.6],[3,20394,13,5,2,6,9,2,2,7,69.2,15.4,15.4],[4,14549,14,7,2,5,9,1,4,5,64.3,7.1,28.6],[5,2914,13,1,2,10,8,1,4,4,61.5,7.7,30.8],[6,2915,13,0,0,13,8,1,4,4,61.5,7.7,30.8],[7,2910,13,2,2,9,8,1,4,4,61.5,7.7,30.8],[8,2900,14,5,3,6,8,0,6,2,57.1,0,42.9],[9,51511,13,2,2,9,7,2,4,3,53.8,15.4,30.8],[10,2913,13,0,0,13,7,0,6,1,53.8,0,46.2],[11,2901,16,7,6,3,8,1,7,1,50,6.2,43.8],[12,5953,13,1,0,12,6,1,6,0,46.2,7.7,46.2],[13,2909,13,8,2,3,4,1,8,-4,30.8,7.7,61.5]];
var TotalHalfPanLu = [[1,14549,29,14,12,3,17,2,10,7,58.6,6.9,34.5],[2,2915,26,4,7,15,13,3,10,3,50,11.5,38.5],[3,2913,26,0,7,19,13,2,11,2,50,7.7,42.3],[4,24502,29,10,10,9,14,2,13,1,48.3,6.9,44.8],[5,20394,27,9,12,6,13,2,12,1,48.1,7.4,44.4],[6,5953,26,2,7,17,12,5,9,3,46.2,19.2,34.6],[7,2900,27,14,9,4,12,1,14,-2,44.4,3.7,51.9],[8,70866,28,13,12,3,12,6,10,2,42.9,21.4,35.7],[9,2901,30,17,11,2,13,4,13,0,43.3,13.3,43.3],[10,51511,26,5,13,8,11,7,8,3,42.3,26.9,30.8],[11,2914,26,2,11,13,8,6,12,-4,30.8,23.1,46.2],[12,2910,26,6,10,10,8,4,14,-6,30.8,15.4,53.8],[13,2909,26,14,11,1,6,4,16,-10,23.1,15.4,61.5]];
var HomeHalfPanLu = [[1,24502,15,7,6,2,10,1,4,6,66.7,6.7,26.7],[2,14549,15,12,3,0,9,0,6,3,60,0,40],[3,70866,14,10,4,0,7,2,5,2,50,14.3,35.7],[4,51511,13,4,6,3,6,2,5,1,46.2,15.4,38.5],[5,2915,13,4,4,5,6,2,5,1,46.2,15.4,38.5],[6,2913,13,0,5,8,6,2,5,1,46.2,15.4,38.5],[7,2900,13,10,3,0,6,0,7,-1,46.2,0,53.8],[8,2901,14,11,3,0,6,2,6,0,42.9,14.3,42.9],[9,5953,13,2,6,5,5,5,3,2,38.5,38.5,23.1],[10,20394,14,5,9,0,5,2,7,-2,35.7,14.3,50],[11,2910,13,5,7,1,4,2,7,-3,30.8,15.4,53.8],[12,2909,13,10,3,0,4,1,8,-4,30.8,7.7,61.5],[13,2914,13,2,7,4,3,3,7,-4,23.1,23.1,53.8]];
var GuestHalfPanLu = [[1,20394,13,4,3,6,8,0,5,3,61.5,0,38.5],[2,14549,14,2,9,3,8,2,4,4,57.1,14.3,28.6],[3,2915,13,0,3,10,7,1,5,2,53.8,7.7,38.5],[4,5953,13,0,1,12,7,0,6,1,53.8,0,46.2],[5,2913,13,0,2,11,7,0,6,1,53.8,0,46.2],[6,2901,16,6,8,2,7,2,7,0,43.8,12.5,43.8],[7,2900,14,4,6,4,6,1,7,-1,42.9,7.1,50],[8,51511,13,1,7,5,5,5,3,2,38.5,38.5,23.1],[9,2914,13,0,4,9,5,3,5,0,38.5,23.1,38.5],[10,70866,14,3,8,3,5,4,5,0,35.7,28.6,35.7],[11,2910,13,1,3,9,4,2,7,-3,30.8,15.4,53.8],[12,24502,14,3,4,7,4,1,9,-5,28.6,7.1,64.3],[13,2909,13,4,8,1,2,3,8,-6,15.4,23.1,61.5]];
var addUp = [62,35.2,11,6.2,103,58.5,[64.3,70866],[57.7,2909,51511],[53.3,24502],[84.6,51511],[78.6,70866],[61.5,2909],[11.1,20394],[3.6,70866]];
var addUpHalf = [77,43.8,24,13.6,75,42.6,[58.6,14549],[61.5,2909],[66.7,24502],[61.5,2909],[61.5,20394],[64.3,24502],[26.9,51511],[3.7,2900]];
var lastUpdateTime = '2025-06-01 23:00:05';
