var arrLeague = [273,'澳大利亚足球超级联赛','澳大利亞足球超級聯賽','Australia A-League','2024-2025','#FF7000','league_match/images/167305577951.png','澳超','澳超','AUS D1'];
var arrTeam = [[2900,'阿德莱德联','阿德萊德聯','Adelaide United','','images/2900/1hd5avvjts1y.png',0],[2901,'墨尔本胜利','墨爾本勝利','Melbourne Victory','','images/2901/1jaekt97145.png',0],[2909,'悉尼FC','悉尼FC','Sydney FC','','images/2909/1gq92j83knp.png',0],[2910,'中央海岸水手','中岸水手','Central Coast Mariners','','images/2910/1hd5avvjt32h.png',0],[2913,'珀斯光荣','珀斯光輝','Perth Glory','','images/2913/1h5bja71yq6.png',0],[2914,'布里斯班狮吼','布里斯本獅吼','Brisbane Roar','','images/2914/1j63q4e1gy18.png',0],[2915,'纽卡斯尔喷气机','紐卡素噴射機','Newcastle Jets','','images/2915/1hdajpw3vks.png',0],[5953,'惠灵顿凤凰','威靈頓鳳凰','Wellington Phoenix','','images/5953/1h6z210pqs2n.png',0],[14549,'墨尔本城','墨爾本城','Melbourne City','','images/14549/1gq92j83kv7.png',0],[20394,'西悉尼流浪者','西悉尼流浪者','Western Sydney','','images/1jpya3pr7725.png',0],[24502,'西部联','西部聯','Western United FC','','images/24502/1j3h5y5j79d.png',0],[51511,'麦克阿瑟FC','麥克阿瑟FC','FC Macarthur','','images/51511/1gq6jzjepr13.png',0],[70866,'奥克兰FC','奧克蘭FC','Auckland FC','','images/70866/1jaekvhmhj27.png',0]];
var TotalBs = [[1,20394,27,16,2,9,59.3,7.4,33.3],[2,2900,27,16,1,10,59.3,3.7,37],[3,2910,26,15,3,8,57.7,11.5,30.8],[4,2909,26,15,2,9,57.7,7.7,34.6],[5,24502,29,15,1,13,51.7,3.4,44.8],[6,2915,26,14,2,10,53.8,7.7,38.5],[7,51511,26,13,1,12,50,3.8,46.2],[8,5953,26,12,1,13,46.2,3.8,50],[9,2913,26,12,0,14,46.2,0,53.8],[10,70866,28,12,0,16,42.9,0,57.1],[11,2914,26,11,1,14,42.3,3.8,53.8],[12,14549,29,10,1,18,34.5,3.4,62.1],[13,2901,30,9,5,16,30,16.7,53.3]];
var HomeBs = [[1,2909,13,9,1,3,69.2,7.7,23.1],[2,2910,13,9,1,3,69.2,7.7,23.1],[3,20394,14,9,2,3,64.3,14.3,21.4],[4,2900,13,8,0,5,61.5,0,38.5],[5,2915,13,7,2,4,53.8,15.4,30.8],[6,24502,15,7,1,7,46.7,6.7,46.7],[7,70866,14,7,0,7,50,0,50],[8,51511,13,6,0,7,46.2,0,53.8],[9,2913,13,6,0,7,46.2,0,53.8],[10,2914,13,5,0,8,38.5,0,61.5],[11,5953,13,4,1,8,30.8,7.7,61.5],[12,2901,14,4,2,8,28.6,14.3,57.1],[13,14549,15,4,0,11,26.7,0,73.3]];
var GuestBs = [[1,2900,14,8,1,5,57.1,7.1,35.7],[2,5953,13,8,0,5,61.5,0,38.5],[3,24502,14,8,0,6,57.1,0,42.9],[4,51511,13,7,1,5,53.8,7.7,38.5],[5,2915,13,7,0,6,53.8,0,46.2],[6,20394,13,7,0,6,53.8,0,46.2],[7,2910,13,6,2,5,46.2,15.4,38.5],[8,2909,13,6,1,6,46.2,7.7,46.2],[9,2914,13,6,1,6,46.2,7.7,46.2],[10,14549,14,6,1,7,42.9,7.1,50],[11,2913,13,6,0,7,46.2,0,53.8],[12,2901,16,5,3,8,31.2,18.8,50],[13,70866,14,5,0,9,35.7,0,64.3]];
var TotalBsHalf = [[1,20394,27,16,0,11,59.3,0,40.7],[2,24502,29,15,0,14,51.7,0,48.3],[3,51511,26,14,0,12,53.8,0,46.2],[4,2915,26,13,2,11,50,7.7,42.3],[5,2900,27,13,0,14,48.1,0,51.9],[6,2901,30,13,1,16,43.3,3.3,53.3],[7,2909,26,12,0,14,46.2,0,53.8],[8,2910,26,10,3,13,38.5,11.5,50],[9,70866,28,10,4,14,35.7,14.3,50],[10,5953,26,10,2,14,38.5,7.7,53.8],[11,2914,26,10,2,14,38.5,7.7,53.8],[12,2913,26,10,1,15,38.5,3.8,57.7],[13,14549,29,8,3,18,27.6,10.3,62.1]];
var HomeBsHalf = [[1,2909,13,10,0,3,76.9,0,23.1],[2,20394,14,9,0,5,64.3,0,35.7],[3,2900,13,7,0,6,53.8,0,46.2],[4,2915,13,7,0,6,53.8,0,46.2],[5,24502,15,7,0,8,46.7,0,53.3],[6,2910,13,6,1,6,46.2,7.7,46.2],[7,2913,13,6,1,6,46.2,7.7,46.2],[8,51511,13,6,0,7,46.2,0,53.8],[9,70866,14,5,2,7,35.7,14.3,50],[10,2901,14,5,0,9,35.7,0,64.3],[11,2914,13,4,1,8,30.8,7.7,61.5],[12,5953,13,3,1,9,23.1,7.7,69.2],[13,14549,15,2,3,10,13.3,20,66.7]];
var GuestBsHalf = [[1,51511,13,8,0,5,61.5,0,38.5],[2,24502,14,8,0,6,57.1,0,42.9],[3,2901,16,8,1,7,50,6.2,43.8],[4,5953,13,7,1,5,53.8,7.7,38.5],[5,20394,13,7,0,6,53.8,0,46.2],[6,2915,13,6,2,5,46.2,15.4,38.5],[7,2914,13,6,1,6,46.2,7.7,46.2],[8,2900,14,6,0,8,42.9,0,57.1],[9,14549,14,6,0,8,42.9,0,57.1],[10,70866,14,5,2,7,35.7,14.3,50],[11,2910,13,4,2,7,30.8,15.4,53.8],[12,2913,13,4,0,9,30.8,0,69.2],[13,2909,13,2,0,11,15.4,0,84.6]];
var addUp = [170,48.3,20,5.7,162,46,[59.3,20394,2900],[62.1,14549],[69.2,2909,2910],[73.3,14549],[61.5,5953],[64.3,70866]];
var addUpHalf = [154,43.8,18,5.1,180,51.1,[59.3,20394],[62.1,14549],[76.9,2909],[69.2,5953],[61.5,51511],[84.6,2909]];
var lastUpdateTime = '2025-06-01 23:00:07';
