var arrLeague = [11,'法国甲组联赛','法國甲組聯賽','France Ligue 1','2021-2022','#663333','league_match/images/1j5w0b66k318.png','法甲','法甲','FRA D1'];
var arrTeam = [[197,'摩纳哥','摩納哥','Monaco','','images/16487116696.png',0],[202,'朗斯','朗斯','Lens','','images/164871168519.png',0],[205,'里昂','里昂','Lyon','','images/164871170063.png',0],[208,'波尔多','波爾多','Bordeaux','','images/164871171447.png',0],[211,'马赛','馬賽','Marseille','','images/164871172839.png',0],[214,'梅斯','梅斯','Metz','','images/214/1h51a55zp72q.png',0],[251,'雷恩','雷恩','Rennes','','images/164871175839.png',0],[255,'圣埃蒂安','聖伊天','Saint Etienne','','images/16487117719.png',0],[259,'尼斯','奈斯','Nice','','images/164871179882.png',0],[260,'斯特拉斯堡','史特拉斯堡','Strasbourg','','images/164871181440.png',0],[263,'南特','南特','Nantes','','images/263/1h5bjb8w5p2j.png',0],[266,'里尔','利爾','Lille','','images/164871184077.png',0],[271,'巴黎圣日尔曼','巴黎聖日門','Paris Saint Germain (PSG)','','images/164871185439.png',0],[304,'昂热','昂熱','Angers','','images/304/1h71kxn41qn.png',0],[306,'布雷斯特','比斯特','Stade Brestois','','images/164871188569.png',0],[313,'克莱蒙','克萊蒙特','Clermont','','images/164871190892.png',0],[333,'洛里昂','羅連安特','Lorient','','images/164871192161.png',0],[351,'蒙彼利埃','蒙彼利埃','Montpellier','','images/164871193456.png',0],[366,'特鲁瓦','特魯瓦','Troyes','','images/164871194730.png',0],[4957,'兰斯','蘭斯','Reims','','images/164871196247.png',0]];
var TotalBs = [[1,208,38,24,0,14,63.2,0,36.8],[2,255,38,22,1,15,57.9,2.6,39.5],[3,202,38,21,1,16,55.3,2.6,42.1],[4,197,38,21,0,17,55.3,0,44.7],[5,251,38,20,0,18,52.6,0,47.4],[6,266,38,19,0,19,50,0,50],[7,259,38,19,0,19,50,0,50],[8,313,38,18,1,19,47.4,2.6,50],[9,306,38,18,0,20,47.4,0,52.6],[10,214,38,18,0,20,47.4,0,52.6],[11,351,38,18,0,20,47.4,0,52.6],[12,271,38,17,3,18,44.7,7.9,47.4],[13,205,38,16,4,18,42.1,10.5,47.4],[14,260,38,16,0,22,42.1,0,57.9],[15,263,38,16,0,22,42.1,0,57.9],[16,333,38,16,0,22,42.1,0,57.9],[17,211,38,15,2,21,39.5,5.3,55.3],[18,4957,38,15,2,21,39.5,5.3,55.3],[19,304,38,15,1,22,39.5,2.6,57.9],[20,366,38,14,1,23,36.8,2.6,60.5]];
var HomeBs = [[1,255,19,13,0,6,68.4,0,31.6],[2,197,19,11,0,8,57.9,0,42.1],[3,313,19,10,1,8,52.6,5.3,42.1],[4,259,19,10,0,9,52.6,0,47.4],[5,266,19,10,0,9,52.6,0,47.4],[6,202,19,10,0,9,52.6,0,47.4],[7,211,19,10,0,9,52.6,0,47.4],[8,4957,19,9,1,9,47.4,5.3,47.4],[9,208,19,9,0,10,47.4,0,52.6],[10,251,19,9,0,10,47.4,0,52.6],[11,351,19,9,0,10,47.4,0,52.6],[12,260,19,9,0,10,47.4,0,52.6],[13,306,19,9,0,10,47.4,0,52.6],[14,205,19,8,3,8,42.1,15.8,42.1],[15,271,19,8,1,10,42.1,5.3,52.6],[16,304,19,8,1,10,42.1,5.3,52.6],[17,263,19,8,0,11,42.1,0,57.9],[18,214,19,8,0,11,42.1,0,57.9],[19,333,19,6,0,13,31.6,0,68.4],[20,366,19,5,1,13,26.3,5.3,68.4]];
var GuestBs = [[1,208,19,15,0,4,78.9,0,21.1],[2,202,19,11,1,7,57.9,5.3,36.8],[3,251,19,11,0,8,57.9,0,42.1],[4,197,19,10,0,9,52.6,0,47.4],[5,333,19,10,0,9,52.6,0,47.4],[6,214,19,10,0,9,52.6,0,47.4],[7,271,19,9,2,8,47.4,10.5,42.1],[8,255,19,9,1,9,47.4,5.3,47.4],[9,306,19,9,0,10,47.4,0,52.6],[10,366,19,9,0,10,47.4,0,52.6],[11,266,19,9,0,10,47.4,0,52.6],[12,351,19,9,0,10,47.4,0,52.6],[13,259,19,9,0,10,47.4,0,52.6],[14,205,19,8,1,10,42.1,5.3,52.6],[15,263,19,8,0,11,42.1,0,57.9],[16,313,19,8,0,11,42.1,0,57.9],[17,260,19,7,0,12,36.8,0,63.2],[18,304,19,7,0,12,36.8,0,63.2],[19,4957,19,6,1,12,31.6,5.3,63.2],[20,211,19,5,2,12,26.3,10.5,63.2]];
var TotalBsHalf = [[1,208,38,21,7,10,55.3,18.4,26.3],[2,251,38,19,7,12,50,18.4,31.6],[3,271,38,19,0,19,50,0,50],[4,202,38,18,8,12,47.4,21.1,31.6],[5,266,38,17,12,9,44.7,31.6,23.7],[6,255,38,17,11,10,44.7,28.9,26.3],[7,214,38,17,7,14,44.7,18.4,36.8],[8,197,38,16,10,12,42.1,26.3,31.6],[9,351,38,16,8,14,42.1,21.1,36.8],[10,263,38,15,8,15,39.5,21.1,39.5],[11,366,38,14,11,13,36.8,28.9,34.2],[12,260,38,14,10,14,36.8,26.3,36.8],[13,313,38,13,11,14,34.2,28.9,36.8],[14,333,38,13,8,17,34.2,21.1,44.7],[15,4957,38,13,7,18,34.2,18.4,47.4],[16,211,38,12,14,12,31.6,36.8,31.6],[17,304,38,11,14,13,28.9,36.8,34.2],[18,205,38,10,7,21,26.3,18.4,55.3],[19,306,38,9,17,12,23.7,44.7,31.6],[20,259,38,6,17,15,15.8,44.7,39.5]];
var HomeBsHalf = [[1,251,19,10,5,4,52.6,26.3,21.1],[2,214,19,10,2,7,52.6,10.5,36.8],[3,266,19,9,5,5,47.4,26.3,26.3],[4,260,19,9,5,5,47.4,26.3,26.3],[5,202,19,9,4,6,47.4,21.1,31.6],[6,197,19,9,4,6,47.4,21.1,31.6],[7,263,19,8,6,5,42.1,31.6,26.3],[8,313,19,8,6,5,42.1,31.6,26.3],[9,208,19,8,5,6,42.1,26.3,31.6],[10,271,19,8,0,11,42.1,0,57.9],[11,255,19,7,7,5,36.8,36.8,26.3],[12,211,19,7,4,8,36.8,21.1,42.1],[13,351,19,7,3,9,36.8,15.8,47.4],[14,4957,19,7,2,10,36.8,10.5,52.6],[15,366,19,6,7,6,31.6,36.8,31.6],[16,304,19,6,6,7,31.6,31.6,36.8],[17,205,19,5,3,11,26.3,15.8,57.9],[18,306,19,4,9,6,21.1,47.4,31.6],[19,259,19,4,7,8,21.1,36.8,42.1],[20,333,19,4,7,8,21.1,36.8,42.1]];
var GuestBsHalf = [[1,208,19,13,2,4,68.4,10.5,21.1],[2,271,19,11,0,8,57.9,0,42.1],[3,255,19,10,4,5,52.6,21.1,26.3],[4,351,19,9,5,5,47.4,26.3,26.3],[5,202,19,9,4,6,47.4,21.1,31.6],[6,251,19,9,2,8,47.4,10.5,42.1],[7,333,19,9,1,9,47.4,5.3,47.4],[8,266,19,8,7,4,42.1,36.8,21.1],[9,366,19,8,4,7,42.1,21.1,36.8],[10,197,19,7,6,6,36.8,31.6,31.6],[11,214,19,7,5,7,36.8,26.3,36.8],[12,263,19,7,2,10,36.8,10.5,52.6],[13,4957,19,6,5,8,31.6,26.3,42.1],[14,211,19,5,10,4,26.3,52.6,21.1],[15,304,19,5,8,6,26.3,42.1,31.6],[16,306,19,5,8,6,26.3,42.1,31.6],[17,260,19,5,5,9,26.3,26.3,47.4],[18,313,19,5,5,9,26.3,26.3,47.4],[19,205,19,5,4,10,26.3,21.1,52.6],[20,259,19,2,10,7,10.5,52.6,36.8]];
var addUp = [358,47.1,16,2.1,386,50.8,[63.2,208],[60.5,366],[68.4,255],[68.4,333,366],[78.9,208],[63.2,260,304,4957,211]];
var addUpHalf = [290,38.2,194,25.5,276,36.3,[55.3,208],[55.3,205],[52.6,251,214],[57.9,271,205],[68.4,208],[52.6,263,205]];
var lastUpdateTime = '2025-01-21 09:46:05';
