var arrLeague = [21,'美国职业大联盟联赛','美國職業大聯盟聯賽','USA Major League Soccer','2012','#660033','league_match/images/20200709144320.png','美职业','美職業','MLS'];
var arrTeam = [[310,'纽约红牛','紐約紅牛','New York Red Bulls','','images/310/1j3s20wrkq7.png',1],[311,'洛杉矶银河','洛杉磯銀河','Los Angeles Galaxy','','images/311/1gshts0qkp29.png',2],[314,'华盛顿联','華盛頓聯隊','DC United','','images/314/1j3p97keem1v.png',1],[316,'新英格兰革命','新英倫革命','New England Revolution','','images/316/1gt31ntq8c11.png',1],[318,'堪萨斯城竞技','肯薩斯體育會','Sporting Kansas City','','images/318/1h8qp9bzst19.png',2],[319,'芝加哥火焰','芝加哥火燄','Chicago Fire','','images/319/1j3vezpgz82.png',1],[321,'达拉斯FC','FC達拉斯','FC Dallas','','images/1kb4sqqahq0.png',2],[323,'科罗拉多急流','科羅拉多急流','Colorado Rapids','','images/1kb4tgrcfq1w.png',2],[326,'圣何塞地震','聖荷西地震','San Jose Earthquakes','','images/326/1gytydqn1g2z.png',2],[327,'哥伦布机员','哥倫布機員','Columbus Crew','','images/327/1hr8pf0r2p2h.png',1],[2071,'皇家盐湖城','皇家鹽湖城','Real Salt Lake','','images/2071/1gt31ntq8j2r.png',2],[2072,'美国芝华士','美國芝華士','Deportivo Chivas USA','','images/20130921165821.gif',1],[4073,'休斯敦迪纳摩','侯斯頓戴拿模','Houston Dynamo','','images/4073/1h8fzsff9s2w.png',2],[5345,'多伦多FC','多倫多FC','Toronto FC','','images/5345/1gshts0qkc2m.png',1],[5526,'西雅图海湾人','西雅圖海灣者','Seattle Sounders','','images/5526/1hxb3nrv3ya.png',2],[5530,'CF蒙特利尔','CF蒙特利爾','CF Montreal','','images/5530/1hxkcfqmkck.png',1],[5533,'温哥华白浪','溫哥華白帽','Vancouver Whitecaps','','images/5533/1gtzd9vt3r22.png',2],[5555,'波特兰伐木者','波特蘭伐木者','Portland Timbers','','images/5555/1j3vezbrp12x.png',2],[13541,'费城联合','費城聯','Philadelphia Union','','images/13541/1gxsf4vmaw1p.png',1]];
var TotalBs = [[1,326,36,26,0,10,72.2,0,27.8],[2,311,40,24,0,16,60,0,40],[3,5345,34,20,0,14,58.8,0,41.2],[4,5530,34,20,0,14,58.8,0,41.2],[5,319,34,19,0,15,55.9,0,44.1],[6,4073,39,19,0,20,48.7,0,51.3],[7,5555,34,18,0,16,52.9,0,47.1],[8,13541,34,18,0,16,52.9,0,47.1],[9,323,34,18,0,16,52.9,0,47.1],[10,314,38,18,0,20,47.4,0,52.6],[11,5526,38,18,0,20,47.4,0,52.6],[12,327,34,17,0,17,50,0,50],[13,2071,36,17,0,19,47.2,0,52.8],[14,310,36,17,0,19,47.2,0,52.8],[15,321,34,16,0,18,47.1,0,52.9],[16,316,34,16,0,18,47.1,0,52.9],[17,5533,35,16,0,19,45.7,0,54.3],[18,2072,34,14,0,20,41.2,0,58.8],[19,318,36,13,0,23,36.1,0,63.9]];
var HomeBs = [[1,326,18,13,0,5,72.2,0,27.8],[2,311,21,13,0,8,61.9,0,38.1],[3,319,17,12,0,5,70.6,0,29.4],[4,5530,17,11,0,6,64.7,0,35.3],[5,13541,17,11,0,6,64.7,0,35.3],[6,323,17,10,0,7,58.8,0,41.2],[7,4073,19,10,0,9,52.6,0,47.4],[8,314,19,10,0,9,52.6,0,47.4],[9,327,17,9,0,8,52.9,0,47.1],[10,5533,17,9,0,8,52.9,0,47.1],[11,2071,18,9,0,9,50,0,50],[12,5555,17,8,0,9,47.1,0,52.9],[13,310,18,8,0,10,44.4,0,55.6],[14,5526,19,8,0,11,42.1,0,57.9],[15,5345,17,7,0,10,41.2,0,58.8],[16,318,18,7,0,11,38.9,0,61.1],[17,316,17,6,0,11,35.3,0,64.7],[18,2072,17,6,0,11,35.3,0,64.7],[19,321,17,5,0,12,29.4,0,70.6]];
var GuestBs = [[1,5345,17,13,0,4,76.5,0,23.5],[2,326,18,13,0,5,72.2,0,27.8],[3,321,17,11,0,6,64.7,0,35.3],[4,311,19,11,0,8,57.9,0,42.1],[5,316,17,10,0,7,58.8,0,41.2],[6,5555,17,10,0,7,58.8,0,41.2],[7,5526,19,10,0,9,52.6,0,47.4],[8,5530,17,9,0,8,52.9,0,47.1],[9,310,18,9,0,9,50,0,50],[10,4073,20,9,0,11,45,0,55],[11,2072,17,8,0,9,47.1,0,52.9],[12,327,17,8,0,9,47.1,0,52.9],[13,323,17,8,0,9,47.1,0,52.9],[14,2071,18,8,0,10,44.4,0,55.6],[15,314,19,8,0,11,42.1,0,57.9],[16,319,17,7,0,10,41.2,0,58.8],[17,13541,17,7,0,10,41.2,0,58.8],[18,5533,18,7,0,11,38.9,0,61.1],[19,318,18,6,0,12,33.3,0,66.7]];
var TotalBsHalf = [[1,4073,37,19,7,11,51.4,18.9,29.7],[2,310,36,18,8,10,50,22.2,27.8],[3,319,34,17,9,8,50,26.5,23.5],[4,326,36,16,12,8,44.4,33.3,22.2],[5,316,33,16,7,10,48.5,21.2,30.3],[6,318,36,16,8,12,44.4,22.2,33.3],[7,327,34,16,6,12,47.1,17.6,35.3],[8,321,34,16,2,16,47.1,5.9,47.1],[9,323,34,15,10,9,44.1,29.4,26.5],[10,314,38,15,7,16,39.5,18.4,42.1],[11,311,40,14,15,11,35,37.5,27.5],[12,5555,34,14,8,12,41.2,23.5,35.3],[13,2072,33,14,6,13,42.4,18.2,39.4],[14,5526,38,14,8,16,36.8,21.1,42.1],[15,5345,33,13,11,9,39.4,33.3,27.3],[16,13541,34,13,8,13,38.2,23.5,38.2],[17,5533,33,10,8,15,30.3,24.2,45.5],[18,5530,34,9,11,14,26.5,32.4,41.2],[19,2071,36,8,10,18,22.2,27.8,50]];
var HomeBsHalf = [[1,319,17,10,6,1,58.8,35.3,5.9],[2,323,17,10,4,3,58.8,23.5,17.6],[3,4073,19,10,4,5,52.6,21.1,26.3],[4,310,18,9,3,6,50,16.7,33.3],[5,314,19,9,4,6,47.4,21.1,31.6],[6,326,18,8,6,4,44.4,33.3,22.2],[7,318,18,8,4,6,44.4,22.2,33.3],[8,2072,17,8,3,6,47.1,17.6,35.3],[9,13541,17,8,1,8,47.1,5.9,47.1],[10,5533,17,7,4,6,41.2,23.5,35.3],[11,327,17,7,4,6,41.2,23.5,35.3],[12,316,17,7,4,6,41.2,23.5,35.3],[13,321,17,7,1,9,41.2,5.9,52.9],[14,5526,19,6,6,7,31.6,31.6,36.8],[15,5345,17,6,3,8,35.3,17.6,47.1],[16,311,21,5,9,7,23.8,42.9,33.3],[17,5530,17,5,4,8,29.4,23.5,47.1],[18,5555,17,4,6,7,23.5,35.3,41.2],[19,2071,18,3,6,9,16.7,33.3,50]];
var GuestBsHalf = [[1,5555,17,10,2,5,58.8,11.8,29.4],[2,310,18,9,5,4,50,27.8,22.2],[3,311,19,9,6,4,47.4,31.6,21.1],[4,316,16,9,3,4,56.2,18.8,25],[5,327,17,9,2,6,52.9,11.8,35.3],[6,4073,18,9,3,6,50,16.7,33.3],[7,321,17,9,1,7,52.9,5.9,41.2],[8,326,18,8,6,4,44.4,33.3,22.2],[9,318,18,8,4,6,44.4,22.2,33.3],[10,5526,19,8,2,9,42.1,10.5,47.4],[11,5345,16,7,8,1,43.8,50,6.2],[12,319,17,7,3,7,41.2,17.6,41.2],[13,2072,16,6,3,7,37.5,18.8,43.8],[14,314,19,6,3,10,31.6,15.8,52.6],[15,13541,17,5,7,5,29.4,41.2,29.4],[16,323,17,5,6,6,29.4,35.3,35.3],[17,2071,18,5,4,9,27.8,22.2,50],[18,5530,17,4,7,6,23.5,41.2,35.3],[19,5533,16,3,4,9,18.8,25,56.2]];
var addUp = [344,51,0,0,330,49,[72.2,326],[63.9,318],[72.2,326],[70.6,321],[76.5,5345],[66.7,318]];
var addUpHalf = [273,40.9,161,24.1,233,34.9,[51.4,4073],[50,2071],[58.8,319,323],[52.9,321],[58.8,5555],[56.2,5533]];
var lastUpdateTime = '2026-04-07 17:19:36';
