var arrLeague = [27,'瑞士超级联赛','瑞士超級聯賽','Switzerland Super League','2021-2022','#1ba578','league_match/images/20151127162550.jpg','瑞士超','瑞士超','SUI SL'];
var arrTeam = [[433,'圣加仑','聖加倫','St. Gallen','','images/433/1gtqm1pz3d2d.png',0],[436,'草蜢','草蜢','Grasshopper','','images/436/1h8asqtqsjb.png',0],[442,'年青人','年青人','Young Boys','','images/442/1gxmbma5rq4.png',0],[447,'塞尔维特','塞維特','Servette','','images/447/1gtg0nzm9kh.png',0],[449,'苏黎世','蘇黎世','FC Zurich','','images/449/1jh4aqszf629.png',0],[451,'巴塞尔','巴素利','Basel','','images/451/1gv1yreqw0h.png',0],[1229,'卢加诺','盧加諾','Lugano','','images/1229/1gtqm1pzk318.png',0],[1237,'卢森','琉森','Luzern','','images/1237/1h6wfe0585w.png',0],[1323,'锡昂','錫永','FC Sion','','images/1323/1hkrdvr1r626.png',0],[2601,'洛桑','洛桑體育隊','Lausanne Sports','','images/2601/1j0ytn4xd41b.png',0]];
var TotalPanLu = [[1,449,36,17,7,12,26,1,9,17,72.2,2.8,25],[2,1229,36,15,6,15,19,2,15,4,52.8,5.6,41.7],[3,1323,36,5,6,25,18,1,17,1,50,2.8,47.2],[4,451,35,28,3,5,17,1,17,0,48.6,2.9,48.6],[5,1237,36,10,6,20,17,3,16,1,47.2,8.3,44.4],[6,436,36,10,10,16,17,2,17,0,47.2,5.6,47.2],[7,433,36,11,7,18,17,1,18,-1,47.2,2.8,50],[8,447,36,16,6,14,14,3,19,-5,38.9,8.3,52.8],[9,2601,36,3,8,25,13,2,21,-8,36.1,5.6,58.3],[10,442,35,35,1,0,12,2,21,-9,34.3,5.7,60]];
var HomePanLu = [[1,449,18,13,2,3,13,1,4,9,72.2,5.6,22.2],[2,1229,18,13,2,3,11,0,7,4,61.1,0,38.9],[3,451,18,15,2,1,9,1,8,1,50,5.6,44.4],[4,1323,18,4,6,8,8,1,9,-1,44.4,5.6,50],[5,447,18,13,1,4,8,1,9,-1,44.4,5.6,50],[6,433,18,10,5,3,8,1,9,-1,44.4,5.6,50],[7,442,17,18,0,0,7,1,9,-2,41.2,5.9,52.9],[8,1237,18,10,2,6,7,1,10,-3,38.9,5.6,55.6],[9,436,18,10,4,4,7,1,10,-3,38.9,5.6,55.6],[10,2601,18,3,6,9,6,1,11,-5,33.3,5.6,61.1]];
var GuestPanLu = [[1,449,18,4,5,9,13,0,5,8,72.2,0,27.8],[2,1237,18,0,4,14,10,2,6,4,55.6,11.1,33.3],[3,436,18,0,6,12,10,1,7,3,55.6,5.6,38.9],[4,1323,18,1,0,17,10,0,8,2,55.6,0,44.4],[5,433,18,1,2,15,9,0,9,0,50,0,50],[6,451,17,13,1,4,8,0,9,-1,47.1,0,52.9],[7,1229,18,2,4,12,8,2,8,0,44.4,11.1,44.4],[8,2601,18,0,2,16,7,1,10,-3,38.9,5.6,55.6],[9,447,18,3,5,10,6,2,10,-4,33.3,11.1,55.6],[10,442,18,17,1,0,5,1,12,-7,27.8,5.6,66.7]];
var TotalHalfPanLu = [[1,436,36,7,16,13,21,2,13,8,58.3,5.6,36.1],[2,433,36,7,16,13,19,3,14,5,52.8,8.3,38.9],[3,1229,36,11,13,12,19,3,14,5,52.8,8.3,38.9],[4,2601,36,3,14,19,17,5,14,3,47.2,13.9,38.9],[5,1323,36,1,12,23,17,4,15,2,47.2,11.1,41.7],[6,449,36,16,12,8,17,0,19,-2,47.2,0,52.8],[7,451,36,22,10,4,15,5,16,-1,41.7,13.9,44.4],[8,447,36,11,16,9,14,5,17,-3,38.9,13.9,47.2],[9,442,36,34,2,0,14,0,22,-8,38.9,0,61.1],[10,1237,36,5,15,16,13,1,22,-9,36.1,2.8,61.1]];
var HomeHalfPanLu = [[1,436,18,7,8,3,11,2,5,6,61.1,11.1,27.8],[2,433,18,7,9,2,10,1,7,3,55.6,5.6,38.9],[3,1323,18,1,11,6,8,4,6,2,44.4,22.2,33.3],[4,447,18,10,5,3,8,2,8,0,44.4,11.1,44.4],[5,451,18,15,2,1,8,0,10,-2,44.4,0,55.6],[6,442,18,18,0,0,8,0,10,-2,44.4,0,55.6],[7,2601,18,3,10,5,7,3,8,-1,38.9,16.7,44.4],[8,1229,18,11,4,3,7,1,10,-3,38.9,5.6,55.6],[9,449,18,13,4,1,7,0,11,-4,38.9,0,61.1],[10,1237,18,5,10,3,6,1,11,-5,33.3,5.6,61.1]];
var GuestHalfPanLu = [[1,1229,18,0,9,9,12,2,4,8,66.7,11.1,22.2],[2,2601,18,0,4,14,10,2,6,4,55.6,11.1,33.3],[3,449,18,3,8,7,10,0,8,2,55.6,0,44.4],[4,436,18,0,8,10,10,0,8,2,55.6,0,44.4],[5,433,18,0,7,11,9,2,7,2,50,11.1,38.9],[6,1323,18,0,1,17,9,0,9,0,50,0,50],[7,451,18,7,8,3,7,5,6,1,38.9,27.8,33.3],[8,1237,18,0,5,13,7,0,11,-4,38.9,0,61.1],[9,447,18,1,11,6,6,3,9,-3,33.3,16.7,50],[10,442,18,16,2,0,6,0,12,-6,33.3,0,66.7]];
var addUp = [84,46.9,9,5,86,48,[72.2,449],[60,442],[72.2,449],[61.1,2601],[72.2,449],[66.7,442],[8.3,1237,447],[2.8,449,1323,433]];
var addUpHalf = [80,44.4,14,7.8,86,47.8,[58.3,436],[61.1,442,1237],[61.1,436],[61.1,449,1237],[66.7,1229],[66.7,442],[13.9,2601,451,447],[0,449,442]];
var lastUpdateTime = '2025-01-18 15:35:42';
