var arrLeague = [27,'瑞士超级联赛','瑞士超級聯賽','Switzerland Super League','2021-2022','#1ba578','league_match/images/20151127162550.jpg','瑞士超','瑞士超','SUI SL'];
var arrTeam = [[433,'圣加仑','聖加倫','St. Gallen','','images/433/1gtqm1pz3d2d.png',0],[436,'草蜢','草蜢','Grasshopper','','images/436/1h8asqtqsjb.png',0],[442,'年青人','年青人','Young Boys','','images/442/1gxmbma5rq4.png',0],[447,'塞尔维特','塞維特','Servette','','images/447/1gtg0nzm9kh.png',0],[449,'苏黎世','蘇黎世','FC Zurich','','images/449/1jh4aqszf629.png',0],[451,'巴塞尔','巴素利','Basel','','images/451/1gv1yreqw0h.png',0],[1229,'卢加诺','盧加諾','Lugano','','images/1229/1gtqm1pzk318.png',0],[1237,'卢森','琉森','Luzern','','images/1237/1h6wfe0585w.png',0],[1323,'锡昂','錫永','FC Sion','','images/1323/1hkrdvr1r626.png',0],[2601,'洛桑','洛桑體育隊','Lausanne Sports','','images/2601/1j0ytn4xd41b.png',0]];
var TotalBs = [[1,433,36,22,0,14,61.1,0,38.9],[2,442,36,21,3,12,58.3,8.3,33.3],[3,449,36,19,4,13,52.8,11.1,36.1],[4,1237,36,19,3,14,52.8,8.3,38.9],[5,2601,36,19,3,14,52.8,8.3,38.9],[6,447,36,18,2,16,50,5.6,44.4],[7,1229,36,18,1,17,50,2.8,47.2],[8,436,36,18,0,18,50,0,50],[9,1323,36,17,3,16,47.2,8.3,44.4],[10,451,36,15,3,18,41.7,8.3,50]];
var HomeBs = [[1,449,18,12,1,5,66.7,5.6,27.8],[2,436,18,12,0,6,66.7,0,33.3],[3,2601,18,11,1,6,61.1,5.6,33.3],[4,442,18,10,1,7,55.6,5.6,38.9],[5,433,18,10,0,8,55.6,0,44.4],[6,1237,18,8,2,8,44.4,11.1,44.4],[7,1229,18,8,1,9,44.4,5.6,50],[8,1323,18,8,1,9,44.4,5.6,50],[9,447,18,7,2,9,38.9,11.1,50],[10,451,18,7,2,9,38.9,11.1,50]];
var GuestBs = [[1,433,18,12,0,6,66.7,0,33.3],[2,442,18,11,2,5,61.1,11.1,27.8],[3,1237,18,11,1,6,61.1,5.6,33.3],[4,447,18,11,0,7,61.1,0,38.9],[5,1229,18,10,0,8,55.6,0,44.4],[6,1323,18,9,2,7,50,11.1,38.9],[7,2601,18,8,2,8,44.4,11.1,44.4],[8,451,18,8,1,9,44.4,5.6,50],[9,449,18,7,3,8,38.9,16.7,44.4],[10,436,18,6,0,12,33.3,0,66.7]];
var TotalBsHalf = [[1,433,36,19,3,14,52.8,8.3,38.9],[2,449,36,18,3,15,50,8.3,41.7],[3,1229,36,16,8,12,44.4,22.2,33.3],[4,451,36,14,0,22,38.9,0,61.1],[5,436,36,13,8,15,36.1,22.2,41.7],[6,1237,36,13,3,20,36.1,8.3,55.6],[7,1323,36,13,3,20,36.1,8.3,55.6],[8,447,36,12,8,16,33.3,22.2,44.4],[9,2601,36,11,3,22,30.6,8.3,61.1],[10,442,36,11,1,24,30.6,2.8,66.7]];
var HomeBsHalf = [[1,1229,18,10,2,6,55.6,11.1,33.3],[2,436,18,9,3,6,50,16.7,33.3],[3,433,18,9,2,7,50,11.1,38.9],[4,449,18,9,1,8,50,5.6,44.4],[5,451,18,7,0,11,38.9,0,61.1],[6,447,18,6,5,7,33.3,27.8,38.9],[7,2601,18,6,2,10,33.3,11.1,55.6],[8,442,18,6,0,12,33.3,0,66.7],[9,1323,18,4,3,11,22.2,16.7,61.1],[10,1237,18,4,2,12,22.2,11.1,66.7]];
var GuestBsHalf = [[1,433,18,10,1,7,55.6,5.6,38.9],[2,449,18,9,2,7,50,11.1,38.9],[3,1237,18,9,1,8,50,5.6,44.4],[4,1323,18,9,0,9,50,0,50],[5,451,18,7,0,11,38.9,0,61.1],[6,1229,18,6,6,6,33.3,33.3,33.3],[7,447,18,6,3,9,33.3,16.7,50],[8,442,18,5,1,12,27.8,5.6,66.7],[9,2601,18,5,1,12,27.8,5.6,66.7],[10,436,18,4,5,9,22.2,27.8,50]];
var addUp = [186,51.7,22,6.1,152,42.2,[61.1,433],[50,436,451],[66.7,449,436],[50,1229,1323,447,451],[66.7,433],[66.7,436]];
var addUpHalf = [140,38.9,40,11.1,180,50,[52.8,433],[66.7,442],[55.6,1229],[66.7,442,1237],[55.6,433],[66.7,442,2601]];
var lastUpdateTime = '2025-01-18 15:35:58';
