var arrLeague = [60,'中国超级联赛','中國超級聯賽','Chinese Super League','2013','#0066FF','league_match/images/166674992094.png','中超','中超','CHA CSL'];
var arrTeam = [[39,'上海申花','上海申花','Shanghai Shenhua','','images/39/1gy3vjsrhn1p.png',0],[40,'山东泰山','山東泰山','Shandong Taishan','','images/40/1gy3vjsrhjq.png',0],[41,'辽宁沈阳宏运','遼寧宏運','Liaoning FC','','images/20180921121329.png',0],[43,'北京国安','北京國安','Beijing Guoan','','images/1j8grm13nd21.png',0],[44,'青岛海牛','青島海牛','Qingdao Manatee','','images/44/1gy3vkgfwg2p.png',0],[89,'天津津门虎','天津津門虎','Tianjin Tigers','','images/89/1gy3vkgfwn2t.png',0],[528,'长春亚泰','長春亞泰','Changchun Yatai','','images/20180921180113.png',0],[535,'广州队','廣州隊','Guangzhou FC','','images/535/1hy4p3apdsh.png',0],[542,'浙江队','浙江隊','Zhejiang Greentown','','images/542/1h8qpaemwc10.png',0],[543,'江苏苏宁易购','江蘇蘇寧','Jiangsu Suning FC','','images/20180921195311.png',0],[3969,'北京人和','北京人和','Beijing Renhe','','images/20180921194257.png',0],[4050,'上海申鑫','上海申鑫','Shanghai Shenxin','','images/2013322175805.png',0],[7642,'上海海港','上海海港','Shanghai Port','','images/7642/1h8n2nv7tw23.png',0],[13969,'大连人','大連人','Dalian Pro','','images/20200123150128.png',0],[16667,'武汉长江','武漢長江','Wuhan FC','','images/2013322180048.png',0],[16668,'广州城','廣州城','Guangzhou City','','images/165371552931.png',0]];
var TotalPanLu = [[1,535,30,29,0,1,19,0,11,8,63.3,0,36.7],[2,40,30,24,1,5,18,0,12,6,60,0,40],[3,39,30,16,1,13,16,2,12,4,53.3,6.7,40],[4,3969,30,18,2,10,16,1,13,3,53.3,3.3,43.3],[5,4050,30,9,2,19,16,1,13,3,53.3,3.3,43.3],[6,7642,30,12,2,16,16,1,13,3,53.3,3.3,43.3],[7,16668,30,16,1,13,16,0,14,2,53.3,0,46.7],[8,543,30,13,2,15,15,1,14,1,50,3.3,46.7],[9,43,30,22,1,7,15,0,15,0,50,0,50],[10,542,30,12,0,18,15,0,15,0,50,0,50],[11,89,30,11,3,16,14,1,15,-1,46.7,3.3,50],[12,13969,30,14,1,15,14,0,16,-2,46.7,0,53.3],[13,41,30,13,0,17,13,0,17,-4,43.3,0,56.7],[14,528,30,8,4,18,12,1,17,-5,40,3.3,56.7],[15,44,30,12,1,17,10,1,19,-9,33.3,3.3,63.3],[16,16667,30,0,1,29,10,1,19,-9,33.3,3.3,63.3]];
var HomePanLu = [[1,535,15,15,0,0,11,0,4,7,73.3,0,26.7],[2,43,15,14,0,1,9,0,6,3,60,0,40],[3,40,15,13,0,2,9,0,6,3,60,0,40],[4,16668,15,13,0,2,9,0,6,3,60,0,40],[5,39,15,13,0,2,8,1,6,2,53.3,6.7,40],[6,89,15,10,1,4,8,1,6,2,53.3,6.7,40],[7,542,15,11,0,4,8,0,7,1,53.3,0,46.7],[8,13969,15,13,0,2,8,0,7,1,53.3,0,46.7],[9,7642,15,11,1,3,8,0,7,1,53.3,0,46.7],[10,3969,15,13,1,1,8,0,7,1,53.3,0,46.7],[11,543,15,12,1,2,8,0,7,1,53.3,0,46.7],[12,16667,15,0,1,14,7,0,8,-1,46.7,0,53.3],[13,41,15,12,0,3,7,0,8,-1,46.7,0,53.3],[14,528,15,7,3,5,6,1,8,-2,40,6.7,53.3],[15,4050,15,8,2,5,6,1,8,-2,40,6.7,53.3],[16,44,15,11,1,3,5,1,9,-4,33.3,6.7,60]];
var GuestPanLu = [[1,4050,15,1,0,14,10,0,5,5,66.7,0,33.3],[2,40,15,11,1,3,9,0,6,3,60,0,40],[3,7642,15,1,1,13,8,1,6,2,53.3,6.7,40],[4,3969,15,5,1,9,8,1,6,2,53.3,6.7,40],[5,39,15,3,1,11,8,1,6,2,53.3,6.7,40],[6,535,15,14,0,1,8,0,7,1,53.3,0,46.7],[7,543,15,1,1,13,7,1,7,0,46.7,6.7,46.7],[8,16668,15,3,1,11,7,0,8,-1,46.7,0,53.3],[9,542,15,1,0,14,7,0,8,-1,46.7,0,53.3],[10,528,15,1,1,13,6,0,9,-3,40,0,60],[11,43,15,8,1,6,6,0,9,-3,40,0,60],[12,41,15,1,0,14,6,0,9,-3,40,0,60],[13,89,15,1,2,12,6,0,9,-3,40,0,60],[14,13969,15,1,1,13,6,0,9,-3,40,0,60],[15,44,15,1,0,14,5,0,10,-5,33.3,0,66.7],[16,16667,15,0,0,15,3,1,11,-8,20,6.7,73.3]];
var TotalHalfPanLu = [[1,4050,30,0,0,0,17,4,9,8,56.7,13.3,30],[2,43,30,0,0,0,17,2,11,6,56.7,6.7,36.7],[3,542,30,0,0,0,15,5,10,5,50,16.7,33.3],[4,7642,30,0,0,0,15,4,11,4,50,13.3,36.7],[5,16667,30,0,0,0,14,6,10,4,46.7,20,33.3],[6,528,30,0,0,0,14,6,10,4,46.7,20,33.3],[7,89,30,0,0,0,14,3,13,1,46.7,10,43.3],[8,535,30,0,0,0,14,2,14,0,46.7,6.7,46.7],[9,3969,30,0,0,0,13,6,11,2,43.3,20,36.7],[10,41,30,0,0,0,13,5,12,1,43.3,16.7,40],[11,44,30,0,0,0,13,3,14,-1,43.3,10,46.7],[12,16668,29,0,0,0,11,4,14,-3,37.9,13.8,48.3],[13,39,29,0,0,0,10,1,18,-8,34.5,3.4,62.1],[14,543,30,0,0,0,9,4,17,-8,30,13.3,56.7],[15,40,30,0,0,0,9,3,18,-9,30,10,60],[16,13969,30,0,0,0,8,8,14,-6,26.7,26.7,46.7]];
var HomeHalfPanLu = [[1,43,15,0,0,0,11,0,4,7,73.3,0,26.7],[2,41,15,0,0,0,8,3,4,4,53.3,20,26.7],[3,535,15,0,0,0,8,2,5,3,53.3,13.3,33.3],[4,4050,15,0,0,0,8,2,5,3,53.3,13.3,33.3],[5,89,15,0,0,0,8,1,6,2,53.3,6.7,40],[6,542,15,0,0,0,7,3,5,2,46.7,20,33.3],[7,3969,15,0,0,0,7,0,8,-1,46.7,0,53.3],[8,528,15,0,0,0,6,5,4,2,40,33.3,26.7],[9,44,15,0,0,0,6,3,6,0,40,20,40],[10,7642,15,0,0,0,6,3,6,0,40,20,40],[11,13969,15,0,0,0,6,1,8,-2,40,6.7,53.3],[12,16667,15,0,0,0,5,5,5,0,33.3,33.3,33.3],[13,543,15,0,0,0,5,1,9,-4,33.3,6.7,60],[14,40,15,0,0,0,4,1,10,-6,26.7,6.7,66.7],[15,16668,14,0,0,0,3,3,8,-5,21.4,21.4,57.1],[16,39,15,0,0,0,2,0,13,-11,13.3,0,86.7]];
var GuestHalfPanLu = [[1,4050,15,0,0,0,9,2,4,5,60,13.3,26.7],[2,7642,15,0,0,0,9,1,5,4,60,6.7,33.3],[3,16667,15,0,0,0,9,1,5,4,60,6.7,33.3],[4,39,14,0,0,0,8,1,5,3,57.1,7.1,35.7],[5,542,15,0,0,0,8,2,5,3,53.3,13.3,33.3],[6,528,15,0,0,0,8,1,6,2,53.3,6.7,40],[7,16668,15,0,0,0,8,1,6,2,53.3,6.7,40],[8,44,15,0,0,0,7,0,8,-1,46.7,0,53.3],[9,3969,15,0,0,0,6,6,3,3,40,40,20],[10,89,15,0,0,0,6,2,7,-1,40,13.3,46.7],[11,43,15,0,0,0,6,2,7,-1,40,13.3,46.7],[12,535,15,0,0,0,6,0,9,-3,40,0,60],[13,40,15,0,0,0,5,2,8,-3,33.3,13.3,53.3],[14,41,15,0,0,0,5,2,8,-3,33.3,13.3,53.3],[15,543,15,0,0,0,4,3,8,-4,26.7,20,53.3],[16,13969,15,0,0,0,2,7,6,-4,13.3,46.7,40]];
var addUp = [125,52.1,5,2.1,110,45.8,[63.3,535],[63.3,44,16667],[73.3,535],[60,44],[66.7,4050],[73.3,16667],[6.7,39],[0,535,40,16668,43,542,13969,41]];
var addUpHalf = [100,41.8,33,13.8,106,44.4,[56.7,4050,43],[62.1,39],[73.3,43],[86.7,39],[60,4050,7642,16667],[60,535],[26.7,13969],[3.4,39]];
var lastUpdateTime = '2025-01-20 11:38:46';
