var arrLeague = [60,'中国超级联赛','中國超級聯賽','Chinese Super League','2013','#0066FF','league_match/images/166674992094.png','中超','中超','CHA CSL'];
var arrTeam = [[39,'上海申花','上海申花','Shanghai Shenhua','','images/39/1gy3vjsrhn1p.png',0],[40,'山东泰山','山東泰山','Shandong Taishan','','images/40/1gy3vjsrhjq.png',0],[41,'辽宁沈阳宏运','遼寧宏運','Liaoning FC','','images/20180921121329.png',0],[43,'北京国安','北京國安','Beijing Guoan','','images/1j8grm13nd21.png',0],[44,'青岛海牛','青島海牛','Qingdao Manatee','','images/44/1gy3vkgfwg2p.png',0],[89,'天津津门虎','天津津門虎','Tianjin Tigers','','images/89/1gy3vkgfwn2t.png',0],[528,'长春亚泰','長春亞泰','Changchun Yatai','','images/20180921180113.png',0],[535,'广州队','廣州隊','Guangzhou FC','','images/535/1hy4p3apdsh.png',0],[542,'浙江队','浙江隊','Zhejiang Greentown','','images/542/1h8qpaemwc10.png',0],[543,'江苏苏宁易购','江蘇蘇寧','Jiangsu Suning FC','','images/20180921195311.png',0],[3969,'北京人和','北京人和','Beijing Renhe','','images/20180921194257.png',0],[4050,'上海申鑫','上海申鑫','Shanghai Shenxin','','images/2013322175805.png',0],[7642,'上海海港','上海海港','Shanghai Port','','images/7642/1h8n2nv7tw23.png',0],[13969,'大连人','大連人','Dalian Pro','','images/20200123150128.png',0],[16667,'武汉长江','武漢長江','Wuhan FC','','images/2013322180048.png',0],[16668,'广州城','廣州城','Guangzhou City','','images/165371552931.png',0]];
var TotalBs = [[1,535,30,17,3,10,56.7,10,33.3],[2,40,30,17,1,12,56.7,3.3,40],[3,43,30,16,0,14,53.3,0,46.7],[4,3969,30,15,0,15,50,0,50],[5,13969,30,15,0,15,50,0,50],[6,16667,30,15,0,15,50,0,50],[7,16668,30,14,0,16,46.7,0,53.3],[8,39,30,14,0,16,46.7,0,53.3],[9,542,30,14,0,16,46.7,0,53.3],[10,89,30,14,0,16,46.7,0,53.3],[11,543,30,13,2,15,43.3,6.7,50],[12,7642,30,13,0,17,43.3,0,56.7],[13,4050,30,12,1,17,40,3.3,56.7],[14,41,30,12,0,18,40,0,60],[15,44,30,11,0,19,36.7,0,63.3],[16,528,30,10,1,19,33.3,3.3,63.3]];
var HomeBs = [[1,535,15,11,0,4,73.3,0,26.7],[2,3969,15,10,0,5,66.7,0,33.3],[3,43,15,9,0,6,60,0,40],[4,13969,15,9,0,6,60,0,40],[5,16668,15,8,0,7,53.3,0,46.7],[6,39,15,8,0,7,53.3,0,46.7],[7,4050,15,7,1,7,46.7,6.7,46.7],[8,40,15,7,1,7,46.7,6.7,46.7],[9,543,15,7,1,7,46.7,6.7,46.7],[10,542,15,7,0,8,46.7,0,53.3],[11,89,15,6,0,9,40,0,60],[12,7642,15,6,0,9,40,0,60],[13,528,15,5,1,9,33.3,6.7,60],[14,16667,15,5,0,10,33.3,0,66.7],[15,44,15,3,0,12,20,0,80],[16,41,15,3,0,12,20,0,80]];
var GuestBs = [[1,16667,15,10,0,5,66.7,0,33.3],[2,40,15,10,0,5,66.7,0,33.3],[3,41,15,9,0,6,60,0,40],[4,89,15,8,0,7,53.3,0,46.7],[5,44,15,8,0,7,53.3,0,46.7],[6,43,15,7,0,8,46.7,0,53.3],[7,7642,15,7,0,8,46.7,0,53.3],[8,542,15,7,0,8,46.7,0,53.3],[9,535,15,6,3,6,40,20,40],[10,543,15,6,1,8,40,6.7,53.3],[11,13969,15,6,0,9,40,0,60],[12,16668,15,6,0,9,40,0,60],[13,39,15,6,0,9,40,0,60],[14,528,15,5,0,10,33.3,0,66.7],[15,3969,15,5,0,10,33.3,0,66.7],[16,4050,15,5,0,10,33.3,0,66.7]];
var TotalBsHalf = [[1,7642,29,14,6,9,48.3,20.7,31],[2,44,29,12,5,12,41.4,17.2,41.4],[3,39,29,11,7,11,37.9,24.1,37.9],[4,13969,30,11,8,11,36.7,26.7,36.7],[5,3969,30,11,7,12,36.7,23.3,40],[6,16667,29,11,5,13,37.9,17.2,44.8],[7,43,30,10,13,7,33.3,43.3,23.3],[8,16668,29,10,8,11,34.5,27.6,37.9],[9,40,29,10,7,12,34.5,24.1,41.4],[10,542,29,10,7,12,34.5,24.1,41.4],[11,543,30,9,12,9,30,40,30],[12,4050,30,9,12,9,30,40,30],[13,528,30,9,9,12,30,30,40],[14,41,27,8,10,9,29.6,37,33.3],[15,535,30,8,1,21,26.7,3.3,70],[16,89,29,5,10,14,17.2,34.5,48.3]];
var HomeBsHalf = [[1,3969,15,7,3,5,46.7,20,33.3],[2,40,15,7,2,6,46.7,13.3,40],[3,4050,15,6,7,2,40,46.7,13.3],[4,542,15,6,5,4,40,33.3,26.7],[5,7642,15,6,4,5,40,26.7,33.3],[6,535,15,6,0,9,40,0,60],[7,16667,15,5,4,6,33.3,26.7,40],[8,39,15,5,4,6,33.3,26.7,40],[9,528,15,5,4,6,33.3,26.7,40],[10,13969,15,5,3,7,33.3,20,46.7],[11,16668,14,5,1,8,35.7,7.1,57.1],[12,43,15,4,8,3,26.7,53.3,20],[13,89,15,4,5,6,26.7,33.3,40],[14,44,15,4,3,8,26.7,20,53.3],[15,543,15,3,6,6,20,40,40],[16,41,15,3,5,7,20,33.3,46.7]];
var GuestBsHalf = [[1,44,14,8,2,4,57.1,14.3,28.6],[2,7642,14,8,2,4,57.1,14.3,28.6],[3,543,15,6,6,3,40,40,20],[4,43,15,6,5,4,40,33.3,26.7],[5,13969,15,6,5,4,40,33.3,26.7],[6,39,14,6,3,5,42.9,21.4,35.7],[7,16667,14,6,1,7,42.9,7.1,50],[8,41,12,5,5,2,41.7,41.7,16.7],[9,16668,15,5,7,3,33.3,46.7,20],[10,528,15,4,5,6,26.7,33.3,40],[11,3969,15,4,4,7,26.7,26.7,46.7],[12,542,14,4,2,8,28.6,14.3,57.1],[13,40,14,3,5,6,21.4,35.7,42.9],[14,4050,15,3,5,7,20,33.3,46.7],[15,535,15,2,1,12,13.3,6.7,80],[16,89,14,1,5,8,7.1,35.7,57.1]];
var addUp = [222,46.2,8,1.7,250,52.1,[56.7,535,40],[63.3,44,528],[73.3,535],[80,44,41],[66.7,16667,40],[66.7,528,3969,4050]];
var addUpHalf = [158,33.7,127,27.1,184,39.2,[48.3,7642],[70,535],[46.7,3969,40],[60,535],[57.1,44,7642],[80,535]];
var lastUpdateTime = '2025-01-20 11:38:53';
