var arrLeague = [29,'苏格兰超级联赛','蘇格蘭超級聯賽','Scottish Premier League','2015-2016','#57A87B','league_match/images/1j5w1p9pmse.png','苏超','蘇超','SCO PR'];
var arrTeam = [[70,'凯尔特人','些路迪','Celtic FC','','images/165363471972.png',0],[71,'邓迪FC','登地','Dundee','','images/165363469577.png',0],[72,'邓迪联队','登地聯','Dundee United','','images/16536347072.png',0],[73,'阿伯丁','鴨巴甸','Aberdeen','','images/165363467632.png',0],[75,'马瑟韦尔','馬瑟韋爾','Motherwell','','images/165363477927.png',0],[76,'哈茨','赫斯','Heart of Midlothian','','images/165363483555.png',0],[78,'因弗内斯','恩華利斯','Inverness','','images/78/1gzmqd3vtg1f.png',0],[81,'基马诺克','基馬諾克','Kilmarnock','','images/81/1h5bjef76b13.png',0],[1366,'罗斯郡','羅斯郡','Ross County','','images/165363476324.png',0],[1460,'哈密尔顿','咸美頓','Hamilton Academical','','images/1460/1grmn0vykj1t.png',0],[1462,'帕尔蒂克','巴特里','Partick Thistle','','images/1462/1hxg39kyqr1p.png',0],[1485,'圣约翰斯通','聖莊士東','Saint Johnstone','','images/165363480511.png',0]];
var TotalPanLu = [[1,75,38,6,7,25,20,1,17,3,52.6,2.6,44.7],[2,71,38,14,7,17,19,2,17,2,50,5.3,44.7],[3,73,38,34,0,4,19,2,17,2,50,5.3,44.7],[4,1462,38,10,8,20,19,2,17,2,50,5.3,44.7],[5,1460,38,10,7,21,19,1,18,1,50,2.6,47.4],[6,78,38,15,6,17,19,1,18,1,50,2.6,47.4],[7,81,38,4,6,28,18,3,17,1,47.4,7.9,44.7],[8,1366,38,15,8,15,18,3,17,1,47.4,7.9,44.7],[9,76,38,24,6,8,18,3,17,1,47.4,7.9,44.7],[10,70,38,38,0,0,18,2,18,0,47.4,5.3,47.4],[11,1485,38,16,4,18,18,2,18,0,47.4,5.3,47.4],[12,72,38,9,7,22,10,4,24,-14,26.3,10.5,63.2]];
var HomePanLu = [[1,70,19,19,0,0,11,2,6,5,57.9,10.5,31.6],[2,75,19,6,6,7,11,1,7,4,57.9,5.3,36.8],[3,76,19,15,0,4,10,2,7,3,52.6,10.5,36.8],[4,73,19,17,0,2,9,1,9,0,47.4,5.3,47.4],[5,1366,19,13,3,3,9,0,10,-1,47.4,0,52.6],[6,1485,19,13,2,4,8,2,9,-1,42.1,10.5,47.4],[7,71,19,14,3,2,8,0,11,-3,42.1,0,57.9],[8,1460,19,9,5,5,8,0,11,-3,42.1,0,57.9],[9,78,19,13,1,5,8,0,11,-3,42.1,0,57.9],[10,81,19,4,6,9,7,2,10,-3,36.8,10.5,52.6],[11,1462,19,10,4,5,7,1,11,-4,36.8,5.3,57.9],[12,72,19,8,3,8,3,2,14,-11,15.8,10.5,73.7]];
var GuestPanLu = [[1,1462,19,0,4,15,12,1,6,6,63.2,5.3,31.6],[2,71,19,0,4,15,11,2,6,5,57.9,10.5,31.6],[3,1460,19,1,2,16,11,1,7,4,57.9,5.3,36.8],[4,78,19,2,5,12,11,1,7,4,57.9,5.3,36.8],[5,81,19,0,0,19,11,1,7,4,57.9,5.3,36.8],[6,73,19,17,0,2,10,1,8,2,52.6,5.3,42.1],[7,1485,19,3,2,14,10,0,9,1,52.6,0,47.4],[8,1366,19,2,5,12,9,3,7,2,47.4,15.8,36.8],[9,75,19,0,1,18,9,0,10,-1,47.4,0,52.6],[10,76,19,9,6,4,8,1,10,-2,42.1,5.3,52.6],[11,72,19,1,4,14,7,2,10,-3,36.8,10.5,52.6],[12,70,19,19,0,0,7,0,12,-5,36.8,0,63.2]];
var TotalHalfPanLu = [[1,70,38,38,0,0,25,0,13,12,65.8,0,34.2],[2,76,38,15,15,8,20,7,11,9,52.6,18.4,28.9],[3,81,38,0,12,26,19,5,14,5,50,13.2,36.8],[4,78,38,12,16,10,17,7,14,3,44.7,18.4,36.8],[5,71,38,5,21,12,17,7,14,3,44.7,18.4,36.8],[6,75,38,2,20,16,17,6,15,2,44.7,15.8,39.5],[7,73,38,33,1,4,17,1,20,-3,44.7,2.6,52.6],[8,1366,38,11,18,9,16,3,19,-3,42.1,7.9,50],[9,1462,38,5,22,11,12,9,17,-5,31.6,23.7,44.7],[10,1485,38,8,18,12,12,5,21,-9,31.6,13.2,55.3],[11,72,38,3,24,11,11,10,17,-6,28.9,26.3,44.7],[12,1460,38,2,21,15,11,8,19,-8,28.9,21.1,50]];
var HomeHalfPanLu = [[1,76,19,14,1,4,14,0,5,9,73.7,0,26.3],[2,70,19,19,0,0,13,0,6,7,68.4,0,31.6],[3,73,19,17,0,2,9,0,10,-1,47.4,0,52.6],[4,81,19,0,12,7,8,5,6,2,42.1,26.3,31.6],[5,71,19,5,12,2,7,3,9,-2,36.8,15.8,47.4],[6,75,19,2,13,4,7,3,9,-2,36.8,15.8,47.4],[7,1366,19,10,6,3,7,1,11,-4,36.8,5.3,57.9],[8,78,19,10,6,3,5,5,9,-4,26.3,26.3,47.4],[9,1460,19,2,14,3,5,5,9,-4,26.3,26.3,47.4],[10,72,19,3,13,3,4,4,11,-7,21.1,21.1,57.9],[11,1485,19,8,7,4,4,2,13,-9,21.1,10.5,68.4],[12,1462,19,5,10,4,3,6,10,-7,15.8,31.6,52.6]];
var GuestHalfPanLu = [[1,78,19,2,10,7,12,2,5,7,63.2,10.5,26.3],[2,70,19,19,0,0,12,0,7,5,63.2,0,36.8],[3,81,19,0,0,19,11,0,8,3,57.9,0,42.1],[4,71,19,0,9,10,10,4,5,5,52.6,21.1,26.3],[5,75,19,0,7,12,10,3,6,4,52.6,15.8,31.6],[6,1462,19,0,12,7,9,3,7,2,47.4,15.8,36.8],[7,1366,19,1,12,6,9,2,8,1,47.4,10.5,42.1],[8,1485,19,0,11,8,8,3,8,0,42.1,15.8,42.1],[9,73,19,16,1,2,8,1,10,-2,42.1,5.3,52.6],[10,72,19,0,11,8,7,6,6,1,36.8,31.6,31.6],[11,76,19,1,14,4,6,7,6,0,31.6,36.8,31.6],[12,1460,19,0,7,12,6,3,10,-4,31.6,15.8,52.6]];
var addUp = [99,43.4,13,5.7,116,50.9,[52.6,75],[63.2,72],[57.9,70,75],[73.7,72],[63.2,1462],[63.2,70],[10.5,72],[2.6,75,1460,78]];
var addUpHalf = [86,37.7,34,14.9,108,47.4,[65.8,70],[55.3,1485],[73.7,76],[68.4,1485],[63.2,78,70],[52.6,73,1460],[26.3,72],[0,70]];
var lastUpdateTime = '2025-01-19 16:30:05';
