var arrLeague = [29,'苏格兰超级联赛','蘇格蘭超級聯賽','Scottish Premier League','2015-2016','#57A87B','league_match/images/1j5w1p9pmse.png','苏超','蘇超','SCO PR'];
var arrTeam = [[70,'凯尔特人','些路迪','Celtic FC','','images/165363471972.png',0],[71,'邓迪FC','登地','Dundee','','images/165363469577.png',0],[72,'邓迪联队','登地聯','Dundee United','','images/16536347072.png',0],[73,'阿伯丁','鴨巴甸','Aberdeen','','images/165363467632.png',0],[75,'马瑟韦尔','馬瑟韋爾','Motherwell','','images/165363477927.png',0],[76,'哈茨','赫斯','Heart of Midlothian','','images/165363483555.png',0],[78,'因弗内斯','恩華利斯','Inverness','','images/78/1gzmqd3vtg1f.png',0],[81,'基马诺克','基馬諾克','Kilmarnock','','images/81/1h5bjef76b13.png',0],[1366,'罗斯郡','羅斯郡','Ross County','','images/165363476324.png',0],[1460,'哈密尔顿','咸美頓','Hamilton Academical','','images/1460/1grmn0vykj1t.png',0],[1462,'帕尔蒂克','巴特里','Partick Thistle','','images/1462/1hxg39kyqr1p.png',0],[1485,'圣约翰斯通','聖莊士東','Saint Johnstone','','images/165363480511.png',0]];
var TotalBs = [[1,72,38,25,0,13,65.8,0,34.2],[2,75,38,23,0,15,60.5,0,39.5],[3,1485,38,22,1,15,57.9,2.6,39.5],[4,73,38,22,0,16,57.9,0,42.1],[5,70,38,21,3,14,55.3,7.9,36.8],[6,81,38,21,0,17,55.3,0,44.7],[7,1366,38,21,0,17,55.3,0,44.7],[8,71,38,20,0,18,52.6,0,47.4],[9,76,38,19,0,19,50,0,50],[10,78,38,18,1,19,47.4,2.6,50],[11,1460,38,18,1,19,47.4,2.6,50],[12,1462,38,18,0,20,47.4,0,52.6]];
var HomeBs = [[1,1366,19,14,0,5,73.7,0,26.3],[2,75,19,12,0,7,63.2,0,36.8],[3,72,19,12,0,7,63.2,0,36.8],[4,81,19,11,0,8,57.9,0,42.1],[5,70,19,10,1,8,52.6,5.3,42.1],[6,71,19,10,0,9,52.6,0,47.4],[7,76,19,10,0,9,52.6,0,47.4],[8,1462,19,10,0,9,52.6,0,47.4],[9,1485,19,9,1,9,47.4,5.3,47.4],[10,78,19,9,0,10,47.4,0,52.6],[11,73,19,9,0,10,47.4,0,52.6],[12,1460,19,8,1,10,42.1,5.3,52.6]];
var GuestBs = [[1,1485,19,13,0,6,68.4,0,31.6],[2,72,19,13,0,6,68.4,0,31.6],[3,73,19,13,0,6,68.4,0,31.6],[4,70,19,11,2,6,57.9,10.5,31.6],[5,75,19,11,0,8,57.9,0,42.1],[6,81,19,10,0,9,52.6,0,47.4],[7,71,19,10,0,9,52.6,0,47.4],[8,1460,19,10,0,9,52.6,0,47.4],[9,78,19,9,1,9,47.4,5.3,47.4],[10,76,19,9,0,10,47.4,0,52.6],[11,1462,19,8,0,11,42.1,0,57.9],[12,1366,19,7,0,12,36.8,0,63.2]];
var TotalBsHalf = [[1,1485,37,20,9,8,54.1,24.3,21.6],[2,70,38,17,2,19,44.7,5.3,50],[3,1366,37,16,13,8,43.2,35.1,21.6],[4,81,38,16,13,9,42.1,34.2,23.7],[5,73,38,16,13,9,42.1,34.2,23.7],[6,71,37,15,10,12,40.5,27,32.4],[7,72,37,14,14,9,37.8,37.8,24.3],[8,78,38,14,12,12,36.8,31.6,31.6],[9,75,36,12,14,10,33.3,38.9,27.8],[10,1460,37,12,14,11,32.4,37.8,29.7],[11,76,38,12,14,12,31.6,36.8,31.6],[12,1462,38,10,12,16,26.3,31.6,42.1]];
var HomeBsHalf = [[1,1366,19,10,6,3,52.6,31.6,15.8],[2,81,19,10,5,4,52.6,26.3,21.1],[3,1485,19,10,4,5,52.6,21.1,26.3],[4,70,19,10,0,9,52.6,0,47.4],[5,76,19,8,8,3,42.1,42.1,15.8],[6,75,19,8,7,4,42.1,36.8,21.1],[7,71,19,7,7,5,36.8,36.8,26.3],[8,72,19,6,9,4,31.6,47.4,21.1],[9,78,19,6,4,9,31.6,21.1,47.4],[10,73,19,5,9,5,26.3,47.4,26.3],[11,1460,19,5,7,7,26.3,36.8,36.8],[12,1462,19,5,4,10,26.3,21.1,52.6]];
var GuestBsHalf = [[1,73,19,11,4,4,57.9,21.1,21.1],[2,1485,18,10,5,3,55.6,27.8,16.7],[3,78,19,8,8,3,42.1,42.1,15.8],[4,72,18,8,5,5,44.4,27.8,27.8],[5,71,18,8,3,7,44.4,16.7,38.9],[6,1460,18,7,7,4,38.9,38.9,22.2],[7,70,19,7,2,10,36.8,10.5,52.6],[8,81,19,6,8,5,31.6,42.1,26.3],[9,1366,18,6,7,5,33.3,38.9,27.8],[10,1462,19,5,8,6,26.3,42.1,31.6],[11,75,17,4,7,6,23.5,41.2,35.3],[12,76,19,4,6,9,21.1,31.6,47.4]];
var addUp = [248,54.4,6,1.3,202,44.3,[65.8,72],[52.6,1462],[73.7,1366],[52.6,78,73,1460],[68.4,1485,72,73],[63.2,1366]];
var addUpHalf = [174,38.8,140,31.2,135,30.1,[54.1,1485],[50,70],[52.6,1366,81,1485,70],[52.6,1462],[57.9,73],[52.6,70]];
var lastUpdateTime = '2025-01-19 16:30:18';
