var arrLeague = [26,'瑞典超级联赛','瑞典超級聯賽','Swedish Allsvenskan','2017','#004488','league_match/images/20200420031221.jpg','瑞典超','瑞典超','SWE D1'];
var arrTeam = [[400,'索尔纳','AIK蘇納','AIK Solna','','images/400/1h8asp945qp.png',0],[406,'松兹瓦尔','辛斯華爾','GIF Sundsvall','','images/406/1h8fzp9tbvz.png',0],[408,'马尔默','馬模','Malmo FF','','images/408/1hptap45j3v.png',0],[410,'哈马比','哈馬比','Hammarby','','images/410/1h6wfe05rw26.png',0],[413,'哥德堡','哥登堡','IFK Goteborg','','images/413/1hg209brnt23.png',0],[417,'埃尔夫斯堡','艾夫斯堡','Elfsborg','','images/417/1h8wtxnzmc2g.png',0],[419,'奥雷布洛','奧雷布洛','Orebro','','images/419/1htbmr8n137.png',0],[421,'尤尔加登','佐加頓斯','Djurgardens','','images/421/1gv1yreqw82.png',0],[424,'哈尔姆斯塔德','咸史泰斯','Halmstads','','images/424/1grmna9rvh24.png',0],[426,'卡尔马','卡馬亞','Kalmar','','images/426/1h6wfe05rcg.png',0],[1518,'赫根','赫根','Hacken','','images/1518/1h53w2zt69f.png',0],[2156,'奥斯特桑斯','奧斯達辛斯','Ostersunds FK','','images/2156/1h8fzp9swx2r.png',0],[2165,'北雪平','諾高平','IFK Norrkoping FK','','images/2165/1ht6ehmpr52t.png',0],[2322,'佐高平斯','索特拿','Jonkopings Sodra IF','','images/2322/1h8fzp9tbp17.png',0],[2782,'天狼星','天狼星','IK Sirius FK','','images/2782/1h8wtxnzmj9.png',0],[21197,'埃斯基尔斯蒂纳','艾斯基斯杜拿','AFC Eskilstuna','','images/21197/1h8wtya6e51w.png',0]];
var TotalPanLu = [[1,400,30,21,5,4,17,1,12,5,56.7,3.3,40],[2,1518,30,20,3,7,17,1,12,5,56.7,3.3,40],[3,406,30,3,4,23,16,3,11,5,53.3,10,36.7],[4,2156,30,18,2,10,16,0,14,2,53.3,0,46.7],[5,419,30,6,5,19,15,3,12,3,50,10,40],[6,408,30,27,3,0,14,4,12,2,46.7,13.3,40],[7,421,30,21,5,4,14,3,13,1,46.7,10,43.3],[8,2322,30,5,5,20,14,3,13,1,46.7,10,43.3],[9,2782,30,12,4,14,14,1,15,-1,46.7,3.3,50],[10,410,30,11,5,14,14,0,16,-2,46.7,0,53.3],[11,424,30,3,3,24,13,3,14,-1,43.3,10,46.7],[12,426,30,6,7,17,13,2,15,-2,43.3,6.7,50],[13,21197,30,2,4,24,12,5,13,-1,40,16.7,43.3],[14,2165,30,17,6,7,12,3,15,-3,40,10,50],[15,413,30,17,6,7,11,2,17,-6,36.7,6.7,56.7],[16,417,30,14,7,9,9,4,17,-8,30,13.3,56.7]];
var HomePanLu = [[1,426,15,6,4,5,8,1,6,2,53.3,6.7,40],[2,419,15,6,2,7,8,1,6,2,53.3,6.7,40],[3,2322,15,5,2,8,8,1,6,2,53.3,6.7,40],[4,2156,15,12,2,1,8,0,7,1,53.3,0,46.7],[5,406,15,3,3,9,7,2,6,1,46.7,13.3,40],[6,1518,15,14,0,1,7,0,8,-1,46.7,0,53.3],[7,410,15,10,3,2,7,0,8,-1,46.7,0,53.3],[8,408,15,15,0,0,6,2,7,-1,40,13.3,46.7],[9,400,15,14,1,0,6,1,8,-2,40,6.7,53.3],[10,2165,15,12,2,1,6,0,9,-3,40,0,60],[11,421,15,14,1,0,6,0,9,-3,40,0,60],[12,21197,15,2,4,9,5,4,6,-1,33.3,26.7,40],[13,417,15,11,3,1,5,3,7,-2,33.3,20,46.7],[14,413,15,11,4,0,4,2,9,-5,26.7,13.3,60],[15,424,15,3,3,9,4,1,10,-6,26.7,6.7,66.7],[16,2782,15,9,3,3,4,1,10,-6,26.7,6.7,66.7]];
var GuestPanLu = [[1,400,15,7,4,4,11,0,4,7,73.3,0,26.7],[2,1518,15,6,3,6,10,1,4,6,66.7,6.7,26.7],[3,2782,15,3,1,11,10,0,5,5,66.7,0,33.3],[4,424,15,0,0,15,9,2,4,5,60,13.3,26.7],[5,406,15,0,1,14,9,1,5,4,60,6.7,33.3],[6,421,15,7,4,4,8,3,4,4,53.3,20,26.7],[7,408,15,12,3,0,8,2,5,3,53.3,13.3,33.3],[8,2156,15,6,0,9,8,0,7,1,53.3,0,46.7],[9,419,15,0,3,12,7,2,6,1,46.7,13.3,40],[10,21197,15,0,0,15,7,1,7,0,46.7,6.7,46.7],[11,413,15,6,2,7,7,0,8,-1,46.7,0,53.3],[12,410,15,1,2,12,7,0,8,-1,46.7,0,53.3],[13,2165,15,5,4,6,6,3,6,0,40,20,40],[14,2322,15,0,3,12,6,2,7,-1,40,13.3,46.7],[15,426,15,0,3,12,5,1,9,-4,33.3,6.7,60],[16,417,15,3,4,8,4,1,10,-6,26.7,6.7,66.7]];
var TotalHalfPanLu = [[1,406,30,2,7,21,17,4,9,8,56.7,13.3,30],[2,424,30,2,6,22,17,2,11,6,56.7,6.7,36.7],[3,1518,30,15,10,5,15,5,10,5,50,16.7,33.3],[4,400,30,18,10,2,15,4,11,4,50,13.3,36.7],[5,21197,30,1,6,23,15,3,12,3,50,10,40],[6,421,30,18,9,3,14,3,13,1,46.7,10,43.3],[7,419,30,4,13,13,13,6,11,2,43.3,20,36.7],[8,2322,30,2,11,17,13,6,11,2,43.3,20,36.7],[9,426,30,5,12,13,13,5,12,1,43.3,16.7,40],[10,410,30,8,10,12,13,5,12,1,43.3,16.7,40],[11,2165,30,16,9,5,13,3,14,-1,43.3,10,46.7],[12,2156,30,16,9,5,13,2,15,-2,43.3,6.7,50],[13,417,30,11,12,7,10,7,13,-3,33.3,23.3,43.3],[14,408,30,25,5,0,10,3,17,-7,33.3,10,56.7],[15,413,30,15,10,5,8,7,15,-7,26.7,23.3,50],[16,2782,30,6,13,11,7,3,20,-13,23.3,10,66.7]];
var HomeHalfPanLu = [[1,419,15,4,7,4,9,1,5,4,60,6.7,33.3],[2,1518,15,12,2,1,8,0,7,1,53.3,0,46.7],[3,426,15,5,7,3,7,5,3,4,46.7,33.3,20],[4,417,15,8,6,1,7,3,5,2,46.7,20,33.3],[5,406,15,2,5,8,7,3,5,2,46.7,20,33.3],[6,2165,15,12,3,0,7,1,7,0,46.7,6.7,46.7],[7,2322,15,2,8,5,6,5,4,2,40,33.3,26.7],[8,21197,15,1,6,8,6,3,6,0,40,20,40],[9,400,15,13,2,0,6,1,8,-2,40,6.7,53.3],[10,424,15,2,5,8,6,1,8,-2,40,6.7,53.3],[11,2156,15,12,3,0,6,0,9,-3,40,0,60],[12,421,15,12,3,0,5,1,9,-4,33.3,6.7,60],[13,408,15,15,0,0,5,0,10,-5,33.3,0,66.7],[14,410,15,7,7,1,4,5,6,-2,26.7,33.3,40],[15,413,15,10,5,0,3,3,9,-6,20,20,60],[16,2782,15,6,7,2,2,2,11,-9,13.3,13.3,73.3]];
var GuestHalfPanLu = [[1,424,15,0,1,14,11,1,3,8,73.3,6.7,20],[2,406,15,0,2,13,10,1,4,6,66.7,6.7,26.7],[3,400,15,5,8,2,9,3,3,6,60,20,20],[4,421,15,6,6,3,9,2,4,5,60,13.3,26.7],[5,410,15,1,3,11,9,0,6,3,60,0,40],[6,21197,15,0,0,15,9,0,6,3,60,0,40],[7,1518,15,3,8,4,7,5,3,4,46.7,33.3,20],[8,2156,15,4,6,5,7,2,6,1,46.7,13.3,40],[9,2322,15,0,3,12,7,1,7,0,46.7,6.7,46.7],[10,2165,15,4,6,5,6,2,7,-1,40,13.3,46.7],[11,426,15,0,5,10,6,0,9,-3,40,0,60],[12,413,15,5,5,5,5,4,6,-1,33.3,26.7,40],[13,408,15,10,5,0,5,3,7,-2,33.3,20,46.7],[14,2782,15,0,6,9,5,1,9,-4,33.3,6.7,60],[15,419,15,0,6,9,4,5,6,-2,26.7,33.3,40],[16,417,15,3,6,6,3,4,8,-5,20,26.7,53.3]];
var addUp = [99,41.2,19,7.9,122,50.8,[56.7,400,1518],[56.7,413,417],[53.3,426,419,2322,2156],[66.7,424,2782],[73.3,400],[66.7,417],[16.7,21197],[0,2156,410]];
var addUpHalf = [94,39.2,34,14.2,112,46.7,[56.7,406,424],[66.7,2782],[60,419],[73.3,2782],[73.3,424],[60,426,2782],[23.3,417,413],[6.7,424,2156]];
var lastUpdateTime = '2026-04-07 16:23:03';
