var arrLeague = [26,'瑞典超级联赛','瑞典超級聯賽','Swedish Allsvenskan','2017','#004488','league_match/images/20200420031221.jpg','瑞典超','瑞典超','SWE D1'];
var arrTeam = [[400,'索尔纳','AIK蘇納','AIK Solna','','images/400/1h8asp945qp.png',0],[406,'松兹瓦尔','辛斯華爾','GIF Sundsvall','','images/406/1h8fzp9tbvz.png',0],[408,'马尔默','馬模','Malmo FF','','images/408/1hptap45j3v.png',0],[410,'哈马比','哈馬比','Hammarby','','images/410/1h6wfe05rw26.png',0],[413,'哥德堡','哥登堡','IFK Goteborg','','images/413/1hg209brnt23.png',0],[417,'埃尔夫斯堡','艾夫斯堡','Elfsborg','','images/417/1h8wtxnzmc2g.png',0],[419,'奥雷布洛','奧雷布洛','Orebro','','images/419/1htbmr8n137.png',0],[421,'尤尔加登','佐加頓斯','Djurgardens','','images/421/1gv1yreqw82.png',0],[424,'哈尔姆斯塔德','咸史泰斯','Halmstads','','images/424/1grmna9rvh24.png',0],[426,'卡尔马','卡馬亞','Kalmar','','images/426/1h6wfe05rcg.png',0],[1518,'赫根','赫根','Hacken','','images/1518/1h53w2zt69f.png',0],[2156,'奥斯特桑斯','奧斯達辛斯','Ostersunds FK','','images/2156/1h8fzp9swx2r.png',0],[2165,'北雪平','諾高平','IFK Norrkoping FK','','images/2165/1ht6ehmpr52t.png',0],[2322,'佐高平斯','索特拿','Jonkopings Sodra IF','','images/2322/1h8fzp9tbp17.png',0],[2782,'天狼星','天狼星','IK Sirius FK','','images/2782/1h8wtxnzmj9.png',0],[21197,'埃斯基尔斯蒂纳','艾斯基斯杜拿','AFC Eskilstuna','','images/21197/1h8wtya6e51w.png',0]];
var TotalBs = [[1,2782,30,18,0,12,60,0,40],[2,417,30,17,6,7,56.7,20,23.3],[3,419,30,17,4,9,56.7,13.3,30],[4,410,30,16,2,12,53.3,6.7,40],[5,2156,30,16,2,12,53.3,6.7,40],[6,408,30,15,4,11,50,13.3,36.7],[7,21197,30,15,3,12,50,10,40],[8,406,30,15,2,13,50,6.7,43.3],[9,2165,30,15,1,14,50,3.3,46.7],[10,2322,30,15,0,15,50,0,50],[11,421,30,14,2,14,46.7,6.7,46.7],[12,424,30,14,1,15,46.7,3.3,50],[13,413,30,14,0,16,46.7,0,53.3],[14,426,30,13,0,17,43.3,0,56.7],[15,1518,30,12,2,16,40,6.7,53.3],[16,400,30,12,1,17,40,3.3,56.7]];
var HomeBs = [[1,419,15,10,1,4,66.7,6.7,26.7],[2,21197,15,10,0,5,66.7,0,33.3],[3,410,15,9,1,5,60,6.7,33.3],[4,406,15,9,0,6,60,0,40],[5,408,15,8,3,4,53.3,20,26.7],[6,424,15,8,0,7,53.3,0,46.7],[7,2322,15,8,0,7,53.3,0,46.7],[8,2782,15,8,0,7,53.3,0,46.7],[9,2156,15,7,2,6,46.7,13.3,40],[10,1518,15,7,1,7,46.7,6.7,46.7],[11,413,15,7,0,8,46.7,0,53.3],[12,417,15,6,5,4,40,33.3,26.7],[13,421,15,6,2,7,40,13.3,46.7],[14,2165,15,6,0,9,40,0,60],[15,400,15,5,0,10,33.3,0,66.7],[16,426,15,5,0,10,33.3,0,66.7]];
var GuestBs = [[1,417,15,11,1,3,73.3,6.7,20],[2,2782,15,10,0,5,66.7,0,33.3],[3,2165,15,9,1,5,60,6.7,33.3],[4,2156,15,9,0,6,60,0,40],[5,421,15,8,0,7,53.3,0,46.7],[6,426,15,8,0,7,53.3,0,46.7],[7,419,15,7,3,5,46.7,20,33.3],[8,408,15,7,1,7,46.7,6.7,46.7],[9,410,15,7,1,7,46.7,6.7,46.7],[10,400,15,7,1,7,46.7,6.7,46.7],[11,2322,15,7,0,8,46.7,0,53.3],[12,413,15,7,0,8,46.7,0,53.3],[13,406,15,6,2,7,40,13.3,46.7],[14,424,15,6,1,8,40,6.7,53.3],[15,21197,15,5,3,7,33.3,20,46.7],[16,1518,15,5,1,9,33.3,6.7,60]];
var TotalBsHalf = [[1,417,30,16,0,14,53.3,0,46.7],[2,413,30,13,4,13,43.3,13.3,43.3],[3,400,30,12,7,11,40,23.3,36.7],[4,2782,30,12,6,12,40,20,40],[5,410,30,12,5,13,40,16.7,43.3],[6,421,30,12,4,14,40,13.3,46.7],[7,2165,30,12,4,14,40,13.3,46.7],[8,419,30,12,3,15,40,10,50],[9,406,30,11,3,16,36.7,10,53.3],[10,424,30,10,8,12,33.3,26.7,40],[11,1518,30,10,6,14,33.3,20,46.7],[12,2156,30,10,5,15,33.3,16.7,50],[13,21197,32,10,5,17,31.2,15.6,53.1],[14,408,30,9,3,18,30,10,60],[15,2322,30,8,10,12,26.7,33.3,40],[16,426,30,8,9,13,26.7,30,43.3]];
var HomeBsHalf = [[1,413,15,8,3,4,53.3,20,26.7],[2,2782,15,7,1,7,46.7,6.7,46.7],[3,1518,15,6,4,5,40,26.7,33.3],[4,419,15,6,3,6,40,20,40],[5,421,15,6,2,7,40,13.3,46.7],[6,410,15,6,2,7,40,13.3,46.7],[7,2322,15,5,6,4,33.3,40,26.7],[8,424,15,5,6,4,33.3,40,26.7],[9,400,15,5,3,7,33.3,20,46.7],[10,426,15,5,3,7,33.3,20,46.7],[11,21197,15,5,3,7,33.3,20,46.7],[12,406,15,5,2,8,33.3,13.3,53.3],[13,2165,15,5,0,10,33.3,0,66.7],[14,417,15,5,0,10,33.3,0,66.7],[15,408,15,5,0,10,33.3,0,66.7],[16,2156,15,4,3,8,26.7,20,53.3],[17,21197,1,0,0,1,0,0,100]];
var GuestBsHalf = [[1,417,15,11,0,4,73.3,0,26.7],[2,400,15,7,4,4,46.7,26.7,26.7],[3,2165,15,7,4,4,46.7,26.7,26.7],[4,410,15,6,3,6,40,20,40],[5,2156,15,6,2,7,40,13.3,46.7],[6,421,15,6,2,7,40,13.3,46.7],[7,406,15,6,1,8,40,6.7,53.3],[8,419,15,6,0,9,40,0,60],[9,2782,15,5,5,5,33.3,33.3,33.3],[10,424,15,5,2,8,33.3,13.3,53.3],[11,413,15,5,1,9,33.3,6.7,60],[12,408,15,4,3,8,26.7,20,53.3],[13,1518,15,4,2,9,26.7,13.3,60],[14,21197,15,4,2,9,26.7,13.3,60],[15,426,15,3,6,6,20,40,40],[16,2322,15,3,4,8,20,26.7,53.3],[17,21197,1,1,0,0,100,0,0]];
var addUp = [238,49.6,30,6.2,212,44.2,[60,2782],[56.7,426,400],[66.7,419,21197],[66.7,400,426],[73.3,417],[60,1518]];
var addUpHalf = [177,36.7,82,17,223,46.3,[53.3,417],[60,408],[53.3,413],[100,21197],[100,21197],[60,419,413,1518,21197]];
var lastUpdateTime = '2026-04-07 16:23:22';
