var arrLeague = [4,'巴西甲组联赛','巴西甲組聯賽','Brazil Serie A','2021','#996600','league_match/images/20210621103014.png','巴西甲','巴西甲','BRA D1'];
var arrTeam = [[337,'桑托斯','山度士','Santos','','images/337/1gv1yhgq3n2e.png',0],[343,'米内罗竞技','明尼路','Atletico Mineiro','','images/343/1j9d3cawpn18.png',0],[347,'巴拉纳竞技','巴拉納體育會','Atletico Paranaense','','images/347/1gxhxt30w91z.png',0],[349,'科林蒂安','哥連泰斯','Corinthians Paulista (SP)','','images/349/1j9d3cawpe2k.png',0],[356,'弗拉门戈','法林明高','Flamengo','','images/356/1j9d3cawp41r.png',0],[364,'格雷米奥','甘美奧','Gremio (RS)','','images/364/1gq1fbpxrd5.png',0],[369,'巴西国际','國際體育會','Internacional RS','','images/369/1hxg39ttg32m.png',0],[371,'尤文图德','尤文都德','Juventude','','images/371/1hwrwf8axx1r.png',0],[453,'圣保罗','聖保羅','Sao Paulo','','images/453/1hxqrprbs1c.png',0],[465,'帕尔梅拉斯','彭美拉斯','Palmeiras','','images/465/1gxsf3fvqe1p.png',0],[469,'弗鲁米嫩塞','富明尼斯','Fluminense RJ','','images/469/1hxqrprbsp13.png',0],[1973,'库亚巴','古亞巴','Cuiaba','','images/1973/1hr8pdq1wj26.png',0],[1979,'巴伊亚','巴希亞','Bahia','','images/1979/1grdmmb9f68.png',0],[2001,'福塔雷萨','科泰尼沙','Fortaleza','','images/2001/1gqxnqd00y2y.png',0],[2108,'塞阿拉','施亞拉','Ceara','','images/2108/1grmn77tvad.png',0],[3820,'布拉干蒂诺RB','巴拉干天奴','Bragantino','','images/3820/1gwnk9p3w710.png',0],[4176,'累西腓体育','利斯菲體育會','Sport Club do Recife','','images/4176/1gxsf3fv7a21.png',0],[5156,'戈亚尼亚竞技','戈亞尼恩斯','Atletico Clube Goianiense','','images/5156/1gtqpsvqgb1h.png',0],[7344,'沙佩科恩斯','查比高恩斯','Chapecoense SC','','images/7344/1grwgc3gyj2p.png',0],[13219,'米内罗美洲','阿美利加明尼路','America MG','','images/13219/1gxsf3fvqxt.png',0]];
var TotalBs = [[1,465,38,21,1,16,55.3,2.6,42.1],[2,356,38,21,0,17,55.3,0,44.7],[3,343,38,20,2,16,52.6,5.3,42.1],[4,3820,38,19,0,19,50,0,50],[5,7344,38,18,4,16,47.4,10.5,42.1],[6,347,38,18,3,17,47.4,7.9,44.7],[7,1979,38,17,6,15,44.7,15.8,39.5],[8,2001,38,17,5,16,44.7,13.2,42.1],[9,364,38,17,1,20,44.7,2.6,52.6],[10,2108,38,15,4,19,39.5,10.5,50],[11,369,38,15,2,21,39.5,5.3,55.3],[12,371,38,13,10,15,34.2,26.3,39.5],[13,349,38,13,6,19,34.2,15.8,50],[14,1973,38,13,2,23,34.2,5.3,60.5],[15,469,38,12,8,18,31.6,21.1,47.4],[16,5156,38,12,8,18,31.6,21.1,47.4],[17,337,38,11,5,22,28.9,13.2,57.9],[18,4176,38,11,1,26,28.9,2.6,68.4],[19,453,38,10,6,22,26.3,15.8,57.9],[20,13219,38,9,10,19,23.7,26.3,50]];
var HomeBs = [[1,343,19,12,0,7,63.2,0,36.8],[2,465,19,11,1,7,57.9,5.3,36.8],[3,347,19,10,1,8,52.6,5.3,42.1],[4,364,19,10,0,9,52.6,0,47.4],[5,1979,19,9,2,8,47.4,10.5,42.1],[6,356,19,9,0,10,47.4,0,52.6],[7,3820,19,9,0,10,47.4,0,52.6],[8,369,19,9,0,10,47.4,0,52.6],[9,349,19,8,4,7,42.1,21.1,36.8],[10,2001,19,8,3,8,42.1,15.8,42.1],[11,7344,19,8,3,8,42.1,15.8,42.1],[12,2108,19,8,0,11,42.1,0,57.9],[13,1973,19,7,2,10,36.8,10.5,52.6],[14,469,19,6,6,7,31.6,31.6,36.8],[15,371,19,6,5,8,31.6,26.3,42.1],[16,453,19,6,2,11,31.6,10.5,57.9],[17,13219,19,4,5,10,21.1,26.3,52.6],[18,337,19,4,1,14,21.1,5.3,73.7],[19,4176,19,4,0,15,21.1,0,78.9],[20,5156,19,3,7,9,15.8,36.8,47.4]];
var GuestBs = [[1,356,19,12,0,7,63.2,0,36.8],[2,7344,19,10,1,8,52.6,5.3,42.1],[3,3820,19,10,0,9,52.6,0,47.4],[4,465,19,10,0,9,52.6,0,47.4],[5,2001,19,9,2,8,47.4,10.5,42.1],[6,5156,19,9,1,9,47.4,5.3,47.4],[7,1979,19,8,4,7,42.1,21.1,36.8],[8,343,19,8,2,9,42.1,10.5,47.4],[9,347,19,8,2,9,42.1,10.5,47.4],[10,371,19,7,5,7,36.8,26.3,36.8],[11,337,19,7,4,8,36.8,21.1,42.1],[12,2108,19,7,4,8,36.8,21.1,42.1],[13,364,19,7,1,11,36.8,5.3,57.9],[14,4176,19,7,1,11,36.8,5.3,57.9],[15,469,19,6,2,11,31.6,10.5,57.9],[16,369,19,6,2,11,31.6,10.5,57.9],[17,1973,19,6,0,13,31.6,0,68.4],[18,13219,19,5,5,9,26.3,26.3,47.4],[19,349,19,5,2,12,26.3,10.5,63.2],[20,453,19,4,4,11,21.1,21.1,57.9]];
var TotalBsHalf = [[1,465,38,24,6,8,63.2,15.8,21.1],[2,369,38,22,5,11,57.9,13.2,28.9],[3,364,38,22,4,12,57.9,10.5,31.6],[4,2001,38,21,2,15,55.3,5.3,39.5],[5,347,38,20,2,16,52.6,5.3,42.1],[6,13219,38,20,2,16,52.6,5.3,42.1],[7,2108,38,19,4,15,50,10.5,39.5],[8,469,38,19,2,17,50,5.3,44.7],[9,453,38,19,2,17,50,5.3,44.7],[10,3820,38,18,8,12,47.4,21.1,31.6],[11,7344,38,18,6,14,47.4,15.8,36.8],[12,349,38,18,4,16,47.4,10.5,42.1],[13,371,38,17,3,18,44.7,7.9,47.4],[14,1979,38,17,2,19,44.7,5.3,50],[15,343,38,16,8,14,42.1,21.1,36.8],[16,1973,38,16,7,15,42.1,18.4,39.5],[17,337,38,16,4,18,42.1,10.5,47.4],[18,5156,38,14,2,22,36.8,5.3,57.9],[19,356,38,12,12,14,31.6,31.6,36.8],[20,4176,38,12,5,21,31.6,13.2,55.3]];
var HomeBsHalf = [[1,465,19,12,5,2,63.2,26.3,10.5],[2,369,19,12,4,3,63.2,21.1,15.8],[3,349,19,12,1,6,63.2,5.3,31.6],[4,347,19,11,1,7,57.9,5.3,36.8],[5,2001,19,11,0,8,57.9,0,42.1],[6,364,19,11,0,8,57.9,0,42.1],[7,1973,19,10,3,6,52.6,15.8,31.6],[8,7344,19,10,2,7,52.6,10.5,36.8],[9,2108,19,9,2,8,47.4,10.5,42.1],[10,337,19,9,2,8,47.4,10.5,42.1],[11,453,19,9,2,8,47.4,10.5,42.1],[12,1979,19,9,0,10,47.4,0,52.6],[13,343,19,8,3,8,42.1,15.8,42.1],[14,4176,19,8,3,8,42.1,15.8,42.1],[15,469,19,8,2,9,42.1,10.5,47.4],[16,371,19,8,2,9,42.1,10.5,47.4],[17,13219,19,8,1,10,42.1,5.3,52.6],[18,3820,19,5,6,8,26.3,31.6,42.1],[19,356,19,5,6,8,26.3,31.6,42.1],[20,5156,19,5,0,14,26.3,0,73.7]];
var GuestBsHalf = [[1,3820,19,13,2,4,68.4,10.5,21.1],[2,465,19,12,1,6,63.2,5.3,31.6],[3,13219,19,12,1,6,63.2,5.3,31.6],[4,364,19,11,4,4,57.9,21.1,21.1],[5,469,19,11,0,8,57.9,0,42.1],[6,2001,19,10,2,7,52.6,10.5,36.8],[7,2108,19,10,2,7,52.6,10.5,36.8],[8,369,19,10,1,8,52.6,5.3,42.1],[9,453,19,10,0,9,52.6,0,47.4],[10,5156,19,9,2,8,47.4,10.5,42.1],[11,347,19,9,1,9,47.4,5.3,47.4],[12,371,19,9,1,9,47.4,5.3,47.4],[13,343,19,8,5,6,42.1,26.3,31.6],[14,7344,19,8,4,7,42.1,21.1,36.8],[15,1979,19,8,2,9,42.1,10.5,47.4],[16,356,19,7,6,6,36.8,31.6,31.6],[17,337,19,7,2,10,36.8,10.5,52.6],[18,1973,19,6,4,9,31.6,21.1,47.4],[19,349,19,6,3,10,31.6,15.8,52.6],[20,4176,19,4,2,13,21.1,10.5,68.4]];
var addUp = [302,39.7,84,11.1,374,49.2,[55.3,465,356],[68.4,4176],[63.2,343],[78.9,4176],[63.2,356],[68.4,1973]];
var addUpHalf = [360,47.4,90,11.8,310,40.8,[63.2,465],[57.9,5156],[63.2,465,369,349],[73.7,5156],[68.4,3820],[68.4,4176]];
var lastUpdateTime = '2025-01-18 16:23:27';
