var arrLeague = [16,'荷兰甲组联赛','荷蘭甲組聯賽','Holland Eredivisie','2014-2015','#FF6699','league_match/images/20210531104733.png','荷甲','荷甲','HOL D1'];
var arrTeam = [[225,'威廉二世','威廉二世','Willem II','','images/225/1gq6hnbe3q23.png',0],[232,'布雷达','比達','NAC Breda','','images/232/1grmmyzcmyj.png',0],[234,'阿尔克马尔','艾克馬亞','AZ Alkmaar','','images/165095691021.png',0],[235,'海伦芬','海倫維恩','SC Heerenveen','','images/165095697544.png',0],[236,'格罗宁根','高寧根','Groningen','','images/16509569590.png',0],[237,'乌德勒支','烏德勒支','FC Utrecht','','images/165095716992.png',0],[246,'维迪斯','維迪斯','Vitesse Arnhem','','images/165095712094.png',0],[250,'特温特','川迪','FC Twente Enschede','','images/165095707230.png',0],[252,'费耶诺德','飛燕諾','Feyenoord','','images/165095692730.png',0],[253,'阿贾克斯','阿積士','AFC Ajax','','images/253/1gtg0nv66q2p.png',0],[254,'埃因霍温','PSV燕豪芬','PSV Eindhoven','','images/254/1gtg0nv5pw24.png',0],[256,'海牙','海牙','ADO Den Haag','','images/256/1gtg0nv6662e.png',0],[270,'SBV精英','SBV精英隊','Excelsior SBV','','images/270/1h5bja71et21.png',0],[278,'赫拉克莱斯','荷華高斯','Heracles Almelo','','images/165095718777.png',0],[280,'前进之鹰','伊高斯','Go Ahead Eagles','','images/16509570569.png',0],[287,'多德勒支','多德勒支','Dordrecht','','images/287/1hy78m77g92v.png',0],[288,'坎布尔','甘堡爾','SC Cambuur','','images/165095700772.png',0],[414,'兹沃勒','施禾尼','PEC Zwolle','','images/16509571534.png',0]];
var TotalBs = [[1,237,34,20,2,12,58.8,5.9,35.3],[2,234,34,20,1,13,58.8,2.9,38.2],[3,288,34,19,3,12,55.9,8.8,35.3],[4,235,38,19,2,17,50,5.3,44.7],[5,246,38,18,3,17,47.4,7.9,44.7],[6,254,34,17,4,13,50,11.8,38.2],[7,270,34,17,2,15,50,5.9,44.1],[8,250,34,16,6,12,47.1,17.6,35.3],[9,278,34,16,3,15,47.1,8.8,44.1],[10,414,36,16,4,16,44.4,11.1,44.4],[11,256,34,16,0,18,47.1,0,52.9],[12,225,34,15,3,16,44.1,8.8,47.1],[13,232,34,15,1,18,44.1,2.9,52.9],[14,236,34,14,1,19,41.2,2.9,55.9],[15,253,34,14,1,19,41.2,2.9,55.9],[16,287,34,13,5,16,38.2,14.7,47.1],[17,280,34,13,3,18,38.2,8.8,52.9],[18,252,36,12,6,18,33.3,16.7,50]];
var HomeBs = [[1,270,17,11,1,5,64.7,5.9,29.4],[2,235,19,11,1,7,57.9,5.3,36.8],[3,237,17,10,1,6,58.8,5.9,35.3],[4,234,17,10,0,7,58.8,0,41.2],[5,246,19,10,0,9,52.6,0,47.4],[6,253,17,9,0,8,52.9,0,47.1],[7,256,17,9,0,8,52.9,0,47.1],[8,414,18,8,3,7,44.4,16.7,38.9],[9,225,17,8,2,7,47.1,11.8,41.2],[10,287,17,8,2,7,47.1,11.8,41.2],[11,254,17,8,1,8,47.1,5.9,47.1],[12,288,17,7,2,8,41.2,11.8,47.1],[13,278,17,7,1,9,41.2,5.9,52.9],[14,232,17,7,0,10,41.2,0,58.8],[15,250,17,6,4,7,35.3,23.5,41.2],[16,280,17,6,2,9,35.3,11.8,52.9],[17,252,18,5,5,8,27.8,27.8,44.4],[18,236,17,5,0,12,29.4,0,70.6]];
var GuestBs = [[1,288,17,12,1,4,70.6,5.9,23.5],[2,250,17,10,2,5,58.8,11.8,29.4],[3,234,17,10,1,6,58.8,5.9,35.3],[4,237,17,10,1,6,58.8,5.9,35.3],[5,254,17,9,3,5,52.9,17.6,29.4],[6,278,17,9,2,6,52.9,11.8,35.3],[7,236,17,9,1,7,52.9,5.9,41.2],[8,232,17,8,1,8,47.1,5.9,47.1],[9,246,19,8,3,8,42.1,15.8,42.1],[10,414,18,8,1,9,44.4,5.6,50],[11,235,19,8,1,10,42.1,5.3,52.6],[12,225,17,7,1,9,41.2,5.9,52.9],[13,280,17,7,1,9,41.2,5.9,52.9],[14,252,18,7,1,10,38.9,5.6,55.6],[15,256,17,7,0,10,41.2,0,58.8],[16,270,17,6,1,10,35.3,5.9,58.8],[17,287,17,5,3,9,29.4,17.6,52.9],[18,253,17,5,1,11,29.4,5.9,64.7]];
var TotalBsHalf = [[1,254,33,18,0,15,54.5,0,45.5],[2,246,38,17,0,21,44.7,0,55.3],[3,234,33,16,2,15,48.5,6.1,45.5],[4,250,33,16,1,16,48.5,3,48.5],[5,278,34,16,1,17,47.1,2.9,50],[6,270,34,15,3,16,44.1,8.8,47.1],[7,225,33,14,2,17,42.4,6.1,51.5],[8,237,33,14,1,18,42.4,3,54.5],[9,252,36,14,0,22,38.9,0,61.1],[10,235,37,13,1,23,35.1,2.7,62.2],[11,232,34,12,2,20,35.3,5.9,58.8],[12,414,35,11,4,20,31.4,11.4,57.1],[13,236,33,11,0,22,33.3,0,66.7],[14,287,34,11,0,23,32.4,0,67.6],[15,288,34,10,4,20,29.4,11.8,58.8],[16,280,33,10,2,21,30.3,6.1,63.6],[17,256,34,9,6,19,26.5,17.6,55.9],[18,253,33,8,1,24,24.2,3,72.7]];
var HomeBsHalf = [[1,254,17,10,0,7,58.8,0,41.2],[2,246,19,10,0,9,52.6,0,47.4],[3,225,17,8,1,8,47.1,5.9,47.1],[4,236,17,8,0,9,47.1,0,52.9],[5,235,19,8,0,11,42.1,0,57.9],[6,270,17,7,3,7,41.2,17.6,41.2],[7,237,17,7,1,9,41.2,5.9,52.9],[8,287,17,7,0,10,41.2,0,58.8],[9,252,18,7,0,11,38.9,0,61.1],[10,256,17,6,3,8,35.3,17.6,47.1],[11,232,17,6,1,10,35.3,5.9,58.8],[12,250,17,6,0,11,35.3,0,64.7],[13,414,18,6,0,12,33.3,0,66.7],[14,280,17,5,2,10,29.4,11.8,58.8],[15,234,17,5,1,11,29.4,5.9,64.7],[16,278,17,5,0,12,29.4,0,70.6],[17,253,17,5,0,12,29.4,0,70.6],[18,288,17,4,3,10,23.5,17.6,58.8]];
var GuestBsHalf = [[1,234,16,11,1,4,68.8,6.2,25],[2,278,17,11,1,5,64.7,5.9,29.4],[3,250,16,10,1,5,62.5,6.2,31.2],[4,254,16,8,0,8,50,0,50],[5,270,17,8,0,9,47.1,0,52.9],[6,237,16,7,0,9,43.8,0,56.2],[7,252,18,7,0,11,38.9,0,61.1],[8,246,19,7,0,12,36.8,0,63.2],[9,225,16,6,1,9,37.5,6.2,56.2],[10,288,17,6,1,10,35.3,5.9,58.8],[11,232,17,6,1,10,35.3,5.9,58.8],[12,414,17,5,4,8,29.4,23.5,47.1],[13,280,16,5,0,11,31.2,0,68.8],[14,235,18,5,1,12,27.8,5.6,66.7],[15,287,17,4,0,13,23.5,0,76.5],[16,256,17,3,3,11,17.6,17.6,64.7],[17,253,16,3,1,12,18.8,6.2,75],[18,236,16,3,0,13,18.8,0,81.2]];
var addUp = [290,46.5,50,8,284,45.5,[58.8,237,234],[55.9,236,253],[64.7,270],[70.6,236],[70.6,288],[64.7,253]];
var addUpHalf = [235,38.3,30,4.9,349,56.8,[54.5,254],[72.7,253],[58.8,254],[70.6,278,253],[68.8,234],[81.2,236]];
var lastUpdateTime = '2025-01-20 09:02:31';
