var arrLeague = [26,'瑞典超级联赛','瑞典超級聯賽','Swedish Allsvenskan','2019','#004488','league_match/images/20200420031221.jpg','瑞典超','瑞典超','SWE D1'];
var arrTeam = [[400,'索尔纳','AIK蘇納','AIK Solna','','images/400/1h8asp945qp.png',0],[404,'赫尔辛堡','希爾星堡','Helsingborg','','images/404/1h4yn3a5rr27.png',0],[406,'松兹瓦尔','辛斯華爾','GIF Sundsvall','','images/406/1h8fzp9tbvz.png',0],[408,'马尔默','馬模','Malmo FF','','images/408/1hptap45j3v.png',0],[410,'哈马比','哈馬比','Hammarby','','images/410/1h6wfe05rw26.png',0],[413,'哥德堡','哥登堡','IFK Goteborg','','images/413/1hg209brnt23.png',0],[417,'埃尔夫斯堡','艾夫斯堡','Elfsborg','','images/417/1h8wtxnzmc2g.png',0],[419,'奥雷布洛','奧雷布洛','Orebro','','images/419/1htbmr8n137.png',0],[421,'尤尔加登','佐加頓斯','Djurgardens','','images/421/1gv1yreqw82.png',0],[426,'卡尔马','卡馬亞','Kalmar','','images/426/1h6wfe05rcg.png',0],[1518,'赫根','赫根','Hacken','','images/1518/1h53w2zt69f.png',0],[1527,'法尔肯堡','科根堡','Falkenberg','','images/1527/1h8fzp9tb626.png',0],[2156,'奥斯特桑斯','奧斯達辛斯','Ostersunds FK','','images/2156/1h8fzp9swx2r.png',0],[2165,'北雪平','諾高平','IFK Norrkoping FK','','images/2165/1ht6ehmpr52t.png',0],[2782,'天狼星','天狼星','IK Sirius FK','','images/2782/1h8wtxnzmj9.png',0],[21197,'埃斯基尔斯蒂纳','艾斯基斯杜拿','AFC Eskilstuna','','images/21197/1h8wtya6e51w.png',0]];
var TotalPanLu = [[1,410,30,20,6,4,19,2,9,10,63.3,6.7,30],[2,2165,30,19,3,8,19,2,9,10,63.3,6.7,30],[3,421,30,26,1,3,18,1,11,7,60,3.3,36.7],[4,400,30,24,3,3,16,3,11,5,53.3,10,36.7],[5,417,30,11,4,15,15,3,12,3,50,10,40],[6,1527,30,3,1,26,15,2,13,2,50,6.7,43.3],[7,408,30,26,3,1,14,2,14,0,46.7,6.7,46.7],[8,413,30,14,6,10,13,6,11,2,43.3,20,36.7],[9,1518,30,22,3,5,13,3,14,-1,43.3,10,46.7],[10,419,30,8,1,21,13,1,16,-3,43.3,3.3,53.3],[11,406,30,6,3,21,11,4,15,-4,36.7,13.3,50],[12,2782,30,6,3,21,11,3,16,-5,36.7,10,53.3],[13,21197,30,2,2,26,11,3,16,-5,36.7,10,53.3],[14,404,30,9,3,18,11,1,18,-7,36.7,3.3,60],[15,2156,30,8,4,18,10,5,15,-5,33.3,16.7,50],[16,426,30,12,2,16,10,1,19,-9,33.3,3.3,63.3]];
var HomePanLu = [[1,410,15,13,1,1,13,0,2,11,86.7,0,13.3],[2,2165,15,11,2,2,10,1,4,6,66.7,6.7,26.7],[3,1527,15,3,1,11,9,1,5,4,60,6.7,33.3],[4,421,15,14,1,0,9,0,6,3,60,0,40],[5,417,15,8,3,4,8,3,4,4,53.3,20,26.7],[6,400,15,14,1,0,8,2,5,3,53.3,13.3,33.3],[7,408,15,15,0,0,8,0,7,1,53.3,0,46.7],[8,21197,15,2,2,11,7,1,7,0,46.7,6.7,46.7],[9,404,15,8,2,5,7,0,8,-1,46.7,0,53.3],[10,413,15,10,2,3,6,5,4,2,40,33.3,26.7],[11,2156,15,7,2,6,6,3,6,0,40,20,40],[12,1518,15,13,2,0,6,2,7,-1,40,13.3,46.7],[13,406,15,6,2,7,5,1,9,-4,33.3,6.7,60],[14,419,15,7,1,7,5,1,9,-4,33.3,6.7,60],[15,2782,15,5,2,8,5,1,9,-4,33.3,6.7,60],[16,426,15,9,0,6,4,0,11,-7,26.7,0,73.3]];
var GuestPanLu = [[1,2165,15,8,1,6,9,1,5,4,60,6.7,33.3],[2,421,15,12,0,3,9,1,5,4,60,6.7,33.3],[3,400,15,10,2,3,8,1,6,2,53.3,6.7,40],[4,419,15,1,0,14,8,0,7,1,53.3,0,46.7],[5,413,15,4,4,7,7,1,7,0,46.7,6.7,46.7],[6,1518,15,9,1,5,7,1,7,0,46.7,6.7,46.7],[7,417,15,3,1,11,7,0,8,-1,46.7,0,53.3],[8,406,15,0,1,14,6,3,6,0,40,20,40],[9,408,15,11,3,1,6,2,7,-1,40,13.3,46.7],[10,410,15,7,5,3,6,2,7,-1,40,13.3,46.7],[11,2782,15,1,1,13,6,2,7,-1,40,13.3,46.7],[12,1527,15,0,0,15,6,1,8,-2,40,6.7,53.3],[13,426,15,3,2,10,6,1,8,-2,40,6.7,53.3],[14,2156,15,1,2,12,4,2,9,-5,26.7,13.3,60],[15,21197,15,0,0,15,4,2,9,-5,26.7,13.3,60],[16,404,15,1,1,13,4,1,10,-6,26.7,6.7,66.7]];
var TotalHalfPanLu = [[1,410,30,19,8,3,18,4,8,10,60,13.3,26.7],[2,2165,30,16,9,5,17,7,6,11,56.7,23.3,20],[3,2782,30,0,11,19,17,4,9,8,56.7,13.3,30],[4,413,30,9,11,10,17,4,9,8,56.7,13.3,30],[5,417,30,8,11,11,13,7,10,3,43.3,23.3,33.3],[6,421,30,19,9,2,13,5,12,1,43.3,16.7,40],[7,21197,30,1,8,21,13,4,13,0,43.3,13.3,43.3],[8,419,30,5,8,17,13,4,13,0,43.3,13.3,43.3],[9,406,30,5,7,18,13,4,13,0,43.3,13.3,43.3],[10,1527,30,1,7,22,13,3,14,-1,43.3,10,46.7],[11,400,30,21,8,1,10,5,15,-5,33.3,16.7,50],[12,2156,30,7,10,13,10,4,16,-6,33.3,13.3,53.3],[13,1518,30,19,9,2,9,7,14,-5,30,23.3,46.7],[14,426,30,10,8,12,9,5,16,-7,30,16.7,53.3],[15,408,30,25,5,0,9,4,17,-8,30,13.3,56.7],[16,404,30,5,11,14,9,3,18,-9,30,10,60]];
var HomeHalfPanLu = [[1,410,15,12,3,0,12,0,3,9,80,0,20],[2,413,15,7,5,3,10,3,2,8,66.7,20,13.3],[3,2165,15,10,4,1,10,2,3,7,66.7,13.3,20],[4,2782,15,0,8,7,10,1,4,6,66.7,6.7,26.7],[5,417,15,7,5,3,8,4,3,5,53.3,26.7,20],[6,21197,15,1,7,7,7,4,4,3,46.7,26.7,26.7],[7,421,15,11,4,0,6,4,5,1,40,26.7,33.3],[8,2156,15,7,4,4,6,3,6,0,40,20,40],[9,1527,15,1,6,8,6,3,6,0,40,20,40],[10,400,15,12,3,0,6,2,7,-1,40,13.3,46.7],[11,406,15,5,3,7,6,2,7,-1,40,13.3,46.7],[12,1518,15,12,3,0,5,2,8,-3,33.3,13.3,53.3],[13,408,15,15,0,0,5,0,10,-5,33.3,0,66.7],[14,404,15,5,6,4,4,2,9,-5,26.7,13.3,60],[15,419,15,5,5,5,3,2,10,-7,20,13.3,66.7],[16,426,15,8,4,3,1,3,11,-10,6.7,20,73.3]];
var GuestHalfPanLu = [[1,419,15,0,3,12,10,2,3,7,66.7,13.3,20],[2,426,15,2,4,9,8,2,5,3,53.3,13.3,33.3],[3,2165,15,6,5,4,7,5,3,4,46.7,33.3,20],[4,2782,15,0,3,12,7,3,5,2,46.7,20,33.3],[5,406,15,0,4,11,7,2,6,1,46.7,13.3,40],[6,421,15,8,5,2,7,1,7,0,46.7,6.7,46.7],[7,413,15,2,6,7,7,1,7,0,46.7,6.7,46.7],[8,1527,15,0,1,14,7,0,8,-1,46.7,0,53.3],[9,410,15,7,5,3,6,4,5,1,40,26.7,33.3],[10,21197,15,0,1,14,6,0,9,-3,40,0,60],[11,417,15,1,6,8,5,3,7,-2,33.3,20,46.7],[12,404,15,0,5,10,5,1,9,-4,33.3,6.7,60],[13,1518,15,7,6,2,4,5,6,-2,26.7,33.3,40],[14,408,15,10,5,0,4,4,7,-3,26.7,26.7,46.7],[15,400,15,9,5,1,4,3,8,-4,26.7,20,53.3],[16,2156,15,0,6,9,4,1,10,-6,26.7,6.7,66.7]];
var addUp = [116,48.3,21,8.8,103,42.9,[63.3,410,2165],[63.3,426],[86.7,410],[73.3,426],[60,2165,421],[66.7,404],[20,413],[3.3,421,419,404,426]];
var addUpHalf = [105,43.8,37,15.4,98,40.8,[60,410],[60,404],[80,410],[73.3,426],[66.7,419],[66.7,2156],[23.3,2165,417,1518],[10,1527,404]];
var lastUpdateTime = '2025-01-19 09:37:57';
