var arrLeague = [26,'瑞典超级联赛','瑞典超級聯賽','Swedish Allsvenskan','2019','#004488','league_match/images/20200420031221.jpg','瑞典超','瑞典超','SWE D1'];
var arrTeam = [[400,'索尔纳','AIK蘇納','AIK Solna','','images/400/1h8asp945qp.png',0],[404,'赫尔辛堡','希爾星堡','Helsingborg','','images/404/1h4yn3a5rr27.png',0],[406,'松兹瓦尔','辛斯華爾','GIF Sundsvall','','images/406/1h8fzp9tbvz.png',0],[408,'马尔默','馬模','Malmo FF','','images/408/1hptap45j3v.png',0],[410,'哈马比','哈馬比','Hammarby','','images/410/1h6wfe05rw26.png',0],[413,'哥德堡','哥登堡','IFK Goteborg','','images/413/1hg209brnt23.png',0],[417,'埃尔夫斯堡','艾夫斯堡','Elfsborg','','images/417/1h8wtxnzmc2g.png',0],[419,'奥雷布洛','奧雷布洛','Orebro','','images/419/1htbmr8n137.png',0],[421,'尤尔加登','佐加頓斯','Djurgardens','','images/421/1gv1yreqw82.png',0],[426,'卡尔马','卡馬亞','Kalmar','','images/426/1h6wfe05rcg.png',0],[1518,'赫根','赫根','Hacken','','images/1518/1h53w2zt69f.png',0],[1527,'法尔肯堡','科根堡','Falkenberg','','images/1527/1h8fzp9tb626.png',0],[2156,'奥斯特桑斯','奧斯達辛斯','Ostersunds FK','','images/2156/1h8fzp9swx2r.png',0],[2165,'北雪平','諾高平','IFK Norrkoping FK','','images/2165/1ht6ehmpr52t.png',0],[2782,'天狼星','天狼星','IK Sirius FK','','images/2782/1h8wtxnzmj9.png',0],[21197,'埃斯基尔斯蒂纳','艾斯基斯杜拿','AFC Eskilstuna','','images/21197/1h8wtya6e51w.png',0]];
var TotalBs = [[1,410,30,18,2,10,60,6.7,33.3],[2,419,30,17,2,11,56.7,6.7,36.7],[3,417,30,16,1,13,53.3,3.3,43.3],[4,406,30,15,0,15,50,0,50],[5,404,30,14,1,15,46.7,3.3,50],[6,413,30,14,1,15,46.7,3.3,50],[7,21197,30,13,2,15,43.3,6.7,50],[8,1527,30,13,1,16,43.3,3.3,53.3],[9,2156,30,13,1,16,43.3,3.3,53.3],[10,2165,30,13,1,16,43.3,3.3,53.3],[11,400,30,13,1,16,43.3,3.3,53.3],[12,2782,30,12,2,16,40,6.7,53.3],[13,1518,30,12,1,17,40,3.3,56.7],[14,421,30,11,1,18,36.7,3.3,60],[15,426,30,11,0,19,36.7,0,63.3],[16,408,30,9,3,18,30,10,60]];
var HomeBs = [[1,410,15,10,1,4,66.7,6.7,26.7],[2,406,15,10,0,5,66.7,0,33.3],[3,419,15,10,0,5,66.7,0,33.3],[4,2782,15,8,1,6,53.3,6.7,40],[5,2156,15,8,1,6,53.3,6.7,40],[6,1518,15,7,1,7,46.7,6.7,46.7],[7,2165,15,7,1,7,46.7,6.7,46.7],[8,404,15,7,0,8,46.7,0,53.3],[9,408,15,6,1,8,40,6.7,53.3],[10,413,15,6,1,8,40,6.7,53.3],[11,417,15,5,1,9,33.3,6.7,60],[12,421,15,5,1,9,33.3,6.7,60],[13,21197,15,5,0,10,33.3,0,66.7],[14,400,15,5,0,10,33.3,0,66.7],[15,1527,15,4,1,10,26.7,6.7,66.7],[16,426,15,4,0,11,26.7,0,73.3]];
var GuestBs = [[1,417,15,11,0,4,73.3,0,26.7],[2,1527,15,9,0,6,60,0,40],[3,21197,15,8,2,5,53.3,13.3,33.3],[4,410,15,8,1,6,53.3,6.7,40],[5,400,15,8,1,6,53.3,6.7,40],[6,413,15,8,0,7,53.3,0,46.7],[7,419,15,7,2,6,46.7,13.3,40],[8,404,15,7,1,7,46.7,6.7,46.7],[9,426,15,7,0,8,46.7,0,53.3],[10,2165,15,6,0,9,40,0,60],[11,421,15,6,0,9,40,0,60],[12,406,15,5,0,10,33.3,0,66.7],[13,2156,15,5,0,10,33.3,0,66.7],[14,1518,15,5,0,10,33.3,0,66.7],[15,2782,15,4,1,10,26.7,6.7,66.7],[16,408,15,3,2,10,20,13.3,66.7]];
var TotalBsHalf = [[1,410,30,17,7,6,56.7,23.3,20],[2,417,30,15,2,13,50,6.7,43.3],[3,2165,30,14,5,11,46.7,16.7,36.7],[4,406,30,13,6,11,43.3,20,36.7],[5,2156,30,12,8,10,40,26.7,33.3],[6,1527,30,12,6,12,40,20,40],[7,400,30,12,4,14,40,13.3,46.7],[8,404,30,11,10,9,36.7,33.3,30],[9,419,30,11,6,13,36.7,20,43.3],[10,421,30,11,3,16,36.7,10,53.3],[11,413,30,10,8,12,33.3,26.7,40],[12,21197,30,10,6,14,33.3,20,46.7],[13,2782,30,10,5,15,33.3,16.7,50],[14,408,30,9,3,18,30,10,60],[15,1518,30,6,7,17,20,23.3,56.7],[16,426,30,5,8,17,16.7,26.7,56.7]];
var HomeBsHalf = [[1,410,15,11,3,1,73.3,20,6.7],[2,2165,15,10,2,3,66.7,13.3,20],[3,413,15,6,3,6,40,20,40],[4,400,15,6,3,6,40,20,40],[5,2156,15,6,3,6,40,20,40],[6,406,15,6,3,6,40,20,40],[7,1527,15,6,2,7,40,13.3,46.7],[8,404,15,5,6,4,33.3,40,26.7],[9,2782,15,5,3,7,33.3,20,46.7],[10,408,15,5,1,9,33.3,6.7,60],[11,421,15,5,1,9,33.3,6.7,60],[12,417,15,5,0,10,33.3,0,66.7],[13,419,15,4,6,5,26.7,40,33.3],[14,21197,15,4,3,8,26.7,20,53.3],[15,1518,15,4,3,8,26.7,20,53.3],[16,426,15,1,5,9,6.7,33.3,60]];
var GuestBsHalf = [[1,417,15,10,2,3,66.7,13.3,20],[2,406,15,7,3,5,46.7,20,33.3],[3,419,15,7,0,8,46.7,0,53.3],[4,2156,15,6,5,4,40,33.3,26.7],[5,404,15,6,4,5,40,26.7,33.3],[6,1527,15,6,4,5,40,26.7,33.3],[7,410,15,6,4,5,40,26.7,33.3],[8,21197,15,6,3,6,40,20,40],[9,421,15,6,2,7,40,13.3,46.7],[10,400,15,6,1,8,40,6.7,53.3],[11,2782,15,5,2,8,33.3,13.3,53.3],[12,413,15,4,5,6,26.7,33.3,40],[13,2165,15,4,3,8,26.7,20,53.3],[14,426,15,4,3,8,26.7,20,53.3],[15,408,15,4,2,9,26.7,13.3,60],[16,1518,15,2,4,9,13.3,26.7,60]];
var addUp = [214,44.6,20,4.2,246,51.2,[60,410],[63.3,426],[66.7,410,406,419],[73.3,426],[73.3,417],[66.7,406,2156,1518,2782,408]];
var addUpHalf = [178,37.1,94,19.6,208,43.3,[56.7,410],[60,408],[73.3,410],[66.7,417],[66.7,417],[60,408,1518]];
var lastUpdateTime = '2025-01-19 09:38:06';
