var arrLeague = [12,'法国乙组联赛','法國乙組聯賽','France Ligue 2','2022-2023','#B1A7A7','league_match/images/1j5w0bknv81g.png','法乙','法乙','FRA D2'];
var arrTeam = [[208,'波尔多','波爾多','Bordeaux','','images/164871171447.png',0],[214,'梅斯','梅斯','Metz','','images/214/1h51a55zp72q.png',0],[245,'巴斯蒂亚','巴斯蒂亞','Bastia','','images/245/1h71kxn4152z.png',0],[255,'圣埃蒂安','聖伊天','Saint Etienne','','images/16487117719.png',0],[257,'卡昂','卡昂','Caen','','images/257/1h71ky6nm3g.png',0],[267,'索肖','索察','Sochaux','','images/267/1hke8b1sjc2k.png',0],[320,'第戎','迪安','Dijon','','images/320/1hkgstjs2x20.png',0],[325,'尼奥特','尼奧特','Chamois Niortais','','images/20150714133215.png',0],[330,'拉瓦勒','拉瓦勒','Stade Lavallois MFC','','images/330/1h71kxn4191q.png',0],[335,'勒阿弗尔','勒哈費爾','Le Havre','','images/335/1hkgsvdrhc1c.png',0],[362,'甘冈','吉英坎','Guingamp','','images/362/1h71kxn4hte.png',0],[382,'亚眠','阿美恩斯','Amiens','','images/382/1h71kxn41t2.png',0],[393,'格勒诺布尔','格勒諾布爾','Grenoble','','images/393/1h71ky6nmac.png',0],[1740,'罗德兹','羅德茲','Rodez Aveyron','','images/1740/1h71kxn41hh.png',0],[1744,'尼姆','尼姆','Nimes','','images/1744/1h5btqtznf2r.png',0],[1796,'巴黎足球会','巴黎FC','Paris FC','','images/1796/1h56c0xwvqd.png',0],[2102,'波城','波城','Pau FC','','images/2102/1gqbpjxvd41d.png',0],[2104,'瓦朗谢纳','華倫西恩斯','Valenciennes','','images/2104/1h71kxn4hy7.png',0],[7165,'阿纳西','安納西','FC Annecy','','images/7165/1gqbpjxvd41.png',0],[15372,'克维伊','奎維利魯昂','Quevilly','','images/15372/1jcpr585p85.png',0]];
var TotalBs = [[1,325,38,22,2,14,57.9,5.3,36.8],[2,330,38,22,1,15,57.9,2.6,39.5],[3,267,38,21,2,15,55.3,5.3,39.5],[4,255,38,21,0,17,55.3,0,44.7],[5,257,38,20,1,17,52.6,2.6,44.7],[6,1744,38,19,3,16,50,7.9,42.1],[7,1796,38,18,1,19,47.4,2.6,50],[8,7165,38,17,3,18,44.7,7.9,47.4],[9,362,38,17,3,18,44.7,7.9,47.4],[10,382,38,17,3,18,44.7,7.9,47.4],[11,320,38,17,3,18,44.7,7.9,47.4],[12,15372,38,17,2,19,44.7,5.3,50],[13,208,38,15,0,23,39.5,0,60.5],[14,245,38,14,7,17,36.8,18.4,44.7],[15,2104,38,14,3,21,36.8,7.9,55.3],[16,2102,38,14,2,22,36.8,5.3,57.9],[17,214,38,14,1,23,36.8,2.6,60.5],[18,1740,38,13,6,19,34.2,15.8,50],[19,393,38,11,3,24,28.9,7.9,63.2],[20,335,38,9,6,23,23.7,15.8,60.5]];
var HomeBs = [[1,325,19,14,0,5,73.7,0,26.3],[2,330,19,12,0,7,63.2,0,36.8],[3,15372,19,11,1,7,57.9,5.3,36.8],[4,1796,19,11,0,8,57.9,0,42.1],[5,257,19,11,0,8,57.9,0,42.1],[6,362,19,10,2,7,52.6,10.5,36.8],[7,1744,19,9,2,8,47.4,10.5,42.1],[8,267,19,9,1,9,47.4,5.3,47.4],[9,2104,19,8,1,10,42.1,5.3,52.6],[10,2102,19,8,0,11,42.1,0,57.9],[11,255,19,8,0,11,42.1,0,57.9],[12,1740,19,7,5,7,36.8,26.3,36.8],[13,320,19,7,2,10,36.8,10.5,52.6],[14,382,19,7,1,11,36.8,5.3,57.9],[15,208,19,7,0,12,36.8,0,63.2],[16,7165,19,6,3,10,31.6,15.8,52.6],[17,214,19,6,1,12,31.6,5.3,63.2],[18,245,19,5,4,10,26.3,21.1,52.6],[19,393,19,5,2,12,26.3,10.5,63.2],[20,335,19,5,1,13,26.3,5.3,68.4]];
var GuestBs = [[1,255,19,13,0,6,68.4,0,31.6],[2,267,19,12,1,6,63.2,5.3,31.6],[3,7165,19,11,0,8,57.9,0,42.1],[4,382,19,10,2,7,52.6,10.5,36.8],[5,1744,19,10,1,8,52.6,5.3,42.1],[6,320,19,10,1,8,52.6,5.3,42.1],[7,330,19,10,1,8,52.6,5.3,42.1],[8,245,19,9,3,7,47.4,15.8,36.8],[9,257,19,9,1,9,47.4,5.3,47.4],[10,325,19,8,2,9,42.1,10.5,47.4],[11,208,19,8,0,11,42.1,0,57.9],[12,214,19,8,0,11,42.1,0,57.9],[13,362,19,7,1,11,36.8,5.3,57.9],[14,1796,19,7,1,11,36.8,5.3,57.9],[15,2102,19,6,2,11,31.6,10.5,57.9],[16,2104,19,6,2,11,31.6,10.5,57.9],[17,393,19,6,1,12,31.6,5.3,63.2],[18,1740,19,6,1,12,31.6,5.3,63.2],[19,15372,19,6,1,12,31.6,5.3,63.2],[20,335,19,4,5,10,21.1,26.3,52.6]];
var TotalBsHalf = [[1,330,38,28,1,9,73.7,2.6,23.7],[2,2102,38,23,6,9,60.5,15.8,23.7],[3,7165,38,21,5,12,55.3,13.2,31.6],[4,2104,38,21,2,15,55.3,5.3,39.5],[5,362,38,20,9,9,52.6,23.7,23.7],[6,267,38,20,7,11,52.6,18.4,28.9],[7,320,38,20,4,14,52.6,10.5,36.8],[8,325,38,20,4,14,52.6,10.5,36.8],[9,245,38,20,3,15,52.6,7.9,39.5],[10,1744,38,19,7,12,50,18.4,31.6],[11,257,38,19,6,13,50,15.8,34.2],[12,382,38,19,5,14,50,13.2,36.8],[13,15372,38,19,3,16,50,7.9,42.1],[14,255,38,18,6,14,47.4,15.8,36.8],[15,335,38,18,1,19,47.4,2.6,50],[16,208,38,17,11,10,44.7,28.9,26.3],[17,393,38,17,2,19,44.7,5.3,50],[18,1740,38,16,2,20,42.1,5.3,52.6],[19,1796,38,15,7,16,39.5,18.4,42.1],[20,214,38,14,7,17,36.8,18.4,44.7]];
var HomeBsHalf = [[1,330,19,15,1,3,78.9,5.3,15.8],[2,325,19,13,1,5,68.4,5.3,26.3],[3,2102,19,12,3,4,63.2,15.8,21.1],[4,1740,19,12,0,7,63.2,0,36.8],[5,320,19,11,1,7,57.9,5.3,36.8],[6,15372,19,11,1,7,57.9,5.3,36.8],[7,7165,19,10,2,7,52.6,10.5,36.8],[8,257,19,10,2,7,52.6,10.5,36.8],[9,2104,19,10,1,8,52.6,5.3,42.1],[10,245,19,10,0,9,52.6,0,47.4],[11,362,19,9,6,4,47.4,31.6,21.1],[12,267,19,9,4,6,47.4,21.1,31.6],[13,255,19,9,3,7,47.4,15.8,36.8],[14,1744,19,9,3,7,47.4,15.8,36.8],[15,335,19,8,1,10,42.1,5.3,52.6],[16,393,19,8,1,10,42.1,5.3,52.6],[17,208,19,7,7,5,36.8,36.8,26.3],[18,382,19,7,1,11,36.8,5.3,57.9],[19,1796,19,6,7,6,31.6,36.8,31.6],[20,214,19,6,4,9,31.6,21.1,47.4]];
var GuestBsHalf = [[1,330,19,13,0,6,68.4,0,31.6],[2,382,19,12,4,3,63.2,21.1,15.8],[3,362,19,11,3,5,57.9,15.8,26.3],[4,2102,19,11,3,5,57.9,15.8,26.3],[5,267,19,11,3,5,57.9,15.8,26.3],[6,7165,19,11,3,5,57.9,15.8,26.3],[7,2104,19,11,1,7,57.9,5.3,36.8],[8,1744,19,10,4,5,52.6,21.1,26.3],[9,208,19,10,4,5,52.6,21.1,26.3],[10,245,19,10,3,6,52.6,15.8,31.6],[11,335,19,10,0,9,52.6,0,47.4],[12,257,19,9,4,6,47.4,21.1,31.6],[13,320,19,9,3,7,47.4,15.8,36.8],[14,255,19,9,3,7,47.4,15.8,36.8],[15,393,19,9,1,9,47.4,5.3,47.4],[16,1796,19,9,0,10,47.4,0,52.6],[17,214,19,8,3,8,42.1,15.8,42.1],[18,15372,19,8,2,9,42.1,10.5,47.4],[19,325,19,7,3,9,36.8,15.8,47.4],[20,1740,19,4,2,13,21.1,10.5,68.4]];
var addUp = [332,43.7,52,6.8,376,49.5,[57.9,325,330],[63.2,393],[73.7,325],[68.4,335],[68.4,255],[63.2,393,1740,15372]];
var addUpHalf = [384,50.5,98,12.9,278,36.6,[73.7,330],[52.6,1740],[78.9,330],[57.9,382],[68.4,330],[68.4,1740]];
var lastUpdateTime = '2025-01-18 11:08:23';
