var arrLeague = [34,'意大利甲组联赛','意大利甲組聯賽','Italian Serie A','2016-2017','#0088FF','league_match/images/166674813339.png','意甲','意甲','ITA D1'];
var arrTeam = [[150,'AC米兰','AC米蘭','AC Milan','','images/164868995643.png',0],[152,'国际米兰','國際米蘭','Inter Milan','','images/152/1jgj8z3paw1g.png',0],[154,'亚特兰大','阿特蘭大','Atalanta','','images/164868998143.png',0],[166,'尤文图斯','祖雲達斯','Juventus','','images/166/1grmmxq1wa2k.png',0],[168,'巴勒莫','巴勒莫','Palermo','','images/1j90cfpf8r27.png',0],[174,'罗马','羅馬','AS Roma','','images/164869002671.png',0],[176,'佛罗伦萨','費倫天拿','Fiorentina','','images/176/1hxqrpz41w1v.png',0],[179,'桑普多利亚','森多利亞','Sampdoria','','images/164869048578.png',0],[182,'拉齐奥','拉素','Lazio','','images/164869050583.png',0],[183,'卡利亚里','卡利亞里','Cagliari','','images/164869052873.png',0],[185,'博洛尼亚','博洛尼亞','Bologna','','images/16486905420.png',0],[187,'乌迪内斯','烏甸尼斯','Udinese','','images/164869056546.png',0],[195,'切沃','切禾','Chievo','','images/195/1j77p47z2ac.png',0],[523,'恩波利','恩波里','Empoli','','images/164869059384.png',0],[552,'热那亚','熱拿亞','Genoa','','images/164869068648.png',0],[554,'克罗托内','克羅托內','Crotone','','images/554/1j50e7cj7q1x.png',0],[558,'都灵','拖連奴','Torino','','images/164869071877.png',0],[560,'佩斯卡拉','比斯卡拉','Pescara','','images/560/1j50e7cj7r31.png',0],[1419,'那不勒斯','拿玻里','Napoli','','images/1419/1j9ah1053g16.png',0],[2960,'萨索洛','莎索羅','Sassuolo','','images/164869078921.png',0]];
var TotalBs = [[1,558,38,25,1,12,65.8,2.6,31.6],[2,183,38,25,0,13,65.8,0,34.2],[3,174,38,24,3,11,63.2,7.9,28.9],[4,176,38,24,1,13,63.2,2.6,34.2],[5,2960,38,24,0,14,63.2,0,36.8],[6,182,38,23,0,15,60.5,0,39.5],[7,1419,38,22,3,13,57.9,7.9,34.2],[8,187,38,21,0,17,55.3,0,44.7],[9,152,38,20,3,15,52.6,7.9,39.5],[10,195,38,20,0,18,52.6,0,47.4],[11,560,38,20,0,18,52.6,0,47.4],[12,154,38,19,0,19,50,0,50],[13,552,38,18,1,19,47.4,2.6,50],[14,166,38,17,3,18,44.7,7.9,47.4],[15,150,38,17,2,19,44.7,5.3,50],[16,168,38,16,3,19,42.1,7.9,50],[17,179,38,16,2,20,42.1,5.3,52.6],[18,523,38,16,1,21,42.1,2.6,55.3],[19,554,38,14,4,20,36.8,10.5,52.6],[20,185,38,13,3,22,34.2,7.9,57.9]];
var HomeBs = [[1,558,19,14,0,5,73.7,0,26.3],[2,183,19,14,0,5,73.7,0,26.3],[3,174,19,13,2,4,68.4,10.5,21.1],[4,187,19,12,0,7,63.2,0,36.8],[5,2960,19,12,0,7,63.2,0,36.8],[6,195,19,11,0,8,57.9,0,42.1],[7,182,19,11,0,8,57.9,0,42.1],[8,152,19,10,2,7,52.6,10.5,36.8],[9,176,19,10,1,8,52.6,5.3,42.1],[10,179,19,10,0,9,52.6,0,47.4],[11,560,19,10,0,9,52.6,0,47.4],[12,166,19,9,2,8,47.4,10.5,42.1],[13,154,19,9,0,10,47.4,0,52.6],[14,150,19,8,2,9,42.1,10.5,47.4],[15,1419,19,8,1,10,42.1,5.3,52.6],[16,552,19,8,1,10,42.1,5.3,52.6],[17,523,19,8,0,11,42.1,0,57.9],[18,185,19,7,1,11,36.8,5.3,57.9],[19,554,19,7,1,11,36.8,5.3,57.9],[20,168,19,6,2,11,31.6,10.5,57.9]];
var GuestBs = [[1,1419,19,14,2,3,73.7,10.5,15.8],[2,176,19,14,0,5,73.7,0,26.3],[3,182,19,12,0,7,63.2,0,36.8],[4,2960,19,12,0,7,63.2,0,36.8],[5,558,19,11,1,7,57.9,5.3,36.8],[6,174,19,11,1,7,57.9,5.3,36.8],[7,183,19,11,0,8,57.9,0,42.1],[8,168,19,10,1,8,52.6,5.3,42.1],[9,152,19,10,1,8,52.6,5.3,42.1],[10,560,19,10,0,9,52.6,0,47.4],[11,154,19,10,0,9,52.6,0,47.4],[12,552,19,10,0,9,52.6,0,47.4],[13,187,19,9,0,10,47.4,0,52.6],[14,150,19,9,0,10,47.4,0,52.6],[15,195,19,9,0,10,47.4,0,52.6],[16,523,19,8,1,10,42.1,5.3,52.6],[17,166,19,8,1,10,42.1,5.3,52.6],[18,554,19,7,3,9,36.8,15.8,47.4],[19,179,19,6,2,11,31.6,10.5,57.9],[20,185,19,6,2,11,31.6,10.5,57.9]];
var TotalBsHalf = [[1,166,37,16,8,13,43.2,21.6,35.1],[2,183,38,15,9,14,39.5,23.7,36.8],[3,560,37,15,8,14,40.5,21.6,37.8],[4,195,37,14,8,15,37.8,21.6,40.5],[5,150,37,14,8,15,37.8,21.6,40.5],[6,2960,37,14,8,15,37.8,21.6,40.5],[7,558,38,14,8,16,36.8,21.1,42.1],[8,152,38,14,6,18,36.8,15.8,47.4],[9,154,38,14,6,18,36.8,15.8,47.4],[10,174,38,14,4,20,36.8,10.5,52.6],[11,179,38,13,11,14,34.2,28.9,36.8],[12,182,37,13,8,16,35.1,21.6,43.2],[13,185,38,13,8,17,34.2,21.1,44.7],[14,523,37,13,5,19,35.1,13.5,51.4],[15,554,38,12,8,18,31.6,21.1,47.4],[16,552,36,12,5,19,33.3,13.9,52.8],[17,168,38,12,7,19,31.6,18.4,50],[18,1419,37,12,2,23,32.4,5.4,62.2],[19,187,37,10,13,14,27,35.1,37.8],[20,176,37,9,12,16,24.3,32.4,43.2]];
var HomeBsHalf = [[1,166,19,11,3,5,57.9,15.8,26.3],[2,560,19,9,4,6,47.4,21.1,31.6],[3,174,19,9,0,10,47.4,0,52.6],[4,183,19,8,5,6,42.1,26.3,31.6],[5,558,19,8,4,7,42.1,21.1,36.8],[6,523,19,8,3,8,42.1,15.8,42.1],[7,185,19,7,6,6,36.8,31.6,31.6],[8,179,19,7,5,7,36.8,26.3,36.8],[9,554,19,7,4,8,36.8,21.1,42.1],[10,2960,19,7,3,9,36.8,15.8,47.4],[11,150,19,7,3,9,36.8,15.8,47.4],[12,187,19,6,8,5,31.6,42.1,26.3],[13,182,19,6,3,10,31.6,15.8,52.6],[14,195,19,6,3,10,31.6,15.8,52.6],[15,152,19,6,2,11,31.6,10.5,57.9],[16,168,19,5,6,8,26.3,31.6,42.1],[17,552,18,5,4,9,27.8,22.2,50],[18,1419,19,5,1,13,26.3,5.3,68.4],[19,154,19,4,4,11,21.1,21.1,57.9],[20,176,19,3,5,11,15.8,26.3,57.9]];
var GuestBsHalf = [[1,154,19,10,2,7,52.6,10.5,36.8],[2,195,18,8,5,5,44.4,27.8,27.8],[3,152,19,8,4,7,42.1,21.1,36.8],[4,182,18,7,5,6,38.9,27.8,33.3],[5,2960,18,7,5,6,38.9,27.8,33.3],[6,150,18,7,5,6,38.9,27.8,33.3],[7,183,19,7,4,8,36.8,21.1,42.1],[8,1419,18,7,1,10,38.9,5.6,55.6],[9,552,18,7,1,10,38.9,5.6,55.6],[10,168,19,7,1,11,36.8,5.3,57.9],[11,176,18,6,7,5,33.3,38.9,27.8],[12,179,19,6,6,7,31.6,31.6,36.8],[13,560,18,6,4,8,33.3,22.2,44.4],[14,558,19,6,4,9,31.6,21.1,47.4],[15,185,19,6,2,11,31.6,10.5,57.9],[16,166,18,5,5,8,27.8,27.8,44.4],[17,174,19,5,4,10,26.3,21.1,52.6],[18,554,19,5,4,10,26.3,21.1,52.6],[19,523,18,5,2,11,27.8,11.1,61.1],[20,187,18,4,5,9,22.2,27.8,50]];
var addUp = [394,51.8,30,3.9,336,44.2,[65.8,558,183],[57.9,185],[73.7,558,183],[57.9,523,185,554,168],[73.7,1419,176],[57.9,179,185]];
var addUpHalf = [263,35.2,152,20.3,333,44.5,[43.2,166],[62.2,1419],[57.9,166],[68.4,1419],[52.6,154],[61.1,523]];
var lastUpdateTime = '2025-01-19 14:53:15';
