var arrLeague = [16,'荷兰甲组联赛','荷蘭甲組聯賽','Holland Eredivisie','2024-2025','#FF6699','league_match/images/20210531104733.png','荷甲','荷甲','HOL D1'];
var arrTeam = [[225,'威廉二世','威廉二世','Willem II','','images/225/1gq6hnbe3q23.png',0],[232,'布雷达','比達','NAC Breda','','images/232/1grmmyzcmyj.png',0],[234,'阿尔克马尔','艾克馬亞','AZ Alkmaar','','images/165095691021.png',0],[235,'海伦芬','海倫維恩','SC Heerenveen','','images/165095697544.png',0],[236,'格罗宁根','高寧根','Groningen','','images/16509569590.png',0],[237,'乌德勒支','烏德勒支','FC Utrecht','','images/165095716992.png',0],[239,'奈梅亨','NEC尼美根','NEC Nijmegen','','images/165095704158.png',0],[241,'瓦尔韦克','RKC華域克','RKC Waalwijk','','images/165095708910.png',0],[250,'特温特','川迪','FC Twente Enschede','','images/165095707230.png',0],[252,'费耶诺德','飛燕諾','Feyenoord','','images/165095692730.png',0],[253,'阿贾克斯','阿積士','AFC Ajax','','images/253/1gtg0nv66q2p.png',0],[254,'埃因霍温','PSV燕豪芬','PSV Eindhoven','','images/254/1gtg0nv5pw24.png',0],[273,'鹿特丹斯巴达','鹿特丹斯巴達','Sparta Rotterdam','','images/165095702458.png',0],[274,'福图纳锡塔德','幸運薛達','Fortuna Sittard','','images/165095694366.png',0],[278,'赫拉克莱斯','荷華高斯','Heracles Almelo','','images/165095718777.png',0],[280,'前进之鹰','伊高斯','Go Ahead Eagles','','images/16509570569.png',0],[414,'兹沃勒','施禾尼','PEC Zwolle','','images/16509571534.png',0],[2596,'阿尔梅勒城','阿梅爾城','Almere City FC','','images/2596/1hj4yssc3c1a.png',0]];
var TotalBs = [[1,254,34,20,3,11,58.8,8.8,32.4],[2,234,36,20,2,14,55.6,5.6,38.9],[3,241,34,19,2,13,55.9,5.9,38.2],[4,280,34,19,1,14,55.9,2.9,41.2],[5,239,35,19,2,14,54.3,5.7,40],[6,250,36,19,1,16,52.8,2.8,44.4],[7,237,34,18,1,15,52.9,2.9,44.1],[8,236,33,16,1,16,48.5,3,48.5],[9,274,34,16,1,17,47.1,2.9,50],[10,235,35,16,1,18,45.7,2.9,51.4],[11,278,33,15,4,14,45.5,12.1,42.4],[12,252,34,15,2,17,44.1,5.9,50],[13,253,34,15,1,18,44.1,2.9,52.9],[14,225,34,15,0,19,44.1,0,55.9],[15,414,34,15,0,19,44.1,0,55.9],[16,2596,34,14,0,20,41.2,0,58.8],[17,232,34,14,0,20,41.2,0,58.8],[18,273,34,11,2,21,32.4,5.9,61.8]];
var HomeBs = [[1,239,17,13,0,4,76.5,0,23.5],[2,280,17,10,1,6,58.8,5.9,35.3],[3,254,17,10,0,7,58.8,0,41.2],[4,225,17,10,0,7,58.8,0,41.2],[5,234,19,10,1,8,52.6,5.3,42.1],[6,241,17,9,2,6,52.9,11.8,35.3],[7,274,17,9,0,8,52.9,0,47.1],[8,253,17,8,1,8,47.1,5.9,47.1],[9,237,17,8,0,9,47.1,0,52.9],[10,2596,17,8,0,9,47.1,0,52.9],[11,250,18,8,0,10,44.4,0,55.6],[12,252,17,7,2,8,41.2,11.8,47.1],[13,235,17,7,0,10,41.2,0,58.8],[14,236,17,7,0,10,41.2,0,58.8],[15,414,17,7,0,10,41.2,0,58.8],[16,278,16,6,4,6,37.5,25,37.5],[17,273,17,6,1,10,35.3,5.9,58.8],[18,232,17,5,0,12,29.4,0,70.6]];
var GuestBs = [[1,250,18,11,1,6,61.1,5.6,33.3],[2,254,17,10,3,4,58.8,17.6,23.5],[3,234,17,10,1,6,58.8,5.9,35.3],[4,237,17,10,1,6,58.8,5.9,35.3],[5,241,17,10,0,7,58.8,0,41.2],[6,236,16,9,1,6,56.2,6.2,37.5],[7,235,18,9,1,8,50,5.6,44.4],[8,232,17,9,0,8,52.9,0,47.1],[9,278,17,9,0,8,52.9,0,47.1],[10,280,17,9,0,8,52.9,0,47.1],[11,414,17,8,0,9,47.1,0,52.9],[12,252,17,8,0,9,47.1,0,52.9],[13,274,17,7,1,9,41.2,5.9,52.9],[14,253,17,7,0,10,41.2,0,58.8],[15,239,18,6,2,10,33.3,11.1,55.6],[16,2596,17,6,0,11,35.3,0,64.7],[17,273,17,5,1,11,29.4,5.9,64.7],[18,225,17,5,0,12,29.4,0,70.6]];
var TotalBsHalf = [[1,254,34,25,0,9,73.5,0,26.5],[2,250,36,18,2,16,50,5.6,44.4],[3,241,34,17,4,13,50,11.8,38.2],[4,252,34,16,0,18,47.1,0,52.9],[5,280,34,15,2,17,44.1,5.9,50],[6,236,33,14,5,14,42.4,15.2,42.4],[7,237,34,14,5,15,41.2,14.7,44.1],[8,235,35,14,4,17,40,11.4,48.6],[9,2596,34,13,8,13,38.2,23.5,38.2],[10,278,33,13,4,16,39.4,12.1,48.5],[11,234,36,13,2,21,36.1,5.6,58.3],[12,239,35,12,5,18,34.3,14.3,51.4],[13,225,34,11,11,12,32.4,32.4,35.3],[14,274,34,11,8,15,32.4,23.5,44.1],[15,232,34,10,9,15,29.4,26.5,44.1],[16,414,34,10,6,18,29.4,17.6,52.9],[17,253,34,10,2,22,29.4,5.9,64.7],[18,273,34,8,9,17,23.5,26.5,50]];
var HomeBsHalf = [[1,254,17,13,0,4,76.5,0,23.5],[2,241,17,9,3,5,52.9,17.6,29.4],[3,252,17,9,0,8,52.9,0,47.1],[4,235,17,8,1,8,47.1,5.9,47.1],[5,280,17,8,0,9,47.1,0,52.9],[6,239,17,7,3,7,41.2,17.6,41.2],[7,237,17,7,1,9,41.2,5.9,52.9],[8,250,18,7,1,10,38.9,5.6,55.6],[9,253,17,7,0,10,41.2,0,58.8],[10,234,19,7,0,12,36.8,0,63.2],[11,2596,17,6,4,7,35.3,23.5,41.2],[12,236,17,6,3,8,35.3,17.6,47.1],[13,278,16,6,1,9,37.5,6.2,56.2],[14,273,17,5,6,6,29.4,35.3,35.3],[15,225,17,5,6,6,29.4,35.3,35.3],[16,274,17,5,5,7,29.4,29.4,41.2],[17,232,17,5,4,8,29.4,23.5,47.1],[18,414,17,2,5,10,11.8,29.4,58.8]];
var GuestBsHalf = [[1,254,17,12,0,5,70.6,0,29.4],[2,250,18,11,1,6,61.1,5.6,33.3],[3,236,16,8,2,6,50,12.5,37.5],[4,241,17,8,1,8,47.1,5.9,47.1],[5,414,17,8,1,8,47.1,5.9,47.1],[6,2596,17,7,4,6,41.2,23.5,35.3],[7,237,17,7,4,6,41.2,23.5,35.3],[8,278,17,7,3,7,41.2,17.6,41.2],[9,280,17,7,2,8,41.2,11.8,47.1],[10,252,17,7,0,10,41.2,0,58.8],[11,225,17,6,5,6,35.3,29.4,35.3],[12,274,17,6,3,8,35.3,17.6,47.1],[13,234,17,6,2,9,35.3,11.8,52.9],[14,235,18,6,3,9,33.3,16.7,50],[15,232,17,5,5,7,29.4,29.4,41.2],[16,239,18,5,2,11,27.8,11.1,61.1],[17,273,17,3,3,11,17.6,17.6,64.7],[18,253,17,3,2,12,17.6,11.8,70.6]];
var addUp = [296,48.1,24,3.9,296,48.1,[58.8,254],[61.8,273],[76.5,239],[70.6,232],[61.1,250],[70.6,225]];
var addUpHalf = [244,39.6,86,14,286,46.4,[73.5,254],[64.7,253],[76.5,254],[63.2,234],[70.6,254],[70.6,253]];
var lastUpdateTime = '2025-05-27 05:30:10';
