var arrLeague = [26,'瑞典超级联赛','瑞典超級聯賽','Swedish Allsvenskan','2024','#004488','league_match/images/20200420031221.jpg','瑞典超','瑞典超','SWE D1'];
var arrTeam = [[400,'索尔纳','AIK蘇納','AIK Solna','','images/400/1h8asp945qp.png',0],[408,'马尔默','馬模','Malmo FF','','images/408/1hptap45j3v.png',0],[410,'哈马比','哈馬比','Hammarby','','images/410/1h6wfe05rw26.png',0],[413,'哥德堡','哥登堡','IFK Goteborg','','images/413/1hg209brnt23.png',0],[417,'埃尔夫斯堡','艾夫斯堡','Elfsborg','','images/417/1h8wtxnzmc2g.png',0],[421,'尤尔加登','佐加頓斯','Djurgardens','','images/421/1gv1yreqw82.png',0],[424,'哈尔姆斯塔德','咸史泰斯','Halmstads','','images/424/1grmna9rvh24.png',0],[426,'卡尔马','卡馬亞','Kalmar','','images/426/1h6wfe05rcg.png',0],[1518,'赫根','赫根','Hacken','','images/1518/1h53w2zt69f.png',0],[1522,'哥德堡盖斯','加爾斯','GAIS','','images/1522/1h8wtya6esp.png',0],[1525,'瓦斯特拉斯','韋斯特羅斯','Vasteras SK FK','','images/1525/1h8qpbfht1z.png',0],[1526,'布洛马波卡纳','龐馬普卡納','Brommapojkarna','','images/1526/1h8jkhmh491m.png',0],[2091,'米亚尔比','米贊比','Mjallby AIF','','images/2091/1h8fzp9swxp.png',0],[2165,'北雪平','諾高平','IFK Norrkoping FK','','images/2165/1ht6ehmpr52t.png',0],[2178,'瓦纳默','華納莫','IFK Varnamo','','images/2178/1h8t9wgp5f16.png',0],[2782,'天狼星','天狼星','IK Sirius FK','','images/2782/1h8wtxnzmj9.png',0]];
var TotalPanLu = [[1,1522,30,9,4,17,18,2,10,8,60,6.7,33.3],[2,400,30,19,4,7,18,1,11,7,60,3.3,36.7],[3,2091,30,12,5,13,17,2,11,6,56.7,6.7,36.7],[4,2178,30,6,4,20,17,0,13,4,56.7,0,43.3],[5,410,30,15,8,7,16,1,13,3,53.3,3.3,43.3],[6,2165,30,4,6,20,15,2,13,2,50,6.7,43.3],[7,1526,30,9,6,15,15,1,14,1,50,3.3,46.7],[8,2782,30,10,4,16,14,2,14,0,46.7,6.7,46.7],[9,417,30,21,3,6,14,1,15,-1,46.7,3.3,50],[10,421,30,25,3,2,14,1,15,-1,46.7,3.3,50],[11,1518,30,17,7,6,14,0,16,-2,46.7,0,53.3],[12,424,30,0,3,27,13,2,15,-2,43.3,6.7,50],[13,426,30,6,6,18,12,1,17,-5,40,3.3,56.7],[14,408,30,29,0,1,12,1,17,-5,40,3.3,56.7],[15,413,30,10,7,13,12,0,18,-6,40,0,60],[16,1525,30,10,6,14,10,1,19,-9,33.3,3.3,63.3]];
var HomePanLu = [[1,400,15,13,0,2,11,0,4,7,73.3,0,26.7],[2,1522,15,8,3,4,10,1,4,6,66.7,6.7,26.7],[3,2091,15,9,3,3,10,1,4,6,66.7,6.7,26.7],[4,424,15,0,3,12,8,2,5,3,53.3,13.3,33.3],[5,417,15,13,1,1,8,1,6,2,53.3,6.7,40],[6,410,15,12,3,0,8,0,7,1,53.3,0,46.7],[7,2165,15,4,5,6,7,1,7,0,46.7,6.7,46.7],[8,1518,15,13,1,1,7,0,8,-1,46.7,0,53.3],[9,1526,15,8,3,4,7,0,8,-1,46.7,0,53.3],[10,408,15,15,0,0,7,0,8,-1,46.7,0,53.3],[11,2782,15,8,4,3,6,2,7,-1,40,13.3,46.7],[12,421,15,14,0,1,6,1,8,-2,40,6.7,53.3],[13,426,15,6,4,5,5,0,10,-5,33.3,0,66.7],[14,2178,15,5,3,7,5,0,10,-5,33.3,0,66.7],[15,1525,15,9,2,4,5,0,10,-5,33.3,0,66.7],[16,413,15,9,3,3,3,0,12,-9,20,0,80]];
var GuestPanLu = [[1,2178,15,1,1,13,12,0,3,9,80,0,20],[2,413,15,1,4,10,9,0,6,3,60,0,40],[3,410,15,3,5,7,8,1,6,2,53.3,6.7,40],[4,2165,15,0,1,14,8,1,6,2,53.3,6.7,40],[5,1522,15,1,1,13,8,1,6,2,53.3,6.7,40],[6,1526,15,1,3,11,8,1,6,2,53.3,6.7,40],[7,2782,15,2,0,13,8,0,7,1,53.3,0,46.7],[8,421,15,11,3,1,8,0,7,1,53.3,0,46.7],[9,426,15,0,2,13,7,1,7,0,46.7,6.7,46.7],[10,400,15,6,4,5,7,1,7,0,46.7,6.7,46.7],[11,2091,15,3,2,10,7,1,7,0,46.7,6.7,46.7],[12,1518,15,4,6,5,7,0,8,-1,46.7,0,53.3],[13,417,15,8,2,5,6,0,9,-3,40,0,60],[14,408,15,14,0,1,5,1,9,-4,33.3,6.7,60],[15,1525,15,1,4,10,5,1,9,-4,33.3,6.7,60],[16,424,15,0,0,15,5,0,10,-5,33.3,0,66.7]];
var TotalHalfPanLu = [[1,1522,30,4,15,11,18,4,8,10,60,13.3,26.7],[2,2091,30,7,14,9,17,5,8,9,56.7,16.7,26.7],[3,417,30,17,9,4,16,4,10,6,53.3,13.3,33.3],[4,410,30,14,11,5,15,6,9,6,50,20,30],[5,426,30,1,12,17,15,5,10,5,50,16.7,33.3],[6,408,30,28,1,1,14,2,14,0,46.7,6.7,46.7],[7,424,30,0,9,21,13,3,14,-1,43.3,10,46.7],[8,2178,30,3,12,15,12,2,16,-4,40,6.7,53.3],[9,2782,30,8,14,8,11,8,11,0,36.7,26.7,36.7],[10,413,30,7,16,7,11,4,15,-4,36.7,13.3,50],[11,421,30,20,8,2,11,4,15,-4,36.7,13.3,50],[12,1518,30,15,9,6,11,2,17,-6,36.7,6.7,56.7],[13,1526,30,3,17,10,10,8,12,-2,33.3,26.7,40],[14,1525,30,5,12,13,10,5,15,-5,33.3,16.7,50],[15,2165,30,4,8,18,10,5,15,-5,33.3,16.7,50],[16,400,30,15,11,4,10,5,15,-5,33.3,16.7,50]];
var HomeHalfPanLu = [[1,417,15,13,1,1,10,1,4,6,66.7,6.7,26.7],[2,1522,15,4,10,1,9,2,4,5,60,13.3,26.7],[3,410,15,12,3,0,8,2,5,3,53.3,13.3,33.3],[4,2091,15,7,7,1,7,2,6,1,46.7,13.3,40],[5,408,15,15,0,0,7,1,7,0,46.7,6.7,46.7],[6,424,15,0,8,7,6,2,7,-1,40,13.3,46.7],[7,421,15,14,0,1,6,0,9,-3,40,0,60],[8,1526,15,3,10,2,5,5,5,0,33.3,33.3,33.3],[9,2782,15,7,7,1,5,4,6,-1,33.3,26.7,40],[10,400,15,12,3,0,5,2,8,-3,33.3,13.3,53.3],[11,426,15,1,10,4,4,5,6,-2,26.7,33.3,40],[12,2165,15,4,6,5,4,3,8,-4,26.7,20,53.3],[13,1518,15,12,2,1,4,1,10,-6,26.7,6.7,66.7],[14,413,15,7,7,1,3,2,10,-7,20,13.3,66.7],[15,2178,15,3,9,3,3,1,11,-8,20,6.7,73.3],[16,1525,15,5,6,4,2,3,10,-8,13.3,20,66.7]];
var GuestHalfPanLu = [[1,426,15,0,2,13,11,0,4,7,73.3,0,26.7],[2,2091,15,0,7,8,10,3,2,8,66.7,20,13.3],[3,1522,15,0,5,10,9,2,4,5,60,13.3,26.7],[4,2178,15,0,3,12,9,1,5,4,60,6.7,33.3],[5,1525,15,0,6,9,8,2,5,3,53.3,13.3,33.3],[6,413,15,0,9,6,8,2,5,3,53.3,13.3,33.3],[7,410,15,2,8,5,7,4,4,3,46.7,26.7,26.7],[8,424,15,0,1,14,7,1,7,0,46.7,6.7,46.7],[9,1518,15,3,7,5,7,1,7,0,46.7,6.7,46.7],[10,408,15,13,1,1,7,1,7,0,46.7,6.7,46.7],[11,2782,15,1,7,7,6,4,5,1,40,26.7,33.3],[12,417,15,4,8,3,6,3,6,0,40,20,40],[13,2165,15,0,2,13,6,2,7,-1,40,13.3,46.7],[14,421,15,6,8,1,5,4,6,-1,33.3,26.7,40],[15,400,15,3,8,4,5,3,7,-2,33.3,20,46.7],[16,1526,15,0,7,8,5,3,7,-2,33.3,20,46.7]];
var addUp = [113,47.1,9,3.8,118,49.2,[60,1522,400],[63.3,1525],[73.3,400],[80,413],[80,2178],[66.7,424],[6.7,1522,2091,2165,2782,424],[0,2178,1518,413]];
var addUpHalf = [88,36.7,36,15,116,48.3,[60,1522],[56.7,1518],[66.7,417],[73.3,2178],[73.3,426],[46.7,424,1518,408,2165,400,1526],[26.7,2782,1526],[6.7,408,2178,1518]];
var lastUpdateTime = '2025-01-17 16:51:00';
