var arrLeague = [26,'瑞典超级联赛','瑞典超級聯賽','Swedish Allsvenskan','2024','#004488','league_match/images/20200420031221.jpg','瑞典超','瑞典超','SWE D1'];
var arrTeam = [[400,'索尔纳','AIK蘇納','AIK Solna','','images/400/1h8asp945qp.png',0],[408,'马尔默','馬模','Malmo FF','','images/408/1hptap45j3v.png',0],[410,'哈马比','哈馬比','Hammarby','','images/410/1h6wfe05rw26.png',0],[413,'哥德堡','哥登堡','IFK Goteborg','','images/413/1hg209brnt23.png',0],[417,'埃尔夫斯堡','艾夫斯堡','Elfsborg','','images/417/1h8wtxnzmc2g.png',0],[421,'尤尔加登','佐加頓斯','Djurgardens','','images/421/1gv1yreqw82.png',0],[424,'哈尔姆斯塔德','咸史泰斯','Halmstads','','images/424/1grmna9rvh24.png',0],[426,'卡尔马','卡馬亞','Kalmar','','images/426/1h6wfe05rcg.png',0],[1518,'赫根','赫根','Hacken','','images/1518/1h53w2zt69f.png',0],[1522,'哥德堡盖斯','加爾斯','GAIS','','images/1522/1h8wtya6esp.png',0],[1525,'瓦斯特拉斯','韋斯特羅斯','Vasteras SK FK','','images/1525/1h8qpbfht1z.png',0],[1526,'布洛马波卡纳','龐馬普卡納','Brommapojkarna','','images/1526/1h8jkhmh491m.png',0],[2091,'米亚尔比','米贊比','Mjallby AIF','','images/2091/1h8fzp9swxp.png',0],[2165,'北雪平','諾高平','IFK Norrkoping FK','','images/2165/1ht6ehmpr52t.png',0],[2178,'瓦纳默','華納莫','IFK Varnamo','','images/2178/1h8t9wgp5f16.png',0],[2782,'天狼星','天狼星','IK Sirius FK','','images/2782/1h8wtxnzmj9.png',0]];
var TotalBs = [[1,426,30,19,1,10,63.3,3.3,33.3],[2,417,30,17,3,10,56.7,10,33.3],[3,2091,30,17,0,13,56.7,0,43.3],[4,2165,30,16,0,14,53.3,0,46.7],[5,1518,30,15,4,11,50,13.3,36.7],[6,1526,30,15,3,12,50,10,40],[7,2782,30,15,2,13,50,6.7,43.3],[8,408,30,15,2,13,50,6.7,43.3],[9,410,30,15,2,13,50,6.7,43.3],[10,400,30,15,0,15,50,0,50],[11,424,30,15,0,15,50,0,50],[12,421,30,13,1,16,43.3,3.3,53.3],[13,1525,30,12,2,16,40,6.7,53.3],[14,2178,30,12,0,18,40,0,60],[15,1522,30,11,3,16,36.7,10,53.3],[16,413,30,10,1,19,33.3,3.3,63.3]];
var HomeBs = [[1,426,15,10,0,5,66.7,0,33.3],[2,417,15,9,2,4,60,13.3,26.7],[3,2091,15,9,0,6,60,0,40],[4,410,15,9,0,6,60,0,40],[5,1526,15,8,2,5,53.3,13.3,33.3],[6,2782,15,8,1,6,53.3,6.7,40],[7,2165,15,8,0,7,53.3,0,46.7],[8,2178,15,8,0,7,53.3,0,46.7],[9,1518,15,7,2,6,46.7,13.3,40],[10,400,15,7,0,8,46.7,0,53.3],[11,424,15,7,0,8,46.7,0,53.3],[12,1522,15,6,2,7,40,13.3,46.7],[13,1525,15,6,1,8,40,6.7,53.3],[14,408,15,5,2,8,33.3,13.3,53.3],[15,421,15,5,0,10,33.3,0,66.7],[16,413,15,4,0,11,26.7,0,73.3]];
var GuestBs = [[1,408,15,10,0,5,66.7,0,33.3],[2,426,15,9,1,5,60,6.7,33.3],[3,1518,15,8,2,5,53.3,13.3,33.3],[4,417,15,8,1,6,53.3,6.7,40],[5,421,15,8,1,6,53.3,6.7,40],[6,424,15,8,0,7,53.3,0,46.7],[7,400,15,8,0,7,53.3,0,46.7],[8,2091,15,8,0,7,53.3,0,46.7],[9,2165,15,8,0,7,53.3,0,46.7],[10,1526,15,7,1,7,46.7,6.7,46.7],[11,2782,15,7,1,7,46.7,6.7,46.7],[12,410,15,6,2,7,40,13.3,46.7],[13,413,15,6,1,8,40,6.7,53.3],[14,1525,15,6,1,8,40,6.7,53.3],[15,1522,15,5,1,9,33.3,6.7,60],[16,2178,15,4,0,11,26.7,0,73.3]];
var TotalBsHalf = [[1,2091,30,15,6,9,50,20,30],[2,408,30,14,2,14,46.7,6.7,46.7],[3,424,30,13,7,10,43.3,23.3,33.3],[4,1526,30,13,7,10,43.3,23.3,33.3],[5,417,30,13,6,11,43.3,20,36.7],[6,426,30,12,7,11,40,23.3,36.7],[7,1522,30,12,6,12,40,20,40],[8,2165,30,12,5,13,40,16.7,43.3],[9,1518,30,12,1,17,40,3.3,56.7],[10,1525,30,11,8,11,36.7,26.7,36.7],[11,421,30,11,6,13,36.7,20,43.3],[12,2782,30,10,5,15,33.3,16.7,50],[13,2178,30,9,10,11,30,33.3,36.7],[14,400,30,9,10,11,30,33.3,36.7],[15,410,30,8,5,17,26.7,16.7,56.7],[16,413,30,6,13,11,20,43.3,36.7]];
var HomeBsHalf = [[1,408,15,8,0,7,53.3,0,46.7],[2,2091,15,7,5,3,46.7,33.3,20],[3,2178,15,7,5,3,46.7,33.3,20],[4,2782,15,7,3,5,46.7,20,33.3],[5,1518,15,7,0,8,46.7,0,53.3],[6,1525,15,6,5,4,40,33.3,26.7],[7,1522,15,6,3,6,40,20,40],[8,424,15,5,5,5,33.3,33.3,33.3],[9,417,15,5,4,6,33.3,26.7,40],[10,2165,15,5,4,6,33.3,26.7,40],[11,426,15,5,3,7,33.3,20,46.7],[12,400,15,5,3,7,33.3,20,46.7],[13,421,15,5,2,8,33.3,13.3,53.3],[14,413,15,4,4,7,26.7,26.7,46.7],[15,1526,15,4,4,7,26.7,26.7,46.7],[16,410,15,4,2,9,26.7,13.3,60]];
var GuestBsHalf = [[1,1526,15,9,3,3,60,20,20],[2,417,15,8,2,5,53.3,13.3,33.3],[3,424,15,8,2,5,53.3,13.3,33.3],[4,2091,15,8,1,6,53.3,6.7,40],[5,426,15,7,4,4,46.7,26.7,26.7],[6,2165,15,7,1,7,46.7,6.7,46.7],[7,421,15,6,4,5,40,26.7,33.3],[8,1522,15,6,3,6,40,20,40],[9,408,15,6,2,7,40,13.3,46.7],[10,1525,15,5,3,7,33.3,20,46.7],[11,1518,15,5,1,9,33.3,6.7,60],[12,400,15,4,7,4,26.7,46.7,26.7],[13,410,15,4,3,8,26.7,20,53.3],[14,2782,15,3,2,10,20,13.3,66.7],[15,413,15,2,9,4,13.3,60,26.7],[16,2178,15,2,5,8,13.3,33.3,53.3]];
var addUp = [232,48.3,24,5,224,46.7,[63.3,426],[63.3,413],[66.7,426],[73.3,413],[66.7,408],[73.3,2178]];
var addUpHalf = [180,37.5,104,21.7,196,40.8,[50,2091],[56.7,1518,410],[53.3,408],[60,410],[60,1526],[66.7,2782]];
var lastUpdateTime = '2025-01-17 16:51:08';
