var arrLeague = [25,'日本职业联赛J1','日本職業聯賽J1','J1 League','2023','#009900','league_match/images/20130413112735.jpg','日职联','日職聯','JPN D1'];
var arrTeam = [[178,'新泻天鹅','新潟天鵝','Albirex Niigata','','images/178/1gtzd3qtet5.png',0],[181,'名古屋鲸八','名古屋八鯨','Nagoya Grampus','','images/181/1jbn72rjkc0.png',0],[188,'浦和红钻','浦和紅鑽','Urawa Red Diamonds','','images/188/1gtzcts2pj1a.png',0],[190,'鹿岛鹿角','鹿島鹿角','Kashima Antlers','','images/190/1gtzcts261m.png',0],[193,'大阪樱花','大阪櫻花','Cerezo Osaka','','images/193/1gtzcts26h14.png',0],[196,'横滨水手','橫濱水手','Yokohama Marinos','','images/196/1gtzcts26eq.png',0],[201,'FC东京','FC東京','FC Tokyo','','images/201/1gtzcts2ptm.png',0],[203,'神户胜利船','神戶勝利船','Vissel Kobe','','images/203/1gtzcts1qh1b.png',0],[206,'广岛三箭','廣島三箭','Hiroshima Sanfrecce','','images/206/1gtzcts1qj1h.png',0],[207,'大阪钢巴','大阪飛腳','Gamba Osaka','','images/207/1gtzd3qtya20.png',0],[209,'柏太阳神','柏雷素爾','Kashiwa Reysol','','images/209/1gtzcts3612j.png',0],[1547,'福冈黄蜂','福岡黃蜂','Avispa Fukuoka','','images/1547/1gtzcts36911.png',0],[1612,'湘南海洋','湘南比馬','Shonan Bellmare','','images/1612/1gtzcts2pg27.png',0],[1989,'川崎前锋','川崎前鋒','Kawasaki Frontale','','images/1989/1gtzcts26x2r.png',0],[3163,'京都不死鸟','京都不死鳥','Kyoto Sanga','','images/3163/1hwerqcfbv2k.png',0],[3164,'鸟栖沙岩','鳥栖沙岩','Sagan Tosu','','images/3164/1gtzcts2pxc.png',0],[3195,'札幌冈萨多','札幌岡薩多','Consadole Sapporo','','images/3195/1gtzcts2ps14.png',0],[3415,'横滨FC','FC橫濱','Yokohama FC','','images/3415/1gtzd3qtyj1b.png',0]];
var TotalBs = [[1,207,34,21,0,13,61.8,0,38.2],[2,3195,34,20,2,12,58.8,5.9,35.3],[3,3415,34,17,0,17,50,0,50],[4,1989,34,17,0,17,50,0,50],[5,1547,34,17,0,17,50,0,50],[6,201,34,17,0,17,50,0,50],[7,203,34,17,0,17,50,0,50],[8,196,34,16,1,17,47.1,2.9,50],[9,190,34,16,1,17,47.1,2.9,50],[10,1612,34,16,0,18,47.1,0,52.9],[11,181,34,15,0,19,44.1,0,55.9],[12,3164,34,15,0,19,44.1,0,55.9],[13,3163,34,14,2,18,41.2,5.9,52.9],[14,193,34,14,0,20,41.2,0,58.8],[15,206,34,14,0,20,41.2,0,58.8],[16,178,34,13,1,20,38.2,2.9,58.8],[17,188,34,12,0,22,35.3,0,64.7],[18,209,34,11,1,22,32.4,2.9,64.7]];
var HomeBs = [[1,201,17,13,0,4,76.5,0,23.5],[2,207,17,9,0,8,52.9,0,47.1],[3,1989,17,9,0,8,52.9,0,47.1],[4,203,17,9,0,8,52.9,0,47.1],[5,190,17,8,1,8,47.1,5.9,47.1],[6,3195,17,8,1,8,47.1,5.9,47.1],[7,188,17,8,0,9,47.1,0,52.9],[8,206,17,8,0,9,47.1,0,52.9],[9,1612,17,8,0,9,47.1,0,52.9],[10,3415,17,8,0,9,47.1,0,52.9],[11,1547,17,8,0,9,47.1,0,52.9],[12,178,17,7,1,9,41.2,5.9,52.9],[13,193,17,7,0,10,41.2,0,58.8],[14,3164,17,7,0,10,41.2,0,58.8],[15,3163,17,6,1,10,35.3,5.9,58.8],[16,181,17,6,0,11,35.3,0,64.7],[17,196,17,6,0,11,35.3,0,64.7],[18,209,17,6,0,11,35.3,0,64.7]];
var GuestBs = [[1,3195,17,12,1,4,70.6,5.9,23.5],[2,207,17,12,0,5,70.6,0,29.4],[3,196,17,10,1,6,58.8,5.9,35.3],[4,3415,17,9,0,8,52.9,0,47.1],[5,181,17,9,0,8,52.9,0,47.1],[6,1547,17,9,0,8,52.9,0,47.1],[7,3163,17,8,1,8,47.1,5.9,47.1],[8,190,17,8,0,9,47.1,0,52.9],[9,3164,17,8,0,9,47.1,0,52.9],[10,1612,17,8,0,9,47.1,0,52.9],[11,1989,17,8,0,9,47.1,0,52.9],[12,203,17,8,0,9,47.1,0,52.9],[13,193,17,7,0,10,41.2,0,58.8],[14,178,17,6,0,11,35.3,0,64.7],[15,206,17,6,0,11,35.3,0,64.7],[16,209,17,5,1,11,29.4,5.9,64.7],[17,201,17,4,0,13,23.5,0,76.5],[18,188,17,4,0,13,23.5,0,76.5]];
var TotalBsHalf = [[1,178,34,19,5,10,55.9,14.7,29.4],[2,196,34,19,3,12,55.9,8.8,35.3],[3,1547,34,19,2,13,55.9,5.9,38.2],[4,181,34,18,6,10,52.9,17.6,29.4],[5,190,34,17,7,10,50,20.6,29.4],[6,207,34,17,7,10,50,20.6,29.4],[7,201,34,17,5,12,50,14.7,35.3],[8,1989,34,16,7,11,47.1,20.6,32.4],[9,3415,34,16,7,11,47.1,20.6,32.4],[10,3195,34,14,6,14,41.2,17.6,41.2],[11,209,34,13,10,11,38.2,29.4,32.4],[12,1612,34,13,8,13,38.2,23.5,38.2],[13,3163,34,13,7,14,38.2,20.6,41.2],[14,3164,34,13,6,15,38.2,17.6,44.1],[15,203,34,12,12,10,35.3,35.3,29.4],[16,188,34,11,4,19,32.4,11.8,55.9],[17,206,34,11,3,20,32.4,8.8,58.8],[18,193,34,10,11,13,29.4,32.4,38.2]];
var HomeBsHalf = [[1,178,17,10,3,4,58.8,17.6,23.5],[2,201,17,10,3,4,58.8,17.6,23.5],[3,1989,17,9,2,6,52.9,11.8,35.3],[4,196,17,9,2,6,52.9,11.8,35.3],[5,3164,17,8,4,5,47.1,23.5,29.4],[6,1612,17,8,2,7,47.1,11.8,41.2],[7,181,17,8,2,7,47.1,11.8,41.2],[8,206,17,8,1,8,47.1,5.9,47.1],[9,207,17,7,5,5,41.2,29.4,29.4],[10,190,17,7,4,6,41.2,23.5,35.3],[11,203,17,7,4,6,41.2,23.5,35.3],[12,3415,17,7,3,7,41.2,17.6,41.2],[13,3163,17,7,3,7,41.2,17.6,41.2],[14,3195,17,7,3,7,41.2,17.6,41.2],[15,209,17,6,7,4,35.3,41.2,23.5],[16,193,17,6,6,5,35.3,35.3,29.4],[17,1547,17,5,2,10,29.4,11.8,58.8],[18,188,17,5,2,10,29.4,11.8,58.8]];
var GuestBsHalf = [[1,1547,17,14,0,3,82.4,0,17.6],[2,181,17,10,4,3,58.8,23.5,17.6],[3,190,17,10,3,4,58.8,17.6,23.5],[4,207,17,10,2,5,58.8,11.8,29.4],[5,196,17,10,1,6,58.8,5.9,35.3],[6,3415,17,9,4,4,52.9,23.5,23.5],[7,178,17,9,2,6,52.9,11.8,35.3],[8,1989,17,7,5,5,41.2,29.4,29.4],[9,3195,17,7,3,7,41.2,17.6,41.2],[10,209,17,7,3,7,41.2,17.6,41.2],[11,201,17,7,2,8,41.2,11.8,47.1],[12,3163,17,6,4,7,35.3,23.5,41.2],[13,188,17,6,2,9,35.3,11.8,52.9],[14,203,17,5,8,4,29.4,47.1,23.5],[15,1612,17,5,6,6,29.4,35.3,35.3],[16,3164,17,5,2,10,29.4,11.8,58.8],[17,193,17,4,5,8,23.5,29.4,47.1],[18,206,17,3,2,12,17.6,11.8,70.6]];
var addUp = [282,46.1,8,1.3,322,52.6,[61.8,207],[64.7,188,209],[76.5,201],[64.7,181,196,209],[70.6,3195,207],[76.5,201,188]];
var addUpHalf = [268,43.8,116,19,228,37.3,[55.9,178,196,1547],[58.8,206],[58.8,178,201],[58.8,1547,188],[82.4,1547],[70.6,206]];
var lastUpdateTime = '2025-01-18 10:41:50';
