var arrLeague = [15,'南韩K联赛','南韓K聯賽','K League 1','2021','#0542b1','league_match/images/20190423203352.jpg','韩K联','韓K聯','KOR D1'];
var arrTeam = [[477,'城南足球俱乐部','城南FC','Seongnam FC','','images/477/1gxsf6qkxc2j.png',0],[480,'蔚山HD','蔚山HD','Ulsan HD FC','','images/1j1c2yt4wj7.png',0],[481,'浦项制铁','浦項制鐵','Pohang Steelers','','images/481/1h1jgrf3gp0.png',0],[484,'全北现代','全北汽車','Jeonbuk Hyundai Motors','','images/484/1h1jgrf3gr2k.png',0],[488,'大田市民','大田市民','Daejeon Citizen','','images/488/1gxsf6qkda2b.png',0],[491,'大邱FC','大邱FC','Daegu FC','','images/491/1gxsf6qkd41p.png',0],[497,'仁川联队','仁川聯','Incheon United','','images/497/1h6swyavg60.png',0],[499,'水原三星','水原三星','Suwon Samsung Bluewings','','images/499/1gxsf6qjy02n.png',0],[741,'FC首尔','FC首爾','FC Seoul','','images/741/1gxsf6qjyq26.png',0],[4075,'济州联队','濟州聯','Jeju United','','images/4075/1gxsf6qjyw29.png',0],[5586,'水原FC','水原FC','Suwon FC','','images/5586/1gxsf6qjy222.png',0],[9945,'江原FC','FC江原','Gangwon FC','','images/9945/1gxsf6qkdd19.png',0],[16584,'光州FC','FC光州','Gwangju Football Club','','images/1gsq1q2mds5.png',0]];
var TotalPanLu = [[1,497,38,3,7,28,21,2,15,6,55.3,5.3,39.5],[2,5586,38,6,8,24,20,2,16,4,52.6,5.3,42.1],[3,484,38,34,4,0,19,5,14,5,50,13.2,36.8],[4,4075,38,14,10,14,19,4,15,4,50,10.5,39.5],[5,480,38,34,3,1,18,5,15,3,47.4,13.2,39.5],[6,477,38,4,13,21,18,4,16,2,47.4,10.5,42.1],[7,741,38,9,12,17,17,4,17,0,44.7,10.5,44.7],[8,9945,40,12,11,17,17,4,19,-2,42.5,10,47.5],[9,491,38,21,5,12,16,2,20,-4,42.1,5.3,52.6],[10,499,38,16,7,15,15,3,20,-5,39.5,7.9,52.6],[11,16584,38,4,7,27,14,5,19,-5,36.8,13.2,50],[12,481,38,27,4,7,14,2,22,-8,36.8,5.3,57.9],[13,488,2,0,1,1,1,0,1,0,50,0,50]];
var HomePanLu = [[1,497,19,2,7,10,12,1,6,6,63.2,5.3,31.6],[2,480,19,17,2,0,11,4,4,7,57.9,21.1,21.1],[3,4075,18,12,0,6,10,0,8,2,55.6,0,44.4],[4,484,19,18,1,0,10,3,6,4,52.6,15.8,31.6],[5,477,19,4,7,8,10,2,7,3,52.6,10.5,36.8],[6,5586,19,6,5,8,10,1,8,2,52.6,5.3,42.1],[7,488,1,0,1,0,1,0,0,1,100,0,0],[8,9945,20,11,5,4,10,2,8,2,50,10,40],[9,741,19,7,7,5,8,1,10,-2,42.1,5.3,52.6],[10,491,19,15,1,3,8,0,11,-3,42.1,0,57.9],[11,16584,19,4,6,9,7,4,8,-1,36.8,21.1,42.1],[12,481,20,17,0,3,7,0,13,-6,35,0,65],[13,499,19,11,4,4,6,3,10,-4,31.6,15.8,52.6]];
var GuestPanLu = [[1,5586,19,0,3,16,10,1,8,2,52.6,5.3,42.1],[2,741,19,2,5,12,9,3,7,2,47.4,15.8,36.8],[3,484,19,16,3,0,9,2,8,1,47.4,10.5,42.1],[4,497,19,1,0,18,9,1,9,0,47.4,5.3,47.4],[5,499,19,5,3,11,9,0,10,-1,47.4,0,52.6],[6,4075,20,2,10,8,9,4,7,2,45,20,35],[7,477,19,0,6,13,8,2,9,-1,42.1,10.5,47.4],[8,491,19,6,4,9,8,2,9,-1,42.1,10.5,47.4],[9,481,18,10,4,4,7,2,9,-2,38.9,11.1,50],[10,16584,19,0,1,18,7,1,11,-4,36.8,5.3,57.9],[11,480,19,17,1,1,7,1,11,-4,36.8,5.3,57.9],[12,9945,20,1,6,13,7,2,11,-4,35,10,55],[13,488,1,0,0,1,0,0,1,-1,0,0,100]];
var TotalHalfPanLu = [[1,16584,38,2,16,20,22,5,11,11,57.9,13.2,28.9],[2,5586,38,3,19,16,17,10,11,6,44.7,26.3,28.9],[3,497,38,0,16,22,17,10,11,6,44.7,26.3,28.9],[4,4075,38,10,22,6,16,11,11,5,42.1,28.9,28.9],[5,477,38,3,20,15,14,11,13,1,36.8,28.9,34.2],[6,480,38,29,9,0,14,6,18,-4,36.8,15.8,47.4],[7,9945,40,5,26,9,14,14,12,2,35,35,30],[8,741,38,3,24,11,13,15,10,3,34.2,39.5,26.3],[9,499,38,7,21,10,13,12,13,0,34.2,31.6,34.2],[10,491,38,11,21,6,11,12,15,-4,28.9,31.6,39.5],[11,484,38,29,9,0,10,7,21,-11,26.3,18.4,55.3],[12,481,38,16,19,3,8,8,22,-14,21.1,21.1,57.9],[13,488,2,0,2,0,0,1,1,-1,0,50,50]];
var HomeHalfPanLu = [[1,16584,19,2,11,6,9,5,5,4,47.4,26.3,26.3],[2,477,19,3,11,5,8,6,5,3,42.1,31.6,26.3],[3,9945,20,5,12,3,8,7,5,3,40,35,25],[4,741,19,3,13,3,7,6,6,1,36.8,31.6,31.6],[5,5586,19,3,12,4,7,5,7,0,36.8,26.3,36.8],[6,480,19,17,2,0,7,2,10,-3,36.8,10.5,52.6],[7,497,19,0,14,5,6,9,4,2,31.6,47.4,21.1],[8,491,19,9,8,2,6,5,8,-2,31.6,26.3,42.1],[9,499,19,6,9,4,5,6,8,-3,26.3,31.6,42.1],[10,484,19,16,3,0,5,2,12,-7,26.3,10.5,63.2],[11,4075,18,9,8,1,4,5,9,-5,22.2,27.8,50],[12,481,20,12,8,0,3,2,15,-12,15,10,75],[13,488,1,0,1,0,0,1,0,0,0,100,0]];
var GuestHalfPanLu = [[1,16584,19,0,5,14,13,0,6,7,68.4,0,31.6],[2,4075,20,1,14,5,12,6,2,10,60,30,10],[3,497,19,0,2,17,11,1,7,4,57.9,5.3,36.8],[4,5586,19,0,7,12,10,5,4,6,52.6,26.3,21.1],[5,499,19,1,12,6,8,6,5,3,42.1,31.6,26.3],[6,480,19,12,7,0,7,4,8,-1,36.8,21.1,42.1],[7,741,19,0,11,8,6,9,4,2,31.6,47.4,21.1],[8,477,19,0,9,10,6,5,8,-2,31.6,26.3,42.1],[9,9945,20,0,14,6,6,7,7,-1,30,35,35],[10,481,18,4,11,3,5,6,7,-2,27.8,33.3,38.9],[11,491,19,2,13,4,5,7,7,-2,26.3,36.8,36.8],[12,484,19,13,6,0,5,5,9,-4,26.3,26.3,47.4],[13,488,1,0,1,0,0,0,1,-1,0,0,100]];
var addUp = [110,47.8,21,9.1,99,43,[55.3,497],[57.9,481],[100,488],[65,481],[52.6,5586],[100,488],[13.2,484,480,16584],[0,488]];
var addUpHalf = [75,32.6,61,26.5,94,40.9,[57.9,16584],[57.9,481],[47.4,16584],[75,481],[68.4,16584],[100,488],[50,488],[13.2,16584]];
var lastUpdateTime = '2025-01-18 16:23:18';
