var arrLeague = [15,'南韩K联赛','南韓K聯賽','K League 1','2021','#0542b1','league_match/images/20190423203352.jpg','韩K联','韓K聯','KOR D1'];
var arrTeam = [[477,'城南足球俱乐部','城南FC','Seongnam FC','','images/477/1gxsf6qkxc2j.png',0],[480,'蔚山HD','蔚山HD','Ulsan HD FC','','images/1j1c2yt4wj7.png',0],[481,'浦项制铁','浦項制鐵','Pohang Steelers','','images/481/1h1jgrf3gp0.png',0],[484,'全北现代','全北汽車','Jeonbuk Hyundai Motors','','images/484/1h1jgrf3gr2k.png',0],[488,'大田市民','大田市民','Daejeon Citizen','','images/488/1gxsf6qkda2b.png',0],[491,'大邱FC','大邱FC','Daegu FC','','images/491/1gxsf6qkd41p.png',0],[497,'仁川联队','仁川聯','Incheon United','','images/497/1h6swyavg60.png',0],[499,'水原三星','水原三星','Suwon Samsung Bluewings','','images/499/1gxsf6qjy02n.png',0],[741,'FC首尔','FC首爾','FC Seoul','','images/741/1gxsf6qjyq26.png',0],[4075,'济州联队','濟州聯','Jeju United','','images/4075/1gxsf6qjyw29.png',0],[5586,'水原FC','水原FC','Suwon FC','','images/5586/1gxsf6qjy222.png',0],[9945,'江原FC','FC江原','Gangwon FC','','images/9945/1gxsf6qkdd19.png',0],[16584,'光州FC','FC光州','Gwangju Football Club','','images/1gsq1q2mds5.png',0]];
var TotalBs = [[1,480,38,23,0,15,60.5,0,39.5],[2,5586,38,23,0,15,60.5,0,39.5],[3,4075,38,20,0,18,52.6,0,47.4],[4,499,38,19,1,18,50,2.6,47.4],[5,16584,38,18,1,19,47.4,2.6,50],[6,9945,40,18,2,20,45,5,50],[7,491,38,17,1,20,44.7,2.6,52.6],[8,484,38,17,1,20,44.7,2.6,52.6],[9,741,38,17,0,21,44.7,0,55.3],[10,477,38,16,3,19,42.1,7.9,50],[11,481,38,16,0,22,42.1,0,57.9],[12,497,38,15,1,22,39.5,2.6,57.9],[13,488,2,1,0,1,50,0,50]];
var HomeBs = [[1,5586,19,12,0,7,63.2,0,36.8],[2,499,19,11,1,7,57.9,5.3,36.8],[3,480,19,11,0,8,57.9,0,42.1],[4,4075,18,10,0,8,55.6,0,44.4],[5,741,19,10,0,9,52.6,0,47.4],[6,481,20,10,0,10,50,0,50],[7,9945,20,10,0,10,50,0,50],[8,484,19,9,1,9,47.4,5.3,47.4],[9,16584,19,8,1,10,42.1,5.3,52.6],[10,491,19,8,0,11,42.1,0,57.9],[11,477,19,6,2,11,31.6,10.5,57.9],[12,497,19,5,0,14,26.3,0,73.7],[13,488,1,0,0,1,0,0,100]];
var GuestBs = [[1,480,19,12,0,7,63.2,0,36.8],[2,5586,19,11,0,8,57.9,0,42.1],[3,497,19,10,1,8,52.6,5.3,42.1],[4,477,19,10,1,8,52.6,5.3,42.1],[5,16584,19,10,0,9,52.6,0,47.4],[6,4075,20,10,0,10,50,0,50],[7,491,19,9,1,9,47.4,5.3,47.4],[8,9945,20,8,2,10,40,10,50],[9,499,19,8,0,11,42.1,0,57.9],[10,484,19,8,0,11,42.1,0,57.9],[11,741,19,7,0,12,36.8,0,63.2],[12,481,18,6,0,12,33.3,0,66.7],[13,488,1,1,0,0,100,0,0]];
var TotalBsHalf = [[1,477,38,21,2,15,55.3,5.3,39.5],[2,741,38,15,9,14,39.5,23.7,36.8],[3,5586,38,15,8,15,39.5,21.1,39.5],[4,499,38,15,6,17,39.5,15.8,44.7],[5,4075,38,15,5,18,39.5,13.2,47.4],[6,16584,38,14,9,15,36.8,23.7,39.5],[7,9945,40,14,10,16,35,25,40],[8,480,38,13,12,13,34.2,31.6,34.2],[9,497,38,13,9,16,34.2,23.7,42.1],[10,491,38,12,9,17,31.6,23.7,44.7],[11,481,38,10,11,17,26.3,28.9,44.7],[12,484,38,10,10,18,26.3,26.3,47.4],[13,488,2,1,0,1,50,0,50]];
var HomeBsHalf = [[1,741,19,10,5,4,52.6,26.3,21.1],[2,477,19,9,2,8,47.4,10.5,42.1],[3,5586,19,8,5,6,42.1,26.3,31.6],[4,4075,18,8,3,7,44.4,16.7,38.9],[5,480,19,8,4,7,42.1,21.1,36.8],[6,9945,20,8,4,8,40,20,40],[7,484,19,7,4,8,36.8,21.1,42.1],[8,499,19,7,4,8,36.8,21.1,42.1],[9,16584,19,6,4,9,31.6,21.1,47.4],[10,497,19,5,4,10,26.3,21.1,52.6],[11,481,20,4,7,9,20,35,45],[12,491,19,4,4,11,21.1,21.1,57.9],[13,488,1,0,0,1,0,0,100]];
var GuestBsHalf = [[1,477,19,12,0,7,63.2,0,36.8],[2,491,19,8,5,6,42.1,26.3,31.6],[3,497,19,8,5,6,42.1,26.3,31.6],[4,16584,19,8,5,6,42.1,26.3,31.6],[5,499,19,8,2,9,42.1,10.5,47.4],[6,5586,19,7,3,9,36.8,15.8,47.4],[7,4075,20,7,2,11,35,10,55],[8,9945,20,6,6,8,30,30,40],[9,481,18,6,4,8,33.3,22.2,44.4],[10,480,19,5,8,6,26.3,42.1,31.6],[11,741,19,5,4,10,26.3,21.1,52.6],[12,484,19,3,6,10,15.8,31.6,52.6],[13,488,1,1,0,0,100,0,0]];
var addUp = [220,47.8,10,2.2,230,50,[60.5,480,5586],[57.9,481,497],[63.2,5586],[100,488],[100,488],[66.7,481]];
var addUpHalf = [168,36.5,100,21.7,192,41.7,[55.3,477],[50,488],[52.6,741],[100,488],[100,488],[55,4075]];
var lastUpdateTime = '2025-01-18 16:23:27';
