var arrLeague = [5,'比利时甲组联赛','比利時甲組聯賽','Belgian Pro League','2023-2024','#FC9B0A','league_match/images/1j5w1nybsp9.png','比甲','比甲','BEL D1'];
var arrTeam = [[118,'韦斯特鲁','韋斯達路','Westerlo','','images/118/1jeascxjbx31.png',0],[122,'沙勒罗瓦','查內爾','Charleroi','','images/122/1j3veftrymp.png',0],[130,'标准列日','標準列治','Standard Liege','','images/130/1j3veftre2e.png',0],[140,'根特','真特','KAA Gent','','images/140/1gv1yqjs390.png',0],[147,'亨克','亨克','Racing Genk','','images/147/1h54k7bfph11.png',0],[148,'布鲁日','布魯日','Club Brugge','','images/148/1hxqrpwvs12q.png',0],[153,'安德莱赫特','安德列治','Anderlecht','','images/153/1gv1yqjs302r.png',0],[156,'圣图尔登','聖圖爾登','Sint-Truidense','','images/156/1hcgsmb1gpc.png',0],[164,'色格拉布鲁日','色格拉布魯日','Cercle Brugge','','images/164/1gq1zqkdtp6.png',0],[1242,'科特赖克','哥積克','Kortrijk','','images/1242/1j22rz4and1t.png',0],[1244,'梅赫伦','梅赫倫','Mechelen','','images/1244/1gtqkzv9ys23.png',0],[1316,'欧本','歐本','KAS Eupen','','images/1316/1j5hhgvw2cv.png',0],[1317,'圣吉罗斯','聖吉羅斯','Saint Gilloise','','images/1317/1hxqrpwvsyx.png',0],[1686,'安特卫普','安特衛普','Royal Antwerp','','images/1686/1gtqkzv9yt13.png',0],[2606,'奥德赫维里','奧特希費利','Oud Heverlee','','images/2606/1gq15c96p07.png',0],[2607,'洛默尔','隆姆','KVSK Lommel','','images/167125977966.png',0],[21829,'莫伦贝克','莫倫貝克','Jeunesse Molenbeek','','images/21829/1h6fp5ef3e2z.png',0]];
var TotalPanLu = [[1,1244,40,12,6,22,26,0,14,12,65,0,35],[2,153,40,26,3,11,25,1,14,11,62.5,2.5,35],[3,164,40,19,5,16,23,1,16,7,57.5,2.5,40],[4,1317,40,32,6,2,22,1,17,5,55,2.5,42.5],[5,156,40,13,5,22,21,3,16,5,52.5,7.5,40],[6,148,40,36,1,3,21,1,18,3,52.5,2.5,45],[7,140,41,33,3,5,21,1,19,2,51.2,2.4,46.3],[8,2606,40,9,5,26,20,3,17,3,50,7.5,42.5],[9,147,41,26,4,11,18,0,23,-5,43.9,0,56.1],[10,1242,38,4,5,29,16,3,19,-3,42.1,7.9,50],[11,1686,40,24,4,12,17,1,22,-5,42.5,2.5,55],[12,118,39,10,4,25,16,3,20,-4,41,7.7,51.3],[13,122,36,15,3,18,15,2,19,-4,41.7,5.6,52.8],[14,21829,36,5,7,24,14,2,20,-6,38.9,5.6,55.6],[15,1316,36,2,3,31,13,1,22,-9,36.1,2.8,61.1],[16,2607,2,0,1,1,1,0,1,0,50,0,50],[17,130,39,13,5,21,13,1,25,-12,33.3,2.6,64.1]];
var HomePanLu = [[1,153,20,15,3,2,14,1,5,9,70,5,25],[2,1244,20,10,2,8,14,0,6,8,70,0,30],[3,156,20,11,1,8,11,1,8,3,55,5,40],[4,164,20,10,5,5,11,1,8,3,55,5,40],[5,148,20,20,0,0,11,0,9,2,55,0,45],[6,2606,20,8,3,9,11,0,9,2,55,0,45],[7,1686,20,15,1,4,10,0,10,0,50,0,50],[8,122,18,11,0,7,8,1,9,-1,44.4,5.6,50],[9,1317,20,20,0,0,9,0,11,-2,45,0,55],[10,147,21,16,3,2,9,0,12,-3,42.9,0,57.1],[11,140,20,19,1,0,8,1,11,-3,40,5,55],[12,1316,18,2,3,13,7,0,11,-4,38.9,0,61.1],[13,1242,19,4,4,11,7,2,10,-3,36.8,10.5,52.6],[14,21829,18,5,4,9,6,2,10,-4,33.3,11.1,55.6],[15,130,19,11,0,8,6,0,13,-7,31.6,0,68.4],[16,118,20,8,4,8,6,3,11,-5,30,15,55],[17,2607,1,0,1,0,0,0,1,-1,0,0,100]];
var GuestPanLu = [[1,1317,20,12,6,2,13,1,6,7,65,5,30],[2,140,21,14,2,5,13,0,8,5,61.9,0,38.1],[3,164,20,9,0,11,12,0,8,4,60,0,40],[4,1244,20,2,4,14,12,0,8,4,60,0,40],[5,153,20,11,0,9,11,0,9,2,55,0,45],[6,118,19,2,0,17,10,0,9,1,52.6,0,47.4],[7,2607,1,0,0,1,1,0,0,1,100,0,0],[8,156,20,2,4,14,10,2,8,2,50,10,40],[9,148,20,16,1,3,10,1,9,1,50,5,45],[10,1242,19,0,1,18,9,1,9,0,47.4,5.3,47.4],[11,2606,20,1,2,17,9,3,8,1,45,15,40],[12,147,20,10,1,9,9,0,11,-2,45,0,55],[13,21829,18,0,3,15,8,0,10,-2,44.4,0,55.6],[14,122,18,4,3,11,7,1,10,-3,38.9,5.6,55.6],[15,130,20,2,5,13,7,1,12,-5,35,5,60],[16,1686,20,9,3,8,7,1,12,-5,35,5,60],[17,1316,18,0,0,18,6,1,11,-5,33.3,5.6,61.1]];
var TotalHalfPanLu = [[1,153,40,22,10,8,24,2,14,10,60,5,35],[2,1317,40,28,11,1,21,4,15,6,52.5,10,37.5],[3,148,40,31,8,1,19,4,17,2,47.5,10,42.5],[4,118,39,7,10,23,18,4,17,1,46.2,10.3,43.6],[5,1244,40,10,11,19,18,6,16,2,45,15,40],[6,156,40,8,15,17,17,9,14,3,42.5,22.5,35],[7,2606,40,5,11,24,17,5,18,-1,42.5,12.5,45],[8,130,39,7,17,16,16,9,14,2,41,23.1,35.9],[9,140,41,30,7,4,17,4,20,-3,41.5,9.8,48.8],[10,147,41,24,10,7,17,4,20,-3,41.5,9.8,48.8],[11,1316,36,0,11,25,14,7,15,-1,38.9,19.4,41.7],[12,1686,40,21,13,6,15,6,19,-4,37.5,15,47.5],[13,164,40,15,12,13,15,6,19,-4,37.5,15,47.5],[14,21829,36,2,13,21,13,9,14,-1,36.1,25,38.9],[15,122,36,12,10,14,13,6,17,-4,36.1,16.7,47.2],[16,2607,2,0,1,1,1,0,1,0,50,0,50],[17,1242,38,1,14,23,13,7,18,-5,34.2,18.4,47.4]];
var HomeHalfPanLu = [[1,153,20,13,7,0,12,2,6,6,60,10,30],[2,1317,20,18,2,0,11,1,8,3,55,5,40],[3,1244,20,10,3,7,10,2,8,2,50,10,40],[4,148,20,19,1,0,10,1,9,1,50,5,45],[5,147,21,15,6,0,10,2,9,1,47.6,9.5,42.9],[6,1686,20,12,6,2,9,4,7,2,45,20,35],[7,164,20,9,8,3,9,3,8,1,45,15,40],[8,118,20,6,6,8,9,3,8,1,45,15,40],[9,122,18,10,2,6,8,1,9,-1,44.4,5.6,50],[10,130,19,7,7,6,8,4,7,1,42.1,21.1,36.8],[11,1242,19,1,10,8,8,4,7,1,42.1,21.1,36.8],[12,156,20,7,6,7,8,4,8,0,40,20,40],[13,2606,20,5,7,8,8,3,9,-1,40,15,45],[14,140,20,17,3,0,8,1,11,-3,40,5,55],[15,1316,18,0,8,10,7,5,6,1,38.9,27.8,33.3],[16,21829,18,2,9,7,4,6,8,-4,22.2,33.3,44.4],[17,2607,1,0,1,0,0,0,1,-1,0,0,100]];
var GuestHalfPanLu = [[1,153,20,9,3,8,12,0,8,4,60,0,40],[2,2607,1,0,0,1,1,0,0,1,100,0,0],[3,1317,20,10,9,1,10,3,7,3,50,15,35],[4,21829,18,0,4,14,9,3,6,3,50,16.7,33.3],[5,118,19,1,4,15,9,1,9,0,47.4,5.3,47.4],[6,156,20,1,9,10,9,5,6,3,45,25,30],[7,148,20,12,7,1,9,3,8,1,45,15,40],[8,2606,20,0,4,16,9,2,9,0,45,10,45],[9,140,21,13,4,4,9,3,9,0,42.9,14.3,42.9],[10,130,20,0,10,10,8,5,7,1,40,25,35],[11,1244,20,0,8,12,8,4,8,0,40,20,40],[12,1316,18,0,3,15,7,2,9,-2,38.9,11.1,50],[13,147,20,9,4,7,7,2,11,-4,35,10,55],[14,164,20,6,4,10,6,3,11,-5,30,15,55],[15,1686,20,9,7,4,6,2,12,-6,30,10,60],[16,122,18,2,8,8,5,5,8,-3,27.8,27.8,44.4],[17,1242,19,0,4,15,5,3,11,-6,26.3,15.8,57.9]];
var addUp = [148,47.1,12,3.8,154,49,[65,1244],[64.1,130],[70,153,1244],[100,2607],[100,2607],[61.1,1316],[7.9,1242],[0,1244,147,2607]];
var addUpHalf = [139,44.3,46,14.6,129,41.1,[60,153],[50,2607],[60,153],[100,2607],[100,2607],[60,1686],[25,21829],[0,2607]];
var lastUpdateTime = '2025-01-18 10:06:54';
