var arrLeague = [5,'比利时甲组联赛','比利時甲組聯賽','Belgian Pro League','2023-2024','#FC9B0A','league_match/images/1j5w1nybsp9.png','比甲','比甲','BEL D1'];
var arrTeam = [[118,'韦斯特鲁','韋斯達路','Westerlo','','images/118/1jeascxjbx31.png',0],[122,'沙勒罗瓦','查內爾','Charleroi','','images/122/1j3veftrymp.png',0],[130,'标准列日','標準列治','Standard Liege','','images/130/1j3veftre2e.png',0],[140,'根特','真特','KAA Gent','','images/140/1gv1yqjs390.png',0],[147,'亨克','亨克','Racing Genk','','images/147/1h54k7bfph11.png',0],[148,'布鲁日','布魯日','Club Brugge','','images/148/1hxqrpwvs12q.png',0],[153,'安德莱赫特','安德列治','Anderlecht','','images/153/1gv1yqjs302r.png',0],[156,'圣图尔登','聖圖爾登','Sint-Truidense','','images/156/1hcgsmb1gpc.png',0],[164,'色格拉布鲁日','色格拉布魯日','Cercle Brugge','','images/164/1gq1zqkdtp6.png',0],[1242,'科特赖克','哥積克','Kortrijk','','images/1242/1j22rz4and1t.png',0],[1244,'梅赫伦','梅赫倫','Mechelen','','images/1244/1gtqkzv9ys23.png',0],[1316,'欧本','歐本','KAS Eupen','','images/1316/1j5hhgvw2cv.png',0],[1317,'圣吉罗斯','聖吉羅斯','Saint Gilloise','','images/1317/1hxqrpwvsyx.png',0],[1686,'安特卫普','安特衛普','Royal Antwerp','','images/1686/1gtqkzv9yt13.png',0],[2606,'奥德赫维里','奧特希費利','Oud Heverlee','','images/2606/1gq15c96p07.png',0],[2607,'洛默尔','隆姆','KVSK Lommel','','images/167125977966.png',0],[21829,'莫伦贝克','莫倫貝克','Jeunesse Molenbeek','','images/21829/1h6fp5ef3e2z.png',0]];
var TotalBs = [[1,21829,36,24,0,12,66.7,0,33.3],[2,1317,40,23,2,15,57.5,5,37.5],[3,153,40,23,1,16,57.5,2.5,40],[4,1244,40,22,0,18,55,0,45],[5,118,39,21,5,13,53.8,12.8,33.3],[6,140,41,21,3,17,51.2,7.3,41.5],[7,148,40,21,2,17,52.5,5,42.5],[8,1686,40,21,1,18,52.5,2.5,45],[9,122,36,17,0,19,47.2,0,52.8],[10,130,39,17,2,20,43.6,5.1,51.3],[11,147,41,17,1,23,41.5,2.4,56.1],[12,156,40,17,0,23,42.5,0,57.5],[13,164,40,15,4,21,37.5,10,52.5],[14,1316,36,14,3,19,38.9,8.3,52.8],[15,1242,38,14,3,21,36.8,7.9,55.3],[16,2606,40,13,7,20,32.5,17.5,50],[17,2607,2,0,0,2,0,0,100]];
var HomeBs = [[1,140,20,13,2,5,65,10,25],[2,118,20,12,1,7,60,5,35],[3,1317,20,12,1,7,60,5,35],[4,1686,20,12,0,8,60,0,40],[5,1244,20,12,0,8,60,0,40],[6,153,20,11,1,8,55,5,40],[7,148,20,11,0,9,55,0,45],[8,21829,18,10,0,8,55.6,0,44.4],[9,147,21,10,1,10,47.6,4.8,47.6],[10,122,18,9,0,9,50,0,50],[11,164,20,9,1,10,45,5,50],[12,1316,18,8,1,9,44.4,5.6,50],[13,1242,19,7,2,10,36.8,10.5,52.6],[14,156,20,6,0,14,30,0,70],[15,2606,20,4,6,10,20,30,50],[16,130,19,4,1,14,21.1,5.3,73.7],[17,2607,1,0,0,1,0,0,100]];
var GuestBs = [[1,21829,18,14,0,4,77.8,0,22.2],[2,130,20,13,1,6,65,5,30],[3,153,20,12,0,8,60,0,40],[4,1317,20,11,1,8,55,5,40],[5,156,20,11,0,9,55,0,45],[6,148,20,10,2,8,50,10,40],[7,1244,20,10,0,10,50,0,50],[8,118,19,9,4,6,47.4,21.1,31.6],[9,1686,20,9,1,10,45,5,50],[10,2606,20,9,1,10,45,5,50],[11,122,18,8,0,10,44.4,0,55.6],[12,140,21,8,1,12,38.1,4.8,57.1],[13,1242,19,7,1,11,36.8,5.3,57.9],[14,147,20,7,0,13,35,0,65],[15,1316,18,6,2,10,33.3,11.1,55.6],[16,164,20,6,3,11,30,15,55],[17,2607,1,0,0,1,0,0,100]];
var TotalBsHalf = [[1,21829,36,22,3,11,61.1,8.3,30.6],[2,140,41,21,5,15,51.2,12.2,36.6],[3,1317,40,19,7,14,47.5,17.5,35],[4,118,39,17,6,16,43.6,15.4,41],[5,130,39,16,6,17,41,15.4,43.6],[6,164,40,14,4,22,35,10,55],[7,2606,40,14,3,23,35,7.5,57.5],[8,1244,40,13,8,19,32.5,20,47.5],[9,156,40,12,14,14,30,35,35],[10,1316,36,12,4,20,33.3,11.1,55.6],[11,153,40,11,15,14,27.5,37.5,35],[12,122,36,11,6,19,30.6,16.7,52.8],[13,1242,38,10,9,19,26.3,23.7,50],[14,1686,40,10,8,22,25,20,55],[15,148,40,9,7,24,22.5,17.5,60],[16,147,41,9,7,25,22,17.1,61],[17,2607,2,0,2,0,0,100,0]];
var HomeBsHalf = [[1,21829,18,12,2,4,66.7,11.1,22.2],[2,1317,20,12,2,6,60,10,30],[3,140,20,11,1,8,55,5,40],[4,118,20,10,2,8,50,10,40],[5,164,20,8,2,10,40,10,50],[6,1244,20,7,4,9,35,20,45],[7,1316,18,6,2,10,33.3,11.1,55.6],[8,1686,20,6,4,10,30,20,50],[9,2606,20,6,2,12,30,10,60],[10,1242,19,5,4,10,26.3,21.1,52.6],[11,130,19,5,4,10,26.3,21.1,52.6],[12,148,20,5,4,11,25,20,55],[13,147,21,5,3,13,23.8,14.3,61.9],[14,156,20,4,9,7,20,45,35],[15,153,20,4,7,9,20,35,45],[16,122,18,4,4,10,22.2,22.2,55.6],[17,2607,1,0,1,0,0,100,0]];
var GuestBsHalf = [[1,130,20,11,2,7,55,10,35],[2,140,21,10,4,7,47.6,19,33.3],[3,21829,18,10,1,7,55.6,5.6,38.9],[4,156,20,8,5,7,40,25,35],[5,2606,20,8,1,11,40,5,55],[6,153,20,7,8,5,35,40,25],[7,1317,20,7,5,8,35,25,40],[8,118,19,7,4,8,36.8,21.1,42.1],[9,122,18,7,2,9,38.9,11.1,50],[10,1244,20,6,4,10,30,20,50],[11,1316,18,6,2,10,33.3,11.1,55.6],[12,164,20,6,2,12,30,10,60],[13,1242,19,5,5,9,26.3,26.3,47.4],[14,147,20,4,4,12,20,20,60],[15,1686,20,4,4,12,20,20,60],[16,148,20,4,3,13,20,15,65],[17,2607,1,0,1,0,0,100,0]];
var addUp = [300,47.8,34,5.4,294,46.8,[66.7,21829],[100,2607],[65,140],[100,2607],[77.8,21829],[100,2607]];
var addUpHalf = [220,35,114,18.2,294,46.8,[61.1,21829],[61,147],[66.7,21829],[61.9,147],[55.6,21829],[65,148]];
var lastUpdateTime = '2025-01-18 10:07:10';
