var arrLeague = [12,'法国乙组联赛','法國乙組聯賽','France Ligue 2','2025-2026','#B1A7A7','league_match/images/1j5w0bknv81g.png','法乙','法乙','FRA D2'];
var arrTeam = [[245,'巴斯蒂亚','巴斯蒂亞','Bastia','','images/245/1kenbqaneq2z.png',0],[255,'圣埃蒂安','聖伊天','Saint Etienne','','images/16487117719.png',0],[259,'尼斯','奈斯','Nice','','images/259/1kenbqanxq6.png',0],[301,'南锡','南錫','Nancy','','images/301/1kenbqamyrn.png',0],[313,'克莱蒙','克萊蒙特','Clermont','','images/164871190892.png',0],[328,'勒芒','利文斯','Le Mans','','images/328/1kenbqane42c.png',0],[330,'拉瓦勒','拉瓦勒','Stade Lavallois MFC','','images/330/1kenbqanx21q.png',0],[351,'蒙彼利埃','蒙彼利埃','Montpellier','','images/351/1kenbqapd52w.png',0],[362,'甘冈','吉英坎','Guingamp','','images/362/1h71kxn4hte.png',0],[366,'特鲁瓦','特魯瓦','Troyes','','images/366/1kenbqane83.png',0],[382,'亚眠','阿美恩斯','Amiens','','images/382/1kenbqanx02.png',0],[393,'格勒诺布尔','格勒諾布爾','Grenoble','','images/393/1h71ky6nmac.png',0],[784,'鲁昂','魯昂','FC Rouen','','images/784/1j4v054w6fm.png',0],[1740,'罗德兹','羅德茲','Rodez Aveyron','','images/1740/1h71kxn41hh.png',0],[1793,'布洛涅','布羅尼','Boulogne','','images/1793/1h8qpgk87g1j.png',0],[2102,'波城','波城','Pau FC','','images/2102/1gqbpjxvd41d.png',0],[4957,'兰斯','蘭斯','Reims','','images/4957/1kenbqamyt1s.png',0],[5003,'USL敦刻尔克','USL敦克爾克','USL Dunkerque','','images/5003/1ke5vc9s3115.png',0],[7165,'阿纳西','安納西','FC Annecy','','images/7165/1gqbpjxvd41.png',0],[12220,'红星','紅星','Red Star FC 93','','images/12220/1j3p925km716.png',0]];
var TotalBs = [[1,2102,34,23,0,11,67.6,0,32.4],[2,255,37,20,1,16,54.1,2.7,43.2],[3,7165,34,19,2,13,55.9,5.9,38.2],[4,362,34,19,0,15,55.9,0,44.1],[5,366,34,19,0,15,55.9,0,44.1],[6,382,34,19,0,15,55.9,0,44.1],[7,12220,35,19,0,16,54.3,0,45.7],[8,301,34,18,1,15,52.9,2.9,44.1],[9,5003,34,18,1,15,52.9,2.9,44.1],[10,1740,36,17,1,18,47.2,2.8,50],[11,1793,34,16,1,17,47.1,2.9,50],[12,313,34,16,0,18,47.1,0,52.9],[13,4957,34,15,0,19,44.1,0,55.9],[14,330,36,13,4,19,36.1,11.1,52.8],[15,393,34,13,0,21,38.2,0,61.8],[16,328,34,12,1,21,35.3,2.9,61.8],[17,351,34,10,1,23,29.4,2.9,67.6],[18,245,34,7,5,22,20.6,14.7,64.7],[19,259,2,1,0,1,50,0,50],[20,784,2,0,0,2,0,0,100]];
var HomeBs = [[1,2102,17,12,0,5,70.6,0,29.4],[2,255,19,12,0,7,63.2,0,36.8],[3,366,17,11,0,6,64.7,0,35.3],[4,1793,17,11,0,6,64.7,0,35.3],[5,12220,18,10,0,8,55.6,0,44.4],[6,7165,17,9,1,7,52.9,5.9,41.2],[7,382,17,9,0,8,52.9,0,47.1],[8,330,18,8,2,8,44.4,11.1,44.4],[9,351,17,8,1,8,47.1,5.9,47.1],[10,362,17,8,0,9,47.1,0,52.9],[11,301,17,8,0,9,47.1,0,52.9],[12,4957,17,8,0,9,47.1,0,52.9],[13,313,17,7,0,10,41.2,0,58.8],[14,5003,17,6,1,10,35.3,5.9,58.8],[15,1740,17,6,1,10,35.3,5.9,58.8],[16,393,17,5,0,12,29.4,0,70.6],[17,245,17,4,2,11,23.5,11.8,64.7],[18,328,17,4,1,12,23.5,5.9,70.6],[19,259,1,1,0,0,100,0,0],[20,784,1,0,0,1,0,0,100]];
var GuestBs = [[1,5003,17,12,0,5,70.6,0,29.4],[2,362,17,11,0,6,64.7,0,35.3],[3,2102,17,11,0,6,64.7,0,35.3],[4,1740,19,11,0,8,57.9,0,42.1],[5,7165,17,10,1,6,58.8,5.9,35.3],[6,301,17,10,1,6,58.8,5.9,35.3],[7,382,17,10,0,7,58.8,0,41.2],[8,12220,17,9,0,8,52.9,0,47.1],[9,313,17,9,0,8,52.9,0,47.1],[10,328,17,8,0,9,47.1,0,52.9],[11,366,17,8,0,9,47.1,0,52.9],[12,255,18,8,1,9,44.4,5.6,50],[13,393,17,8,0,9,47.1,0,52.9],[14,4957,17,7,0,10,41.2,0,58.8],[15,1793,17,5,1,11,29.4,5.9,64.7],[16,330,18,5,2,11,27.8,11.1,61.1],[17,245,17,3,3,11,17.6,17.6,64.7],[18,351,17,2,0,15,11.8,0,88.2],[19,784,1,0,0,1,0,0,100],[20,259,1,0,0,1,0,0,100]];
var TotalBsHalf = [[1,2102,34,17,8,9,50,23.5,26.5],[2,5003,34,15,11,8,44.1,32.4,23.5],[3,7165,34,15,11,8,44.1,32.4,23.5],[4,4957,34,15,7,12,44.1,20.6,35.3],[5,330,36,15,9,12,41.7,25,33.3],[6,245,34,15,7,12,44.1,20.6,35.3],[7,255,37,14,7,16,37.8,18.9,43.2],[8,362,34,13,9,12,38.2,26.5,35.3],[9,328,34,13,6,15,38.2,17.6,44.1],[10,301,34,12,12,10,35.3,35.3,29.4],[11,366,34,12,8,14,35.3,23.5,41.2],[12,12220,35,12,8,15,34.3,22.9,42.9],[13,382,34,11,10,13,32.4,29.4,38.2],[14,313,34,11,8,15,32.4,23.5,44.1],[15,1793,34,11,8,15,32.4,23.5,44.1],[16,393,34,10,8,16,29.4,23.5,47.1],[17,1740,36,10,10,16,27.8,27.8,44.4],[18,351,34,9,11,14,26.5,32.4,41.2],[19,784,2,0,2,0,0,100,0],[20,259,2,0,0,2,0,0,100]];
var HomeBsHalf = [[1,255,19,9,3,7,47.4,15.8,36.8],[2,366,17,8,6,3,47.1,35.3,17.6],[3,351,17,8,5,4,47.1,29.4,23.5],[4,7165,17,8,4,5,47.1,23.5,29.4],[5,301,17,7,6,4,41.2,35.3,23.5],[6,245,17,7,5,5,41.2,29.4,29.4],[7,330,18,7,6,5,38.9,33.3,27.8],[8,1793,17,7,4,6,41.2,23.5,35.3],[9,2102,17,7,4,6,41.2,23.5,35.3],[10,4957,17,7,3,7,41.2,17.6,41.2],[11,5003,17,6,5,6,35.3,29.4,35.3],[12,362,17,6,5,6,35.3,29.4,35.3],[13,12220,18,6,5,7,33.3,27.8,38.9],[14,382,17,6,3,8,35.3,17.6,47.1],[15,1740,17,5,4,8,29.4,23.5,47.1],[16,313,17,4,6,7,23.5,35.3,41.2],[17,393,17,4,2,11,23.5,11.8,64.7],[18,328,17,3,3,11,17.6,17.6,64.7],[19,784,1,0,1,0,0,100,0],[20,259,1,0,0,1,0,0,100]];
var GuestBsHalf = [[1,2102,17,10,4,3,58.8,23.5,17.6],[2,328,17,10,3,4,58.8,17.6,23.5],[3,5003,17,9,6,2,52.9,35.3,11.8],[4,4957,17,8,4,5,47.1,23.5,29.4],[5,330,18,8,3,7,44.4,16.7,38.9],[6,245,17,8,2,7,47.1,11.8,41.2],[7,7165,17,7,7,3,41.2,41.2,17.6],[8,362,17,7,4,6,41.2,23.5,35.3],[9,313,17,7,2,8,41.2,11.8,47.1],[10,393,17,6,6,5,35.3,35.3,29.4],[11,12220,17,6,3,8,35.3,17.6,47.1],[12,382,17,5,7,5,29.4,41.2,29.4],[13,301,17,5,6,6,29.4,35.3,35.3],[14,1740,19,5,6,8,26.3,31.6,42.1],[15,255,18,5,4,9,27.8,22.2,50],[16,1793,17,4,4,9,23.5,23.5,52.9],[17,366,17,4,2,11,23.5,11.8,64.7],[18,351,17,1,6,10,5.9,35.3,58.8],[19,784,1,0,1,0,0,100,0],[20,259,1,0,0,1,0,0,100]];
var addUp = [294,47.1,18,2.9,312,50,[67.6,2102],[100,784],[100,259],[100,784],[70.6,5003],[100,784,259]];
var addUpHalf = [230,36.9,160,25.6,234,37.5,[50,2102],[100,259],[47.4,255],[100,259],[58.8,2102,328],[100,259]];
var lastUpdateTime = '2026-05-31 06:59:53';
