var arrLeague = [4,'巴西甲组联赛','巴西甲組聯賽','Brazil Serie A','2017','#996600','league_match/images/1ka8jt39av1h.png','巴西甲','巴西甲','BRA D1'];
var arrTeam = [[337,'桑托斯','山度士','Santos','','images/337/1kenbw23by2e.png',0],[343,'米内罗竞技','明尼路','Atletico Mineiro','','images/343/1kenc1xn9718.png',0],[347,'巴拉纳竞技','巴拉納體育會','Atletico Paranaense','','images/347/1gxhxt30w91z.png',0],[349,'科林蒂安','哥連泰斯','Corinthians Paulista (SP)','','images/349/1kenbw23b02k.png',0],[350,'科里蒂巴','哥列迪巴','Coritiba PR','','images/350/1gy3wybtj81j.png',0],[354,'克鲁塞罗','高士路','Cruzeiro','','images/354/1kenc1xn9nx.png',0],[356,'弗拉门戈','法林明高','Flamengo','','images/356/1kenbw8gyq1r.png',0],[364,'格雷米奥','甘美奧','Gremio (RS)','','images/364/1kenc158vg5.png',0],[381,'庞特普雷塔','邦迪比達','Ponte Preta','','images/381/1kenbw22w52.png',0],[453,'圣保罗','聖保羅','Sao Paulo','','images/453/1kenbw23bpc.png',0],[456,'瓦斯科达伽马','華斯高','Vasco da Gama','','images/456/1j9d3cawpjh.png',0],[462,'维多利亚','維多利亞','Vitoria BA','','images/462/1kenc22hj62j.png',0],[465,'帕尔梅拉斯','彭美拉斯','Palmeiras','','images/465/1kenbw23vq1p.png',0],[467,'博塔弗戈','保地花高','Botafogo RJ','','images/467/1kkanen7g5z.png',0],[469,'弗鲁米嫩塞','富明尼斯','Fluminense RJ','','images/469/1hxqrprbsp13.png',0],[1979,'巴伊亚','巴希亞','Bahia','','images/1979/1kenc22hj5r.png',0],[4175,'奥瓦','艾華爾','Avai FC','','images/4175/1kkd9zm8wsr.png',0],[4176,'累西腓体育','利斯菲體育會','Sport Club do Recife','','images/4176/1kenc0zfrg21.png',0],[5156,'戈亚尼亚竞技','戈亞尼恩斯','Atletico Clube Goianiense','','images/5156/1km207s9ja1h.png',0],[7344,'沙佩科恩斯','查比高恩斯','Chapecoense SC','','images/7344/1ke8cs2c882p.png',0]];
var TotalBs = [[1,462,38,22,0,16,57.9,0,42.1],[2,469,38,20,0,18,52.6,0,47.4],[3,4176,38,19,0,19,50,0,50],[4,1979,38,18,1,19,47.4,2.6,50],[5,465,38,18,0,20,47.4,0,52.6],[6,343,38,18,0,20,47.4,0,52.6],[7,381,38,18,0,20,47.4,0,52.6],[8,350,38,17,0,21,44.7,0,55.3],[9,5156,38,17,0,21,44.7,0,55.3],[10,467,38,16,1,21,42.1,2.6,55.3],[11,456,38,16,1,21,42.1,2.6,55.3],[12,453,38,16,0,22,42.1,0,57.9],[13,7344,38,14,1,23,36.8,2.6,60.5],[14,347,38,13,0,25,34.2,0,65.8],[15,354,38,13,0,25,34.2,0,65.8],[16,349,38,11,1,26,28.9,2.6,68.4],[17,4175,38,11,1,26,28.9,2.6,68.4],[18,356,38,11,0,27,28.9,0,71.1],[19,364,38,10,0,28,26.3,0,73.7],[20,337,38,10,0,28,26.3,0,73.7]];
var HomeBs = [[1,462,19,11,0,8,57.9,0,42.1],[2,381,19,11,0,8,57.9,0,42.1],[3,467,19,11,0,8,57.9,0,42.1],[4,1979,19,10,1,8,52.6,5.3,42.1],[5,343,19,10,0,9,52.6,0,47.4],[6,469,19,9,0,10,47.4,0,52.6],[7,349,19,8,0,11,42.1,0,57.9],[8,453,19,8,0,11,42.1,0,57.9],[9,347,19,8,0,11,42.1,0,57.9],[10,350,19,7,0,12,36.8,0,63.2],[11,5156,19,7,0,12,36.8,0,63.2],[12,4176,19,7,0,12,36.8,0,63.2],[13,465,19,7,0,12,36.8,0,63.2],[14,456,19,6,1,12,31.6,5.3,63.2],[15,4175,19,6,1,12,31.6,5.3,63.2],[16,354,19,6,0,13,31.6,0,68.4],[17,356,19,6,0,13,31.6,0,68.4],[18,7344,19,6,0,13,31.6,0,68.4],[19,337,19,6,0,13,31.6,0,68.4],[20,364,19,4,0,15,21.1,0,78.9]];
var GuestBs = [[1,4176,19,12,0,7,63.2,0,36.8],[2,462,19,11,0,8,57.9,0,42.1],[3,469,19,11,0,8,57.9,0,42.1],[4,465,19,11,0,8,57.9,0,42.1],[5,456,19,10,0,9,52.6,0,47.4],[6,350,19,10,0,9,52.6,0,47.4],[7,5156,19,10,0,9,52.6,0,47.4],[8,7344,19,8,1,10,42.1,5.3,52.6],[9,343,19,8,0,11,42.1,0,57.9],[10,453,19,8,0,11,42.1,0,57.9],[11,1979,19,8,0,11,42.1,0,57.9],[12,381,19,7,0,12,36.8,0,63.2],[13,354,19,7,0,12,36.8,0,63.2],[14,364,19,6,0,13,31.6,0,68.4],[15,467,19,5,1,13,26.3,5.3,68.4],[16,347,19,5,0,14,26.3,0,73.7],[17,4175,19,5,0,14,26.3,0,73.7],[18,356,19,5,0,14,26.3,0,73.7],[19,337,19,4,0,15,21.1,0,78.9],[20,349,19,3,1,15,15.8,5.3,78.9]];
var TotalBsHalf = [[1,347,38,21,5,12,55.3,13.2,31.6],[2,354,38,20,10,8,52.6,26.3,21.1],[3,465,38,19,6,13,50,15.8,34.2],[4,7344,38,17,11,10,44.7,28.9,26.3],[5,350,38,17,10,11,44.7,26.3,28.9],[6,1979,38,17,9,12,44.7,23.7,31.6],[7,4175,38,17,7,14,44.7,18.4,36.8],[8,467,38,17,7,14,44.7,18.4,36.8],[9,469,38,16,16,6,42.1,42.1,15.8],[10,381,38,15,12,11,39.5,31.6,28.9],[11,4176,38,15,12,11,39.5,31.6,28.9],[12,462,38,15,12,11,39.5,31.6,28.9],[13,453,38,15,9,14,39.5,23.7,36.8],[14,343,38,14,18,6,36.8,47.4,15.8],[15,5156,38,14,14,10,36.8,36.8,26.3],[16,364,38,14,7,17,36.8,18.4,44.7],[17,456,38,13,14,11,34.2,36.8,28.9],[18,337,38,13,9,16,34.2,23.7,42.1],[19,349,38,13,8,17,34.2,21.1,44.7],[20,356,38,10,12,16,26.3,31.6,42.1]];
var HomeBsHalf = [[1,381,19,12,2,5,63.2,10.5,26.3],[2,467,19,11,5,3,57.9,26.3,15.8],[3,347,19,11,2,6,57.9,10.5,31.6],[4,343,19,10,4,5,52.6,21.1,26.3],[5,1979,19,10,4,5,52.6,21.1,26.3],[6,7344,19,9,5,5,47.4,26.3,26.3],[7,465,19,9,4,6,47.4,21.1,31.6],[8,4176,19,9,4,6,47.4,21.1,31.6],[9,4175,19,9,1,9,47.4,5.3,47.4],[10,469,19,8,9,2,42.1,47.4,10.5],[11,349,19,7,6,6,36.8,31.6,31.6],[12,350,19,7,4,8,36.8,21.1,42.1],[13,5156,19,6,10,3,31.6,52.6,15.8],[14,356,19,6,7,6,31.6,36.8,31.6],[15,354,19,6,7,6,31.6,36.8,31.6],[16,456,19,6,6,7,31.6,31.6,36.8],[17,453,19,6,6,7,31.6,31.6,36.8],[18,462,19,5,9,5,26.3,47.4,26.3],[19,364,19,5,4,10,26.3,21.1,52.6],[20,337,19,4,5,10,21.1,26.3,52.6]];
var GuestBsHalf = [[1,354,19,14,3,2,73.7,15.8,10.5],[2,350,19,10,6,3,52.6,31.6,15.8],[3,347,19,10,3,6,52.6,15.8,31.6],[4,462,19,10,3,6,52.6,15.8,31.6],[5,465,19,10,2,7,52.6,10.5,36.8],[6,337,19,9,4,6,47.4,21.1,31.6],[7,364,19,9,3,7,47.4,15.8,36.8],[8,453,19,9,3,7,47.4,15.8,36.8],[9,469,19,8,7,4,42.1,36.8,21.1],[10,4175,19,8,6,5,42.1,31.6,26.3],[11,7344,19,8,6,5,42.1,31.6,26.3],[12,5156,19,8,4,7,42.1,21.1,36.8],[13,456,19,7,8,4,36.8,42.1,21.1],[14,1979,19,7,5,7,36.8,26.3,36.8],[15,4176,19,6,8,5,31.6,42.1,26.3],[16,349,19,6,2,11,31.6,10.5,57.9],[17,467,19,6,2,11,31.6,10.5,57.9],[18,343,19,4,14,1,21.1,73.7,5.3],[19,356,19,4,5,10,21.1,26.3,52.6],[20,381,19,3,10,6,15.8,52.6,31.6]];
var addUp = [308,40.5,6,0.8,446,58.7,[57.9,462],[73.7,364,337],[57.9,462,381,467],[78.9,364],[63.2,4176],[78.9,337,349]];
var addUpHalf = [312,41.1,208,27.4,240,31.6,[55.3,347],[44.7,364,349],[63.2,381],[52.6,364,337],[73.7,354],[57.9,349,467]];
var lastUpdateTime = '2026-04-07 16:23:21';
