var arrLeague = [27,'瑞士超级联赛','瑞士超級聯賽','Switzerland Super League','2022-2023','#1ba578','league_match/images/20151127162550.jpg','瑞士超','瑞士超','SUI SL'];
var arrTeam = [[433,'圣加仑','聖加倫','St. Gallen','','images/433/1gtqm1pz3d2d.png',0],[436,'草蜢','草蜢','Grasshopper','','images/436/1h8asqtqsjb.png',0],[442,'年青人','年青人','Young Boys','','images/442/1gxmbma5rq4.png',0],[447,'塞尔维特','塞維特','Servette','','images/447/1gtg0nzm9kh.png',0],[449,'苏黎世','蘇黎世','FC Zurich','','images/449/1jh4aqszf629.png',0],[451,'巴塞尔','巴素利','Basel','','images/451/1gv1yreqw0h.png',0],[1229,'卢加诺','盧加諾','Lugano','','images/1229/1gtqm1pzk318.png',0],[1237,'卢森','琉森','Luzern','','images/1237/1h6wfe0585w.png',0],[1304,'温特图尔','溫特圖爾','Winterthur','','images/1304/1j5cbkwmw5n.png',0],[1323,'锡昂','錫永','FC Sion','','images/1323/1hkrdvr1r626.png',0]];
var TotalPanLu = [[1,1229,36,11,11,14,21,5,10,11,58.3,13.9,27.8],[2,447,36,20,3,13,20,1,15,5,55.6,2.8,41.7],[3,442,36,36,0,0,19,1,16,3,52.8,2.8,44.4],[4,436,36,5,5,26,18,2,16,2,50,5.6,44.4],[5,1237,36,16,6,14,17,2,17,0,47.2,5.6,47.2],[6,451,36,22,4,10,16,2,18,-2,44.4,5.6,50],[7,1304,36,0,4,32,16,1,19,-3,44.4,2.8,52.8],[8,449,36,16,7,13,16,1,19,-3,44.4,2.8,52.8],[9,433,36,19,7,10,14,4,18,-4,38.9,11.1,50],[10,1323,36,9,5,22,12,3,21,-9,33.3,8.3,58.3]];
var HomePanLu = [[1,442,18,18,0,0,12,1,5,7,66.7,5.6,27.8],[2,436,18,4,4,10,10,2,6,4,55.6,11.1,33.3],[3,1229,18,10,6,2,9,4,5,4,50,22.2,27.8],[4,447,18,15,1,2,9,0,9,0,50,0,50],[5,1304,18,0,4,14,8,1,9,-1,44.4,5.6,50],[6,433,18,16,0,2,8,0,10,-2,44.4,0,55.6],[7,451,18,16,0,2,8,0,10,-2,44.4,0,55.6],[8,449,18,12,4,2,7,1,10,-3,38.9,5.6,55.6],[9,1237,18,12,4,2,6,1,11,-5,33.3,5.6,61.1],[10,1323,18,8,3,7,3,1,14,-11,16.7,5.6,77.8]];
var GuestPanLu = [[1,1229,18,1,5,12,12,1,5,7,66.7,5.6,27.8],[2,1237,18,4,2,12,11,1,6,5,61.1,5.6,33.3],[3,447,18,5,2,11,11,1,6,5,61.1,5.6,33.3],[4,1323,18,1,2,15,9,2,7,2,50,11.1,38.9],[5,449,18,4,3,11,9,0,9,0,50,0,50],[6,451,18,6,4,8,8,2,8,0,44.4,11.1,44.4],[7,436,18,1,1,16,8,0,10,-2,44.4,0,55.6],[8,1304,18,0,0,18,8,0,10,-2,44.4,0,55.6],[9,442,18,18,0,0,7,0,11,-4,38.9,0,61.1],[10,433,18,3,7,8,6,4,8,-2,33.3,22.2,44.4]];
var TotalHalfPanLu = [[1,436,36,2,14,20,20,7,9,11,55.6,19.4,25],[2,433,36,16,12,8,18,6,12,6,50,16.7,33.3],[3,1229,36,9,15,12,18,4,14,4,50,11.1,38.9],[4,442,36,36,0,0,17,0,19,-2,47.2,0,52.8],[5,447,36,11,15,10,16,8,12,4,44.4,22.2,33.3],[6,1304,36,0,10,26,16,3,17,-1,44.4,8.3,47.2],[7,451,36,20,10,6,15,3,18,-3,41.7,8.3,50],[8,1323,36,5,13,18,14,3,19,-5,38.9,8.3,52.8],[9,1237,36,11,14,11,12,4,20,-8,33.3,11.1,55.6],[10,449,36,10,17,9,11,8,17,-6,30.6,22.2,47.2]];
var HomeHalfPanLu = [[1,433,18,14,2,2,11,1,6,5,61.1,5.6,33.3],[2,442,18,18,0,0,11,0,7,4,61.1,0,38.9],[3,447,18,10,6,2,10,3,5,5,55.6,16.7,27.8],[4,1229,18,8,8,2,10,2,6,4,55.6,11.1,33.3],[5,436,18,2,11,5,9,5,4,5,50,27.8,22.2],[6,1304,18,0,9,9,8,3,7,1,44.4,16.7,38.9],[7,451,18,16,0,2,8,0,10,-2,44.4,0,55.6],[8,1237,18,9,7,2,5,1,12,-7,27.8,5.6,66.7],[9,1323,18,4,10,4,4,3,11,-7,22.2,16.7,61.1],[10,449,18,9,7,2,3,5,10,-7,16.7,27.8,55.6]];
var GuestHalfPanLu = [[1,436,18,0,3,15,11,2,5,6,61.1,11.1,27.8],[2,1323,18,1,3,14,10,0,8,2,55.6,0,44.4],[3,449,18,1,10,7,8,3,7,1,44.4,16.7,38.9],[4,1229,18,1,7,10,8,2,8,0,44.4,11.1,44.4],[5,1304,18,0,1,17,8,0,10,-2,44.4,0,55.6],[6,433,18,2,10,6,7,5,6,1,38.9,27.8,33.3],[7,1237,18,2,7,9,7,3,8,-1,38.9,16.7,44.4],[8,451,18,4,10,4,7,3,8,-1,38.9,16.7,44.4],[9,447,18,1,9,8,6,5,7,-1,33.3,27.8,38.9],[10,442,18,18,0,0,6,0,12,-6,33.3,0,66.7]];
var addUp = [80,44.4,11,6.1,89,49.4,[58.3,1229],[58.3,1323],[66.7,442],[77.8,1323],[66.7,1229],[61.1,442],[13.9,1229],[2.8,447,442,1304,449]];
var addUpHalf = [79,43.9,23,12.8,78,43.3,[55.6,436],[55.6,1237],[61.1,433,442],[66.7,1237],[61.1,436],[66.7,442],[22.2,447,449],[0,442]];
var lastUpdateTime = '2025-01-18 11:08:08';
