var arrLeague = [27,'瑞士超级联赛','瑞士超級聯賽','Switzerland Super League','2022-2023','#1ba578','league_match/images/20151127162550.jpg','瑞士超','瑞士超','SUI SL'];
var arrTeam = [[433,'圣加仑','聖加倫','St. Gallen','','images/433/1gtqm1pz3d2d.png',0],[436,'草蜢','草蜢','Grasshopper','','images/436/1h8asqtqsjb.png',0],[442,'年青人','年青人','Young Boys','','images/442/1gxmbma5rq4.png',0],[447,'塞尔维特','塞維特','Servette','','images/447/1gtg0nzm9kh.png',0],[449,'苏黎世','蘇黎世','FC Zurich','','images/449/1jh4aqszf629.png',0],[451,'巴塞尔','巴素利','Basel','','images/451/1gv1yreqw0h.png',0],[1229,'卢加诺','盧加諾','Lugano','','images/1229/1gtqm1pzk318.png',0],[1237,'卢森','琉森','Luzern','','images/1237/1h6wfe0585w.png',0],[1304,'温特图尔','溫特圖爾','Winterthur','','images/1304/1j5cbkwmw5n.png',0],[1323,'锡昂','錫永','FC Sion','','images/1323/1hkrdvr1r626.png',0]];
var TotalBs = [[1,436,36,23,2,11,63.9,5.6,30.6],[2,1323,36,20,3,13,55.6,8.3,36.1],[3,433,36,18,1,17,50,2.8,47.2],[4,1229,36,17,1,18,47.2,2.8,50],[5,1237,36,16,3,17,44.4,8.3,47.2],[6,447,36,16,2,18,44.4,5.6,50],[7,449,36,15,2,19,41.7,5.6,52.8],[8,451,36,15,1,20,41.7,2.8,55.6],[9,1304,36,15,1,20,41.7,2.8,55.6],[10,442,36,11,8,17,30.6,22.2,47.2]];
var HomeBs = [[1,436,18,12,2,4,66.7,11.1,22.2],[2,433,18,10,1,7,55.6,5.6,38.9],[3,1323,18,9,2,7,50,11.1,38.9],[4,449,18,8,2,8,44.4,11.1,44.4],[5,447,18,8,1,9,44.4,5.6,50],[6,1229,18,8,0,10,44.4,0,55.6],[7,442,18,7,3,8,38.9,16.7,44.4],[8,1237,18,7,1,10,38.9,5.6,55.6],[9,1304,18,7,0,11,38.9,0,61.1],[10,451,18,7,0,11,38.9,0,61.1]];
var GuestBs = [[1,1323,18,11,1,6,61.1,5.6,33.3],[2,436,18,11,0,7,61.1,0,38.9],[3,1237,18,9,2,7,50,11.1,38.9],[4,1229,18,9,1,8,50,5.6,44.4],[5,1304,18,8,1,9,44.4,5.6,50],[6,451,18,8,1,9,44.4,5.6,50],[7,447,18,8,1,9,44.4,5.6,50],[8,433,18,8,0,10,44.4,0,55.6],[9,449,18,7,0,11,38.9,0,61.1],[10,442,18,4,5,9,22.2,27.8,50]];
var TotalBsHalf = [[1,433,36,21,2,13,58.3,5.6,36.1],[2,449,36,17,1,18,47.2,2.8,50],[3,1229,36,16,5,15,44.4,13.9,41.7],[4,436,36,16,4,16,44.4,11.1,44.4],[5,1323,36,16,4,16,44.4,11.1,44.4],[6,1304,36,15,5,16,41.7,13.9,44.4],[7,1237,36,15,3,18,41.7,8.3,50],[8,442,36,15,0,21,41.7,0,58.3],[9,451,36,13,0,23,36.1,0,63.9],[10,447,36,12,2,22,33.3,5.6,61.1]];
var HomeBsHalf = [[1,433,18,11,2,5,61.1,11.1,27.8],[2,442,18,10,0,8,55.6,0,44.4],[3,449,18,9,1,8,50,5.6,44.4],[4,1229,18,8,2,8,44.4,11.1,44.4],[5,447,18,8,1,9,44.4,5.6,50],[6,1237,18,8,0,10,44.4,0,55.6],[7,436,18,7,3,8,38.9,16.7,44.4],[8,1323,18,7,1,10,38.9,5.6,55.6],[9,1304,18,6,3,9,33.3,16.7,50],[10,451,18,4,0,14,22.2,0,77.8]];
var GuestBsHalf = [[1,433,18,10,0,8,55.6,0,44.4],[2,1323,18,9,3,6,50,16.7,33.3],[3,1304,18,9,2,7,50,11.1,38.9],[4,436,18,9,1,8,50,5.6,44.4],[5,451,18,9,0,9,50,0,50],[6,1229,18,8,3,7,44.4,16.7,38.9],[7,449,18,8,0,10,44.4,0,55.6],[8,1237,18,7,3,8,38.9,16.7,44.4],[9,442,18,5,0,13,27.8,0,72.2],[10,447,18,4,1,13,22.2,5.6,72.2]];
var addUp = [166,46.1,24,6.7,170,47.2,[63.9,436],[55.6,451,1304],[66.7,436],[61.1,1304,451],[61.1,1323,436],[61.1,449]];
var addUpHalf = [156,43.3,26,7.2,178,49.4,[58.3,433],[63.9,451],[61.1,433],[77.8,451],[55.6,433],[72.2,442,447]];
var lastUpdateTime = '2025-01-18 11:08:23';
