var arrLeague = [11,'法国甲组联赛','法國甲組聯賽','France Ligue 1','2022-2023','#663333','league_match/images/1j5w0b66k318.png','法甲','法甲','FRA D1'];
var arrTeam = [[194,'阿雅克肖','阿些斯奧','Ajaccio','','images/194/1h71ky6nm62v.png',0],[197,'摩纳哥','摩納哥','Monaco','','images/16487116696.png',0],[202,'朗斯','朗斯','Lens','','images/164871168519.png',0],[205,'里昂','里昂','Lyon','','images/164871170063.png',0],[211,'马赛','馬賽','Marseille','','images/164871172839.png',0],[215,'欧塞尔','歐塞爾','AJ Auxerre','','images/215/1h71ky6nmw2f.png',0],[216,'图卢兹','圖魯茲','Toulouse','','images/216/1j5hgyxgzaq.png',0],[251,'雷恩','雷恩','Rennes','','images/164871175839.png',0],[259,'尼斯','奈斯','Nice','','images/164871179882.png',0],[260,'斯特拉斯堡','史特拉斯堡','Strasbourg','','images/164871181440.png',0],[263,'南特','南特','Nantes','','images/263/1h5bjb8w5p2j.png',0],[266,'里尔','利爾','Lille','','images/164871184077.png',0],[271,'巴黎圣日尔曼','巴黎聖日門','Paris Saint Germain (PSG)','','images/164871185439.png',0],[304,'昂热','昂熱','Angers','','images/304/1h71kxn41qn.png',0],[306,'布雷斯特','比斯特','Stade Brestois','','images/164871188569.png',0],[313,'克莱蒙','克萊蒙特','Clermont','','images/164871190892.png',0],[333,'洛里昂','羅連安特','Lorient','','images/164871192161.png',0],[351,'蒙彼利埃','蒙彼利埃','Montpellier','','images/164871193456.png',0],[366,'特鲁瓦','特魯瓦','Troyes','','images/164871194730.png',0],[4957,'兰斯','蘭斯','Reims','','images/164871196247.png',0]];
var TotalBs = [[1,304,38,24,1,13,63.2,2.6,34.2],[2,366,38,24,0,14,63.2,0,36.8],[3,211,38,23,0,15,60.5,0,39.5],[4,251,38,22,2,14,57.9,5.3,36.8],[5,333,38,22,1,15,57.9,2.6,39.5],[6,351,38,21,3,14,55.3,7.9,36.8],[7,197,38,21,2,15,55.3,5.3,39.5],[8,202,38,20,1,17,52.6,2.6,44.7],[9,260,38,20,0,18,52.6,0,47.4],[10,205,38,19,4,15,50,10.5,39.5],[11,266,38,19,1,18,50,2.6,47.4],[12,306,38,19,1,18,50,2.6,47.4],[13,194,38,18,2,18,47.4,5.3,47.4],[14,313,38,18,0,20,47.4,0,52.6],[15,216,38,17,2,19,44.7,5.3,50],[16,263,38,17,1,20,44.7,2.6,52.6],[17,271,38,16,3,19,42.1,7.9,50],[18,215,38,16,1,21,42.1,2.6,55.3],[19,4957,38,16,1,21,42.1,2.6,55.3],[20,259,38,14,0,24,36.8,0,63.2]];
var HomeBs = [[1,211,19,13,0,6,68.4,0,31.6],[2,351,19,12,1,6,63.2,5.3,31.6],[3,202,19,12,1,6,63.2,5.3,31.6],[4,266,19,12,1,6,63.2,5.3,31.6],[5,304,19,12,1,6,63.2,5.3,31.6],[6,251,19,11,2,6,57.9,10.5,31.6],[7,333,19,11,1,7,57.9,5.3,36.8],[8,197,19,11,1,7,57.9,5.3,36.8],[9,4957,19,10,0,9,52.6,0,47.4],[10,260,19,10,0,9,52.6,0,47.4],[11,306,19,9,1,9,47.4,5.3,47.4],[12,313,19,9,0,10,47.4,0,52.6],[13,271,19,9,0,10,47.4,0,52.6],[14,205,19,8,2,9,42.1,10.5,47.4],[15,366,19,8,0,11,42.1,0,57.9],[16,216,19,8,0,11,42.1,0,57.9],[17,263,19,8,0,11,42.1,0,57.9],[18,215,19,7,1,11,36.8,5.3,57.9],[19,259,19,7,0,12,36.8,0,63.2],[20,194,19,6,1,12,31.6,5.3,63.2]];
var GuestBs = [[1,366,19,16,0,3,84.2,0,15.8],[2,194,19,12,1,6,63.2,5.3,31.6],[3,304,19,12,0,7,63.2,0,36.8],[4,205,19,11,2,6,57.9,10.5,31.6],[5,251,19,11,0,8,57.9,0,42.1],[6,333,19,11,0,8,57.9,0,42.1],[7,197,19,10,1,8,52.6,5.3,42.1],[8,260,19,10,0,9,52.6,0,47.4],[9,211,19,10,0,9,52.6,0,47.4],[10,306,19,10,0,9,52.6,0,47.4],[11,351,19,9,2,8,47.4,10.5,42.1],[12,216,19,9,2,8,47.4,10.5,42.1],[13,263,19,9,1,9,47.4,5.3,47.4],[14,215,19,9,0,10,47.4,0,52.6],[15,313,19,9,0,10,47.4,0,52.6],[16,202,19,8,0,11,42.1,0,57.9],[17,271,19,7,3,9,36.8,15.8,47.4],[18,259,19,7,0,12,36.8,0,63.2],[19,266,19,7,0,12,36.8,0,63.2],[20,4957,19,6,1,12,31.6,5.3,63.2]];
var TotalBsHalf = [[1,304,38,20,8,10,52.6,21.1,26.3],[2,260,38,19,15,4,50,39.5,10.5],[3,194,38,19,5,14,50,13.2,36.8],[4,271,38,17,0,21,44.7,0,55.3],[5,366,38,16,12,10,42.1,31.6,26.3],[6,313,38,16,10,12,42.1,26.3,31.6],[7,333,38,16,9,13,42.1,23.7,34.2],[8,259,38,16,9,13,42.1,23.7,34.2],[9,215,38,16,7,15,42.1,18.4,39.5],[10,205,38,16,5,17,42.1,13.2,44.7],[11,197,38,16,4,18,42.1,10.5,47.4],[12,351,38,15,9,14,39.5,23.7,36.8],[13,211,38,14,10,14,36.8,26.3,36.8],[14,216,38,14,10,14,36.8,26.3,36.8],[15,4957,38,14,8,16,36.8,21.1,42.1],[16,306,38,14,8,16,36.8,21.1,42.1],[17,202,38,13,10,15,34.2,26.3,39.5],[18,266,38,11,14,13,28.9,36.8,34.2],[19,251,38,11,12,15,28.9,31.6,39.5],[20,263,38,11,9,18,28.9,23.7,47.4]];
var HomeBsHalf = [[1,211,19,10,3,6,52.6,15.8,31.6],[2,306,19,10,2,7,52.6,10.5,36.8],[3,197,19,10,0,9,52.6,0,47.4],[4,260,19,9,8,2,47.4,42.1,10.5],[5,304,19,9,6,4,47.4,31.6,21.1],[6,215,19,9,4,6,47.4,21.1,31.6],[7,205,19,9,1,9,47.4,5.3,47.4],[8,271,19,9,0,10,47.4,0,52.6],[9,313,19,8,7,4,42.1,36.8,21.1],[10,333,19,8,4,7,42.1,21.1,36.8],[11,4957,19,8,2,9,42.1,10.5,47.4],[12,216,19,7,6,6,36.8,31.6,31.6],[13,266,19,7,6,6,36.8,31.6,31.6],[14,202,19,7,4,8,36.8,21.1,42.1],[15,259,19,7,4,8,36.8,21.1,42.1],[16,194,19,7,3,9,36.8,15.8,47.4],[17,251,19,6,5,8,31.6,26.3,42.1],[18,351,19,5,7,7,26.3,36.8,36.8],[19,263,19,4,6,9,21.1,31.6,47.4],[20,366,19,3,9,7,15.8,47.4,36.8]];
var GuestBsHalf = [[1,366,19,13,3,3,68.4,15.8,15.8],[2,194,19,12,2,5,63.2,10.5,26.3],[3,304,19,11,2,6,57.9,10.5,31.6],[4,260,19,10,7,2,52.6,36.8,10.5],[5,351,19,10,2,7,52.6,10.5,36.8],[6,259,19,9,5,5,47.4,26.3,26.3],[7,333,19,8,5,6,42.1,26.3,31.6],[8,313,19,8,3,8,42.1,15.8,42.1],[9,271,19,8,0,11,42.1,0,57.9],[10,216,19,7,4,8,36.8,21.1,42.1],[11,205,19,7,4,8,36.8,21.1,42.1],[12,215,19,7,3,9,36.8,15.8,47.4],[13,263,19,7,3,9,36.8,15.8,47.4],[14,4957,19,6,6,7,31.6,31.6,36.8],[15,202,19,6,6,7,31.6,31.6,36.8],[16,197,19,6,4,9,31.6,21.1,47.4],[17,251,19,5,7,7,26.3,36.8,36.8],[18,266,19,4,8,7,21.1,42.1,36.8],[19,211,19,4,7,8,21.1,36.8,42.1],[20,306,19,4,6,9,21.1,31.6,47.4]];
var addUp = [386,50.8,26,3.4,348,45.8,[63.2,304,366],[63.2,259],[68.4,211],[63.2,259,194],[84.2,366],[63.2,259,266,4957]];
var addUpHalf = [304,40,174,22.9,282,37.1,[52.6,304],[55.3,271],[52.6,211,306,197],[52.6,271],[68.4,366],[57.9,271]];
var lastUpdateTime = '2025-01-22 09:58:59';
