var arrLeague = [29,'苏格兰超级联赛','蘇格蘭超級聯賽','Scottish Premiership','2025-2026','#57A87B','league_match/images/1j5w1p9pmse.png','苏超','蘇超','SCO PR'];
var arrTeam = [[70,'凯尔特人','些路迪','Celtic FC','','images/1k1cxzact61y.png',0],[71,'邓迪FC','登地','Dundee FC','','images/165363469577.png',0],[72,'邓迪联','登地聯','Dundee United','','images/72/1kk0ffpced1n.png',0],[73,'阿伯丁','鴨巴甸','Aberdeen','','images/73/1kk34gvjp96.png',0],[74,'邓弗姆林','鄧弗姆林','Dunfermline Athletic','','images/74/1h5bjepvrw2m.png',0],[75,'马瑟韦尔','馬瑟韋爾','Motherwell','','images/165363477927.png',0],[76,'哈茨','赫斯','Heart of Midlothian','','images/165363483555.png',0],[77,'格拉斯哥流浪者','格拉斯哥流浪','Glasgow Rangers','','images/165363474719.png',0],[79,'希伯尼安','喜百年','Hibernian','','images/165363481924.png',0],[80,'利文斯顿','利文斯頓','Livingston','','images/1k1cy3864jw.png',0],[81,'基马诺克','基馬諾克','Kilmarnock','','images/81/1h5bjef76b13.png',0],[1367,'福尔柯克','福克爾克','Falkirk','','images/1367/1gzq8nbwv62r.png',0],[1462,'帕尔蒂克','巴特里','Partick Thistle','','images/1462/1ke8cptvfa1p.png',0],[1463,'圣米伦','聖美倫','Saint Mirren','','images/165363479259.png',0],[1465,'阿布罗斯','艾布亞夫','Arbroath','','images/1465/1kenbtmb9q2q.png',0]];
var TotalPanLu = [[1,75,38,16,8,14,23,3,12,11,60.5,7.9,31.6],[2,71,38,4,3,31,22,2,14,8,57.9,5.3,36.8],[3,76,38,28,5,5,19,4,15,4,50,10.5,39.5],[4,72,38,11,4,23,19,3,16,3,50,7.9,42.1],[5,77,38,32,2,4,19,2,17,2,50,5.3,44.7],[6,81,38,9,6,23,18,0,20,-2,47.4,0,52.6],[7,1367,38,13,4,21,17,3,18,-1,44.7,7.9,47.4],[8,80,38,3,5,30,17,2,19,-2,44.7,5.3,50],[9,79,38,21,5,12,17,1,20,-3,44.7,2.6,52.6],[10,74,4,1,1,2,2,1,1,1,50,25,25],[11,70,38,36,2,0,15,4,19,-4,39.5,10.5,50],[12,73,38,14,6,18,15,0,23,-8,39.5,0,60.5],[13,1463,40,15,5,20,14,5,21,-7,35,12.5,52.5],[14,1462,4,1,2,1,1,2,1,0,25,50,25]];
var HomePanLu = [[1,71,19,4,3,12,13,0,6,7,68.4,0,31.6],[2,75,19,12,2,5,12,1,6,6,63.2,5.3,31.6],[3,76,19,16,2,1,11,3,5,6,57.9,15.8,26.3],[4,77,19,17,1,1,10,2,7,3,52.6,10.5,36.8],[5,70,19,19,0,0,10,0,9,1,52.6,0,47.4],[6,73,19,12,1,6,9,0,10,-1,47.4,0,52.6],[7,81,19,7,6,6,9,0,10,-1,47.4,0,52.6],[8,1367,20,10,3,7,9,2,9,0,45,10,45],[9,72,19,11,2,6,8,2,9,-1,42.1,10.5,47.4],[10,79,19,12,3,4,8,1,10,-2,42.1,5.3,52.6],[11,74,2,1,1,0,1,1,0,1,50,50,0],[12,1462,2,1,1,0,1,1,0,1,50,50,0],[13,1463,20,13,0,7,7,2,11,-4,35,10,55],[14,80,18,3,4,11,6,1,11,-5,33.3,5.6,61.1]];
var GuestPanLu = [[1,75,19,4,6,9,11,2,6,5,57.9,10.5,31.6],[2,72,19,0,2,17,11,1,7,4,57.9,5.3,36.8],[3,80,20,0,1,19,11,1,8,3,55,5,40],[4,71,19,0,0,19,9,2,8,1,47.4,10.5,42.1],[5,77,19,15,1,3,9,0,10,-1,47.4,0,52.6],[6,79,19,9,2,8,9,0,10,-1,47.4,0,52.6],[7,81,19,2,0,17,9,0,10,-1,47.4,0,52.6],[8,1367,18,3,1,14,8,1,9,-1,44.4,5.6,50],[9,76,19,12,3,4,8,1,10,-2,42.1,5.3,52.6],[10,74,2,0,0,2,1,0,1,0,50,0,50],[11,1463,20,2,5,13,7,3,10,-3,35,15,50],[12,73,19,2,5,12,6,0,13,-7,31.6,0,68.4],[13,70,19,17,2,0,5,4,10,-5,26.3,21.1,52.6],[14,1462,2,0,1,1,0,1,1,-1,0,50,50]];
var TotalHalfPanLu = [[1,75,38,14,12,12,24,5,9,15,63.2,13.2,23.7],[2,74,4,0,2,2,3,1,0,3,75,25,0],[3,79,38,18,11,9,22,1,15,7,57.9,2.6,39.5],[4,81,38,5,11,22,21,2,15,6,55.3,5.3,39.5],[5,77,38,29,5,4,21,1,16,5,55.3,2.6,42.1],[6,71,38,1,11,26,20,3,15,5,52.6,7.9,39.5],[7,76,38,27,6,5,17,1,20,-3,44.7,2.6,52.6],[8,72,38,8,12,18,16,4,18,-2,42.1,10.5,47.4],[9,80,38,1,12,25,15,4,19,-4,39.5,10.5,50],[10,1463,40,11,15,14,15,4,21,-6,37.5,10,52.5],[11,70,38,36,2,0,14,3,21,-7,36.8,7.9,55.3],[12,73,38,8,17,13,13,7,18,-5,34.2,18.4,47.4],[13,1367,38,9,11,18,11,5,22,-11,28.9,13.2,57.9],[14,1462,4,1,2,1,1,1,2,-1,25,25,50]];
var HomeHalfPanLu = [[1,75,19,12,3,4,11,1,7,4,57.9,5.3,36.8],[2,81,19,5,8,6,11,1,7,4,57.9,5.3,36.8],[3,79,19,12,5,2,10,1,8,2,52.6,5.3,42.1],[4,76,19,15,3,1,9,0,10,-1,47.4,0,52.6],[5,77,19,17,1,1,9,0,10,-1,47.4,0,52.6],[6,72,19,8,5,6,8,3,8,0,42.1,15.8,42.1],[7,71,19,1,11,7,8,2,9,-1,42.1,10.5,47.4],[8,80,18,1,10,7,7,2,9,-2,38.9,11.1,50],[9,70,19,19,0,0,7,3,9,-2,36.8,15.8,47.4],[10,73,19,8,6,5,7,3,9,-2,36.8,15.8,47.4],[11,74,2,0,2,0,1,1,0,1,50,50,0],[12,1463,20,11,4,5,7,1,12,-5,35,5,60],[13,1367,20,9,6,5,5,3,12,-7,25,15,60],[14,1462,2,1,1,0,0,0,2,-2,0,0,100]];
var GuestHalfPanLu = [[1,74,2,0,0,2,2,0,0,2,100,0,0],[2,75,19,2,9,8,13,4,2,11,68.4,21.1,10.5],[3,71,19,0,0,19,12,1,6,6,63.2,5.3,31.6],[4,77,19,12,4,3,12,1,6,6,63.2,5.3,31.6],[5,79,19,6,6,7,12,0,7,5,63.2,0,36.8],[6,81,19,0,3,16,10,1,8,2,52.6,5.3,42.1],[7,72,19,0,7,12,8,1,10,-2,42.1,5.3,52.6],[8,76,19,12,3,4,8,1,10,-2,42.1,5.3,52.6],[9,1463,20,0,11,9,8,3,9,-1,40,15,45],[10,80,20,0,2,18,8,2,10,-2,40,10,50],[11,70,19,17,2,0,7,0,12,-5,36.8,0,63.2],[12,1462,2,0,1,1,1,1,0,1,50,50,0],[13,1367,18,0,5,13,6,2,10,-4,33.3,11.1,55.6],[14,73,19,0,11,8,6,4,9,-3,31.6,21.1,47.4]];
var addUp = [114,48.7,16,6.8,104,44.4,[60.5,75],[60.5,73],[68.4,71],[61.1,80],[57.9,75,72],[68.4,73],[50,1462],[0,81,73]];
var addUpHalf = [100,42.7,21,9,113,48.3,[75,74],[57.9,1367],[57.9,75,81],[100,1462],[100,74],[63.2,70],[25,74,1462],[2.6,79,77,76]];
var lastUpdateTime = '2026-05-27 06:59:56';
