var arrLeague = [29,'苏格兰超级联赛','蘇格蘭超級聯賽','Scottish Premiership','2025-2026','#57A87B','league_match/images/1j5w1p9pmse.png','苏超','蘇超','SCO PR'];
var arrTeam = [[70,'凯尔特人','些路迪','Celtic FC','','images/1k1cxzact61y.png',0],[71,'邓迪FC','登地','Dundee FC','','images/165363469577.png',0],[72,'邓迪联','登地聯','Dundee United','','images/72/1kk0ffpced1n.png',0],[73,'阿伯丁','鴨巴甸','Aberdeen','','images/73/1kk34gvjp96.png',0],[74,'邓弗姆林','鄧弗姆林','Dunfermline Athletic','','images/74/1h5bjepvrw2m.png',0],[75,'马瑟韦尔','馬瑟韋爾','Motherwell','','images/165363477927.png',0],[76,'哈茨','赫斯','Heart of Midlothian','','images/165363483555.png',0],[77,'格拉斯哥流浪者','格拉斯哥流浪','Glasgow Rangers','','images/165363474719.png',0],[79,'希伯尼安','喜百年','Hibernian','','images/165363481924.png',0],[80,'利文斯顿','利文斯頓','Livingston','','images/1k1cy3864jw.png',0],[81,'基马诺克','基馬諾克','Kilmarnock','','images/81/1h5bjef76b13.png',0],[1367,'福尔柯克','福克爾克','Falkirk','','images/1367/1gzq8nbwv62r.png',0],[1462,'帕尔蒂克','巴特里','Partick Thistle','','images/1462/1ke8cptvfa1p.png',0],[1463,'圣米伦','聖美倫','Saint Mirren','','images/165363479259.png',0],[1465,'阿布罗斯','艾布亞夫','Arbroath','','images/1465/1kenbtmb9q2q.png',0]];
var TotalBs = [[1,81,38,23,2,13,60.5,5.3,34.2],[2,1367,38,22,0,16,57.9,0,42.1],[3,80,38,21,1,16,55.3,2.6,42.1],[4,77,38,20,3,15,52.6,7.9,39.5],[5,76,38,20,0,18,52.6,0,47.4],[6,71,38,19,2,17,50,5.3,44.7],[7,72,38,18,1,19,47.4,2.6,50],[8,70,38,17,6,15,44.7,15.8,39.5],[9,79,38,15,6,17,39.5,15.8,44.7],[10,75,38,15,0,23,39.5,0,60.5],[11,73,38,12,1,25,31.6,2.6,65.8],[12,1463,40,12,0,28,30,0,70],[13,1462,4,1,0,3,25,0,75],[14,74,4,1,0,3,25,0,75]];
var HomeBs = [[1,80,18,13,0,5,72.2,0,27.8],[2,1367,20,12,0,8,60,0,40],[3,81,19,11,1,7,57.9,5.3,36.8],[4,70,19,11,1,7,57.9,5.3,36.8],[5,71,19,11,1,7,57.9,5.3,36.8],[6,77,19,9,3,7,47.4,15.8,36.8],[7,76,19,9,0,10,47.4,0,52.6],[8,72,19,8,1,10,42.1,5.3,52.6],[9,79,19,7,3,9,36.8,15.8,47.4],[10,73,19,6,1,12,31.6,5.3,63.2],[11,75,19,6,0,13,31.6,0,68.4],[12,1463,20,4,0,16,20,0,80],[13,1462,2,1,0,1,50,0,50],[14,74,2,0,0,2,0,0,100]];
var GuestBs = [[1,81,19,12,1,6,63.2,5.3,31.6],[2,76,19,11,0,8,57.9,0,42.1],[3,77,19,11,0,8,57.9,0,42.1],[4,1367,18,10,0,8,55.6,0,44.4],[5,72,19,10,0,9,52.6,0,47.4],[6,75,19,9,0,10,47.4,0,52.6],[7,79,19,8,3,8,42.1,15.8,42.1],[8,71,19,8,1,10,42.1,5.3,52.6],[9,80,20,8,1,11,40,5,55],[10,1463,20,8,0,12,40,0,60],[11,70,19,6,5,8,31.6,26.3,42.1],[12,73,19,6,0,13,31.6,0,68.4],[13,74,2,1,0,1,50,0,50],[14,1462,2,0,0,2,0,0,100]];
var TotalBsHalf = [[1,1367,38,18,6,14,47.4,15.8,36.8],[2,79,38,17,12,9,44.7,31.6,23.7],[3,70,38,17,4,17,44.7,10.5,44.7],[4,81,38,15,13,10,39.5,34.2,26.3],[5,76,38,14,14,10,36.8,36.8,26.3],[6,77,38,14,10,14,36.8,26.3,36.8],[7,71,38,13,14,11,34.2,36.8,28.9],[8,80,38,12,15,11,31.6,39.5,28.9],[9,75,38,12,13,13,31.6,34.2,34.2],[10,72,38,11,17,10,28.9,44.7,26.3],[11,73,38,8,16,14,21.1,42.1,36.8],[12,1463,40,7,15,18,17.5,37.5,45],[13,1462,4,1,2,1,25,50,25],[14,74,4,1,2,1,25,50,25]];
var HomeBsHalf = [[1,1367,20,9,3,8,45,15,40],[2,71,19,8,9,2,42.1,47.4,10.5],[3,80,18,8,7,3,44.4,38.9,16.7],[4,77,19,8,2,9,42.1,10.5,47.4],[5,70,19,8,2,9,42.1,10.5,47.4],[6,79,19,7,7,5,36.8,36.8,26.3],[7,81,19,7,7,5,36.8,36.8,26.3],[8,75,19,6,8,5,31.6,42.1,26.3],[9,72,19,6,7,6,31.6,36.8,31.6],[10,76,19,6,6,7,31.6,31.6,36.8],[11,73,19,4,9,6,21.1,47.4,31.6],[12,1463,20,2,7,11,10,35,55],[13,74,2,1,1,0,50,50,0],[14,1462,2,0,2,0,0,100,0]];
var GuestBsHalf = [[1,79,19,10,5,4,52.6,26.3,21.1],[2,1367,18,9,3,6,50,16.7,33.3],[3,70,19,9,2,8,47.4,10.5,42.1],[4,76,19,8,8,3,42.1,42.1,15.8],[5,81,19,8,6,5,42.1,31.6,26.3],[6,77,19,6,8,5,31.6,42.1,26.3],[7,75,19,6,5,8,31.6,26.3,42.1],[8,72,19,5,10,4,26.3,52.6,21.1],[9,1463,20,5,8,7,25,40,35],[10,71,19,5,5,9,26.3,26.3,47.4],[11,73,19,4,7,8,21.1,36.8,42.1],[12,80,20,4,8,8,20,40,40],[13,1462,2,1,0,1,50,0,50],[14,74,2,0,1,1,0,50,50]];
var addUp = [216,46.4,22,4.7,228,48.9,[60.5,81],[75,1462,74],[72.2,80],[100,74],[63.2,81],[100,1462]];
var addUpHalf = [160,34.3,153,32.8,153,32.8,[47.4,1367],[45,1463],[50,74],[55,1463],[52.6,79],[50,1462,74]];
var lastUpdateTime = '2026-05-27 06:59:58';
