var arrLeague = [15,'南韩K联赛','南韓K聯賽','K League 1','2016','#0542b1','league_match/images/20190423203352.jpg','韩K联','韓K聯','KOR D1'];
var arrTeam = [[477,'城南FC','城南FC','Seongnam FC','','images/477/1gxsf6qkxc2j.png',0],[480,'蔚山HD','蔚山HD','Ulsan HD FC','','images/1jr576ev8wv.png',0],[481,'浦项制铁','浦項制鐵','Pohang Steelers','','images/481/1h1jgrf3gp0.png',0],[484,'全北现代','全北汽車','Jeonbuk Hyundai Motors','','images/484/1h1jgrf3gr2k.png',0],[494,'金泉尚武','金泉尚武','Gimcheon Sangmu FC','','images/494/1grzke26w41a.png',0],[497,'仁川联队','仁川聯','Incheon United','','images/497/1h6swyavg60.png',0],[499,'水原三星','水原三星','Suwon Samsung Bluewings','','images/499/1gxsf6qjy02n.png',0],[506,'全南天龙','全南天龍','Jeonnam Dragons','','images/506/1gxsf6qkd726.png',0],[741,'FC首尔','FC首爾','FC Seoul','','images/741/1gxsf6qjyq26.png',0],[4075,'济州SK','濟州SK','Jeju SK FC','','images/1jr577tbbf8.png',0],[5586,'水原FC','水原FC','Suwon FC','','images/5586/1gxsf6qjy222.png',0],[16584,'光州FC','FC光州','Gwangju Football Club','','images/16584/1jnj5r1v732z.png',0]];
var TotalPanLu = [[1,4075,38,16,8,14,22,1,15,7,57.9,2.6,39.5],[2,480,38,21,4,13,22,0,16,6,57.9,0,42.1],[3,497,38,3,7,28,20,3,15,5,52.6,7.9,39.5],[4,741,38,32,4,2,20,1,17,3,52.6,2.6,44.7],[5,506,38,8,9,21,19,5,14,5,50,13.2,36.8],[6,5586,38,3,5,30,18,1,19,-1,47.4,2.6,50],[7,484,38,34,4,0,17,3,18,-1,44.7,7.9,47.4],[8,16584,38,8,8,22,17,2,19,-2,44.7,5.3,50],[9,481,38,17,7,14,16,2,20,-4,42.1,5.3,52.6],[10,494,38,10,5,23,15,3,20,-5,39.5,7.9,52.6],[11,499,38,21,6,11,15,3,20,-5,39.5,7.9,52.6],[12,477,38,17,9,12,14,2,22,-8,36.8,5.3,57.9]];
var HomePanLu = [[1,4075,19,12,2,5,12,1,6,6,63.2,5.3,31.6],[2,484,19,19,0,0,10,2,7,3,52.6,10.5,36.8],[3,480,19,14,1,4,10,0,9,1,52.6,0,47.4],[4,497,20,3,6,11,10,3,7,3,50,15,35],[5,506,19,8,6,5,9,1,9,0,47.4,5.3,47.4],[6,481,19,13,4,2,9,1,9,0,47.4,5.3,47.4],[7,494,18,8,1,9,8,0,10,-2,44.4,0,55.6],[8,16584,19,8,6,5,7,2,10,-3,36.8,10.5,52.6],[9,741,19,17,2,0,7,1,11,-4,36.8,5.3,57.9],[10,5586,19,3,4,12,7,1,11,-4,36.8,5.3,57.9],[11,499,19,16,2,1,6,1,12,-6,31.6,5.3,63.2],[12,477,19,13,4,2,6,0,13,-7,31.6,0,68.4]];
var GuestPanLu = [[1,741,19,15,2,2,13,0,6,7,68.4,0,31.6],[2,480,19,7,3,9,12,0,7,5,63.2,0,36.8],[3,5586,19,0,1,18,11,0,8,3,57.9,0,42.1],[4,497,18,0,1,17,10,0,8,2,55.6,0,44.4],[5,506,19,0,3,16,10,4,5,5,52.6,21.1,26.3],[6,16584,19,0,2,17,10,0,9,1,52.6,0,47.4],[7,4075,19,4,6,9,10,0,9,1,52.6,0,47.4],[8,499,19,5,4,10,9,2,8,1,47.4,10.5,42.1],[9,477,19,4,5,10,8,2,9,-1,42.1,10.5,47.4],[10,481,19,4,3,12,7,1,11,-4,36.8,5.3,57.9],[11,484,19,15,4,0,7,1,11,-4,36.8,5.3,57.9],[12,494,20,2,4,14,7,3,10,-3,35,15,50]];
var TotalHalfPanLu = [[1,499,38,14,20,4,21,8,9,12,55.3,21.1,23.7],[2,497,38,0,18,20,16,10,12,4,42.1,26.3,31.6],[3,480,38,12,18,8,16,9,13,3,42.1,23.7,34.2],[4,484,38,30,8,0,16,5,17,-1,42.1,13.2,44.7],[5,4075,38,12,19,7,15,8,15,0,39.5,21.1,39.5],[6,741,38,26,10,2,15,5,18,-3,39.5,13.2,47.4],[7,5586,38,0,17,21,14,7,17,-3,36.8,18.4,44.7],[8,481,38,9,23,6,13,15,10,3,34.2,39.5,26.3],[9,16584,38,4,19,15,13,11,14,-1,34.2,28.9,36.8],[10,477,38,9,20,9,13,9,16,-3,34.2,23.7,42.1],[11,494,38,2,21,15,11,10,17,-6,28.9,26.3,44.7],[12,506,38,4,19,15,10,13,15,-5,26.3,34.2,39.5]];
var HomeHalfPanLu = [[1,499,19,13,6,0,12,2,5,7,63.2,10.5,26.3],[2,484,19,19,0,0,11,0,8,3,57.9,0,42.1],[3,481,19,7,10,2,9,6,4,5,47.4,31.6,21.1],[4,4075,19,10,8,1,9,3,7,2,47.4,15.8,36.8],[5,741,19,17,2,0,8,1,10,-2,42.1,5.3,52.6],[6,5586,19,0,12,7,7,5,7,0,36.8,26.3,36.8],[7,497,20,0,14,6,7,8,5,2,35,40,25],[8,494,18,2,11,5,6,3,9,-3,33.3,16.7,50],[9,480,19,10,9,0,5,7,7,-2,26.3,36.8,36.8],[10,16584,19,4,12,3,5,5,9,-4,26.3,26.3,47.4],[11,506,19,4,12,3,4,8,7,-3,21.1,42.1,36.8],[12,477,19,8,10,1,3,7,9,-6,15.8,36.8,47.4]];
var GuestHalfPanLu = [[1,480,19,2,9,8,11,2,6,5,57.9,10.5,31.6],[2,477,19,1,10,8,10,2,7,3,52.6,10.5,36.8],[3,497,18,0,4,14,9,2,7,2,50,11.1,38.9],[4,499,19,1,14,4,9,6,4,5,47.4,31.6,21.1],[5,16584,19,0,7,12,8,6,5,3,42.1,31.6,26.3],[6,741,19,9,8,2,7,4,8,-1,36.8,21.1,42.1],[7,5586,19,0,5,14,7,2,10,-3,36.8,10.5,52.6],[8,4075,19,2,11,6,6,5,8,-2,31.6,26.3,42.1],[9,506,19,0,7,12,6,5,8,-2,31.6,26.3,42.1],[10,484,19,11,8,0,5,5,9,-4,26.3,26.3,47.4],[11,494,20,0,10,10,5,7,8,-3,25,35,40],[12,481,19,2,13,4,4,9,6,-2,21.1,47.4,31.6]];
var addUp = [101,44.3,13,5.7,114,50,[57.9,4075,480],[57.9,477],[63.2,4075],[68.4,477],[68.4,741],[57.9,481,484],[13.2,506],[0,480]];
var addUpHalf = [86,37.7,55,24.1,87,38.2,[55.3,499],[47.4,741],[63.2,499],[52.6,741],[57.9,480],[52.6,5586],[39.5,481],[13.2,484,741]];
var lastUpdateTime = '2026-04-07 16:27:31';
