var arrLeague = [15,'南韩K联赛','南韓K聯賽','K League 1','2016','#0542b1','league_match/images/20190423203352.jpg','韩K联','韓K聯','KOR D1'];
var arrTeam = [[477,'城南FC','城南FC','Seongnam FC','','images/477/1gxsf6qkxc2j.png',0],[480,'蔚山HD','蔚山HD','Ulsan HD FC','','images/1jr576ev8wv.png',0],[481,'浦项制铁','浦項制鐵','Pohang Steelers','','images/481/1h1jgrf3gp0.png',0],[484,'全北现代','全北汽車','Jeonbuk Hyundai Motors','','images/484/1h1jgrf3gr2k.png',0],[494,'金泉尚武','金泉尚武','Gimcheon Sangmu FC','','images/494/1grzke26w41a.png',0],[497,'仁川联队','仁川聯','Incheon United','','images/497/1h6swyavg60.png',0],[499,'水原三星','水原三星','Suwon Samsung Bluewings','','images/499/1gxsf6qjy02n.png',0],[506,'全南天龙','全南天龍','Jeonnam Dragons','','images/506/1gxsf6qkd726.png',0],[741,'FC首尔','FC首爾','FC Seoul','','images/741/1gxsf6qjyq26.png',0],[4075,'济州SK','濟州SK','Jeju SK FC','','images/1jr577tbbf8.png',0],[5586,'水原FC','水原FC','Suwon FC','','images/5586/1gxsf6qjy222.png',0],[16584,'光州FC','FC光州','Gwangju Football Club','','images/16584/1jnj5r1v732z.png',0]];
var TotalBs = [[1,741,38,25,0,13,65.8,0,34.2],[2,4075,38,25,0,13,65.8,0,34.2],[3,484,38,23,1,14,60.5,2.6,36.8],[4,494,38,22,0,16,57.9,0,42.1],[5,477,38,20,0,18,52.6,0,47.4],[6,506,38,20,0,18,52.6,0,47.4],[7,499,38,19,0,19,50,0,50],[8,5586,38,18,1,19,47.4,2.6,50],[9,497,38,17,1,20,44.7,2.6,52.6],[10,480,38,17,0,21,44.7,0,55.3],[11,481,38,15,1,22,39.5,2.6,57.9],[12,16584,38,13,0,25,34.2,0,65.8]];
var HomeBs = [[1,4075,19,15,0,4,78.9,0,21.1],[2,484,19,12,1,6,63.2,5.3,31.6],[3,741,19,12,0,7,63.2,0,36.8],[4,494,18,11,0,7,61.1,0,38.9],[5,506,19,11,0,8,57.9,0,42.1],[6,5586,19,11,0,8,57.9,0,42.1],[7,477,19,9,0,10,47.4,0,52.6],[8,499,19,9,0,10,47.4,0,52.6],[9,480,19,9,0,10,47.4,0,52.6],[10,481,19,8,0,11,42.1,0,57.9],[11,497,20,7,1,12,35,5,60],[12,16584,19,3,0,16,15.8,0,84.2]];
var GuestBs = [[1,741,19,13,0,6,68.4,0,31.6],[2,477,19,11,0,8,57.9,0,42.1],[3,484,19,11,0,8,57.9,0,42.1],[4,494,20,11,0,9,55,0,45],[5,497,18,10,0,8,55.6,0,44.4],[6,16584,19,10,0,9,52.6,0,47.4],[7,4075,19,10,0,9,52.6,0,47.4],[8,499,19,10,0,9,52.6,0,47.4],[9,506,19,9,0,10,47.4,0,52.6],[10,480,19,8,0,11,42.1,0,57.9],[11,5586,19,7,1,11,36.8,5.3,57.9],[12,481,19,7,1,11,36.8,5.3,57.9]];
var TotalBsHalf = [[1,741,37,17,10,10,45.9,27,27],[2,494,36,16,8,12,44.4,22.2,33.3],[3,4075,38,16,9,13,42.1,23.7,34.2],[4,497,38,16,6,16,42.1,15.8,42.1],[5,506,38,15,9,14,39.5,23.7,36.8],[6,481,38,15,8,15,39.5,21.1,39.5],[7,16584,37,14,7,16,37.8,18.9,43.2],[8,480,37,12,11,14,32.4,29.7,37.8],[9,499,38,11,20,7,28.9,52.6,18.4],[10,5586,36,10,13,13,27.8,36.1,36.1],[11,477,37,10,13,14,27,35.1,37.8],[12,484,38,9,12,17,23.7,31.6,44.7]];
var HomeBsHalf = [[1,494,18,11,3,4,61.1,16.7,22.2],[2,741,19,9,6,4,47.4,31.6,21.1],[3,4075,19,9,5,5,47.4,26.3,26.3],[4,16584,19,9,3,7,47.4,15.8,36.8],[5,481,19,8,4,7,42.1,21.1,36.8],[6,497,20,7,4,9,35,20,45],[7,506,19,7,3,9,36.8,15.8,47.4],[8,499,19,5,11,3,26.3,57.9,15.8],[9,480,19,5,7,7,26.3,36.8,36.8],[10,5586,19,4,8,7,21.1,42.1,36.8],[11,484,19,4,6,9,21.1,31.6,47.4],[12,477,19,3,5,11,15.8,26.3,57.9]];
var GuestBsHalf = [[1,497,18,9,2,7,50,11.1,38.9],[2,506,19,8,6,5,42.1,31.6,26.3],[3,741,18,8,4,6,44.4,22.2,33.3],[4,477,18,7,8,3,38.9,44.4,16.7],[5,480,18,7,4,7,38.9,22.2,38.9],[6,481,19,7,4,8,36.8,21.1,42.1],[7,4075,19,7,4,8,36.8,21.1,42.1],[8,499,19,6,9,4,31.6,47.4,21.1],[9,5586,17,6,5,6,35.3,29.4,35.3],[10,484,19,5,6,8,26.3,31.6,42.1],[11,494,18,5,5,8,27.8,27.8,44.4],[12,16584,18,5,4,9,27.8,22.2,50]];
var addUp = [234,51.3,4,0.9,218,47.8,[65.8,741,4075],[65.8,16584],[78.9,4075],[84.2,16584],[68.4,741],[57.9,480,5586,481]];
var addUpHalf = [161,35.9,126,28.1,161,35.9,[45.9,741],[44.7,484],[61.1,494],[57.9,477],[50,497],[50,16584]];
var lastUpdateTime = '2026-04-07 16:27:48';
