var arrLeague = [34,'意大利甲组联赛','意大利甲組聯賽','Italian Serie A','2020-2021','#0088FF','league_match/images/166674813339.png','意甲','意甲','ITA D1'];
var arrTeam = [[150,'AC米兰','AC米蘭','AC Milan','','images/164868995643.png',0],[152,'国际米兰','國際米蘭','Inter Milan','','images/152/1jgj8z3paw1g.png',0],[154,'亚特兰大','阿特蘭大','Atalanta','','images/164868998143.png',0],[166,'尤文图斯','祖雲達斯','Juventus','','images/166/1grmmxq1wa2k.png',0],[174,'罗马','羅馬','AS Roma','','images/164869002671.png',0],[176,'佛罗伦萨','費倫天拿','Fiorentina','','images/176/1hxqrpz41w1v.png',0],[179,'桑普多利亚','森多利亞','Sampdoria','','images/164869048578.png',0],[182,'拉齐奥','拉素','Lazio','','images/164869050583.png',0],[183,'卡利亚里','卡利亞里','Cagliari','','images/164869052873.png',0],[185,'博洛尼亚','博洛尼亞','Bologna','','images/16486905420.png',0],[187,'乌迪内斯','烏甸尼斯','Udinese','','images/164869056546.png',0],[189,'帕尔马','帕爾馬','Parma','','images/189/1j5f7yeztc1g.png',0],[552,'热那亚','熱拿亞','Genoa','','images/164869068648.png',0],[554,'克罗托内','克羅托內','Crotone','','images/554/1j50e7cj7q1x.png',0],[558,'都灵','拖連奴','Torino','','images/164869071877.png',0],[559,'维罗纳','維羅納','Verona','','images/164869073462.png',0],[1390,'斯佩齐亚','史柏斯亞','Spezia','','images/1jg2yhbkxb1x.png',0],[1419,'那不勒斯','拿玻里','Napoli','','images/1419/1j9ah1053g16.png',0],[1420,'贝内文托','賓尼雲圖','Benevento','','images/2013121234707.jpg',0],[2960,'萨索洛','莎索羅','Sassuolo','','images/164869078921.png',0]];
var TotalBs = [[1,554,38,25,0,13,65.8,0,34.2],[2,174,38,24,0,14,63.2,0,36.8],[3,1390,38,23,4,11,60.5,10.5,28.9],[4,189,38,22,2,14,57.9,5.3,36.8],[5,150,38,19,5,14,50,13.2,36.8],[6,154,38,19,2,17,50,5.3,44.7],[7,552,38,19,1,18,50,2.6,47.4],[8,185,38,19,1,18,50,2.6,47.4],[9,558,38,19,1,18,50,2.6,47.4],[10,166,38,18,3,17,47.4,7.9,44.7],[11,152,38,18,3,17,47.4,7.9,44.7],[12,179,38,18,3,17,47.4,7.9,44.7],[13,1419,38,18,2,18,47.4,5.3,47.4],[14,2960,38,17,4,17,44.7,10.5,44.7],[15,176,38,17,2,19,44.7,5.3,50],[16,1420,38,17,0,21,44.7,0,55.3],[17,187,38,17,0,21,44.7,0,55.3],[18,182,38,16,4,18,42.1,10.5,47.4],[19,559,38,16,1,21,42.1,2.6,55.3],[20,183,38,15,0,23,39.5,0,60.5]];
var HomeBs = [[1,1390,19,13,0,6,68.4,0,31.6],[2,179,19,11,2,6,57.9,10.5,31.6],[3,154,19,11,1,7,57.9,5.3,36.8],[4,152,19,11,1,7,57.9,5.3,36.8],[5,185,19,11,0,8,57.9,0,42.1],[6,552,19,11,0,8,57.9,0,42.1],[7,554,19,11,0,8,57.9,0,42.1],[8,189,19,10,1,8,52.6,5.3,42.1],[9,558,19,10,0,9,52.6,0,47.4],[10,174,19,10,0,9,52.6,0,47.4],[11,1419,19,9,2,8,47.4,10.5,42.1],[12,559,19,9,0,10,47.4,0,52.6],[13,1420,19,9,0,10,47.4,0,52.6],[14,182,19,8,4,7,42.1,21.1,36.8],[15,166,19,8,3,8,42.1,15.8,42.1],[16,150,19,8,3,8,42.1,15.8,42.1],[17,2960,19,8,2,9,42.1,10.5,47.4],[18,183,19,8,0,11,42.1,0,57.9],[19,176,19,8,0,11,42.1,0,57.9],[20,187,19,4,0,15,21.1,0,78.9]];
var GuestBs = [[1,174,19,14,0,5,73.7,0,26.3],[2,554,19,14,0,5,73.7,0,26.3],[3,187,19,13,0,6,68.4,0,31.6],[4,189,19,12,1,6,63.2,5.3,31.6],[5,150,19,11,2,6,57.9,10.5,31.6],[6,1390,19,10,4,5,52.6,21.1,26.3],[7,166,19,10,0,9,52.6,0,47.4],[8,2960,19,9,2,8,47.4,10.5,42.1],[9,176,19,9,2,8,47.4,10.5,42.1],[10,558,19,9,1,9,47.4,5.3,47.4],[11,1419,19,9,0,10,47.4,0,52.6],[12,552,19,8,1,10,42.1,5.3,52.6],[13,185,19,8,1,10,42.1,5.3,52.6],[14,154,19,8,1,10,42.1,5.3,52.6],[15,182,19,8,0,11,42.1,0,57.9],[16,1420,19,8,0,11,42.1,0,57.9],[17,152,19,7,2,10,36.8,10.5,52.6],[18,179,19,7,1,11,36.8,5.3,57.9],[19,559,19,7,1,11,36.8,5.3,57.9],[20,183,19,7,0,12,36.8,0,63.2]];
var TotalBsHalf = [[1,554,38,21,3,14,55.3,7.9,36.8],[2,189,38,19,4,15,50,10.5,39.5],[3,1390,38,17,3,18,44.7,7.9,47.4],[4,185,38,16,8,14,42.1,21.1,36.8],[5,176,38,16,4,18,42.1,10.5,47.4],[6,166,38,16,3,19,42.1,7.9,50],[7,182,38,15,5,18,39.5,13.2,47.4],[8,174,38,15,1,22,39.5,2.6,57.9],[9,154,38,15,0,23,39.5,0,60.5],[10,552,38,14,10,14,36.8,26.3,36.8],[11,2960,38,14,4,20,36.8,10.5,52.6],[12,187,38,13,11,14,34.2,28.9,36.8],[13,179,38,13,6,19,34.2,15.8,50],[14,1420,38,13,6,19,34.2,15.8,50],[15,558,38,13,5,20,34.2,13.2,52.6],[16,152,38,13,3,22,34.2,7.9,57.9],[17,1419,38,12,5,21,31.6,13.2,55.3],[18,150,38,12,3,23,31.6,7.9,60.5],[19,559,38,11,9,18,28.9,23.7,47.4],[20,183,38,10,7,21,26.3,18.4,55.3]];
var HomeBsHalf = [[1,1390,19,11,2,6,57.9,10.5,31.6],[2,185,19,10,4,5,52.6,21.1,26.3],[3,554,19,10,2,7,52.6,10.5,36.8],[4,179,19,9,4,6,47.4,21.1,31.6],[5,189,19,9,2,8,47.4,10.5,42.1],[6,174,19,8,1,10,42.1,5.3,52.6],[7,152,19,8,0,11,42.1,0,57.9],[8,552,19,7,6,6,36.8,31.6,31.6],[9,176,19,7,3,9,36.8,15.8,47.4],[10,1420,19,7,2,10,36.8,10.5,52.6],[11,182,19,7,1,11,36.8,5.3,57.9],[12,150,19,7,1,11,36.8,5.3,57.9],[13,558,19,7,1,11,36.8,5.3,57.9],[14,559,19,6,4,9,31.6,21.1,47.4],[15,166,19,6,2,11,31.6,10.5,57.9],[16,2960,19,6,1,12,31.6,5.3,63.2],[17,154,19,6,0,13,31.6,0,68.4],[18,183,19,5,4,10,26.3,21.1,52.6],[19,1419,19,5,3,11,26.3,15.8,57.9],[20,187,19,3,7,9,15.8,36.8,47.4]];
var GuestBsHalf = [[1,554,19,11,1,7,57.9,5.3,36.8],[2,187,19,10,4,5,52.6,21.1,26.3],[3,189,19,10,2,7,52.6,10.5,36.8],[4,166,19,10,1,8,52.6,5.3,42.1],[5,176,19,9,1,9,47.4,5.3,47.4],[6,154,19,9,0,10,47.4,0,52.6],[7,182,19,8,4,7,42.1,21.1,36.8],[8,2960,19,8,3,8,42.1,15.8,42.1],[9,552,19,7,4,8,36.8,21.1,42.1],[10,1419,19,7,2,10,36.8,10.5,52.6],[11,174,19,7,0,12,36.8,0,63.2],[12,558,19,6,4,9,31.6,21.1,47.4],[13,1420,19,6,4,9,31.6,21.1,47.4],[14,185,19,6,4,9,31.6,21.1,47.4],[15,1390,19,6,1,12,31.6,5.3,63.2],[16,559,19,5,5,9,26.3,26.3,47.4],[17,183,19,5,3,11,26.3,15.8,57.9],[18,152,19,5,3,11,26.3,15.8,57.9],[19,150,19,5,2,12,26.3,10.5,63.2],[20,179,19,4,2,13,21.1,10.5,68.4]];
var addUp = [376,49.5,38,5,346,45.5,[65.8,554],[60.5,183],[68.4,1390],[78.9,187],[73.7,174,554],[63.2,183]];
var addUpHalf = [288,37.9,100,13.2,372,48.9,[55.3,554],[60.5,154,150],[57.9,1390],[68.4,154],[57.9,554],[68.4,179]];
var lastUpdateTime = '2025-01-18 16:50:09';
