var arrLeague = [15,'南韩K联赛','南韓K聯賽','K League 1','2023','#0542b1','league_match/images/20190423203352.jpg','韩K联','韓K聯','KOR D1'];
var arrTeam = [[480,'蔚山HD','蔚山HD','Ulsan HD FC','','images/1j1c2yt4wj7.png',0],[481,'浦项制铁','浦項制鐵','Pohang Steelers','','images/481/1h1jgrf3gp0.png',0],[484,'全北现代','全北汽車','Jeonbuk Hyundai Motors','','images/484/1h1jgrf3gr2k.png',0],[488,'大田市民','大田市民','Daejeon Citizen','','images/488/1gxsf6qkda2b.png',0],[491,'大邱FC','大邱FC','Daegu FC','','images/491/1gxsf6qkd41p.png',0],[497,'仁川联队','仁川聯','Incheon United','','images/497/1h6swyavg60.png',0],[499,'水原三星','水原三星','Suwon Samsung Bluewings','','images/499/1gxsf6qjy02n.png',0],[501,'釜山偶像','釜山偶像','Busan I Park','','images/501/1gxsf6qkd2e.png',0],[741,'FC首尔','FC首爾','FC Seoul','','images/741/1gxsf6qjyq26.png',0],[4075,'济州联队','濟州聯','Jeju United','','images/4075/1gxsf6qjyw29.png',0],[5586,'水原FC','水原FC','Suwon FC','','images/5586/1gxsf6qjy222.png',0],[9945,'江原FC','FC江原','Gangwon FC','','images/9945/1gxsf6qkdd19.png',0],[16584,'光州FC','FC光州','Gwangju Football Club','','images/1gsq1q2mds5.png',0],[21243,'金浦市民','金浦市民','Gimpo FC','','images/21243/1gtqpya7wd21.png',0]];
var TotalPanLu = [[1,480,38,31,6,1,23,2,13,10,60.5,5.3,34.2],[2,488,38,8,8,22,21,4,13,8,55.3,10.5,34.2],[3,491,38,8,7,23,21,2,15,6,55.3,5.3,39.5],[4,16584,38,11,10,17,19,4,15,4,50,10.5,39.5],[5,481,38,30,3,5,19,2,17,2,50,5.3,44.7],[6,497,38,12,12,14,17,5,16,1,44.7,13.2,42.1],[7,741,38,25,8,5,15,7,16,-1,39.5,18.4,42.1],[8,484,38,26,7,5,15,4,19,-4,39.5,10.5,50],[9,9945,40,6,11,23,15,8,17,-2,37.5,20,42.5],[10,5586,40,5,5,30,15,4,21,-6,37.5,10,52.5],[11,501,2,1,0,1,1,0,1,0,50,0,50],[12,21243,2,0,0,2,1,0,1,0,50,0,50],[13,499,38,6,7,25,13,4,21,-8,34.2,10.5,55.3],[14,4075,38,15,12,11,12,4,22,-10,31.6,10.5,57.9]];
var HomePanLu = [[1,480,19,18,1,0,12,1,6,6,63.2,5.3,31.6],[2,481,19,18,1,0,12,0,7,5,63.2,0,36.8],[3,491,19,8,4,7,11,1,7,4,57.9,5.3,36.8],[4,488,19,8,6,5,10,2,7,3,52.6,10.5,36.8],[5,21243,1,0,0,1,1,0,0,1,100,0,0],[6,501,1,1,0,0,1,0,0,1,100,0,0],[7,484,19,18,1,0,9,1,9,0,47.4,5.3,47.4],[8,16584,19,10,5,4,9,0,10,-1,47.4,0,52.6],[9,741,19,14,4,1,7,4,8,-1,36.8,21.1,42.1],[10,497,19,10,6,3,7,3,9,-2,36.8,15.8,47.4],[11,9945,20,5,7,8,7,4,9,-2,35,20,45],[12,5586,20,5,4,11,7,3,10,-3,35,15,50],[13,4075,19,11,4,4,6,2,11,-5,31.6,10.5,57.9],[14,499,19,5,5,9,4,4,11,-7,21.1,21.1,57.9]];
var GuestPanLu = [[1,488,19,0,2,17,11,2,6,5,57.9,10.5,31.6],[2,480,19,13,5,1,11,1,7,4,57.9,5.3,36.8],[3,16584,19,1,5,13,10,4,5,5,52.6,21.1,26.3],[4,497,19,2,6,11,10,2,7,3,52.6,10.5,36.8],[5,491,19,0,3,16,10,1,8,2,52.6,5.3,42.1],[6,499,19,1,2,16,9,0,10,-1,47.4,0,52.6],[7,741,19,11,4,4,8,3,8,0,42.1,15.8,42.1],[8,9945,20,1,4,15,8,4,8,0,40,20,40],[9,5586,20,0,1,19,8,1,11,-3,40,5,55],[10,481,19,12,2,5,7,2,10,-3,36.8,10.5,52.6],[11,484,19,8,6,5,6,3,10,-4,31.6,15.8,52.6],[12,4075,19,4,8,7,6,2,11,-5,31.6,10.5,57.9],[13,21243,1,0,0,1,0,0,1,-1,0,0,100],[14,501,1,0,0,1,0,0,1,-1,0,0,100]];
var TotalHalfPanLu = [[1,488,38,4,20,14,20,7,11,9,52.6,18.4,28.9],[2,9945,40,2,21,17,19,11,10,9,47.5,27.5,25],[3,497,38,5,24,9,18,9,11,7,47.4,23.7,28.9],[4,5586,40,0,16,24,16,3,21,-5,40,7.5,52.5],[5,16584,38,9,23,6,15,14,9,6,39.5,36.8,23.7],[6,491,38,5,20,13,14,12,12,2,36.8,31.6,31.6],[7,481,38,19,16,3,14,10,14,0,36.8,26.3,36.8],[8,741,38,13,22,3,14,8,16,-2,36.8,21.1,42.1],[9,21243,2,0,1,1,1,1,0,1,50,50,0],[10,501,2,1,1,0,1,0,1,0,50,0,50],[11,480,38,31,7,0,13,4,21,-8,34.2,10.5,55.3],[12,499,38,1,18,19,12,11,15,-3,31.6,28.9,39.5],[13,484,38,19,17,2,12,9,17,-5,31.6,23.7,44.7],[14,4075,38,9,22,7,8,11,19,-11,21.1,28.9,50]];
var HomeHalfPanLu = [[1,741,19,10,8,1,10,2,7,3,52.6,10.5,36.8],[2,488,19,4,12,3,9,3,7,2,47.4,15.8,36.8],[3,481,19,14,5,0,8,3,8,0,42.1,15.8,42.1],[4,9945,20,2,14,4,8,8,4,4,40,40,20],[5,497,19,5,13,1,7,7,5,2,36.8,36.8,26.3],[6,480,19,18,1,0,7,0,12,-5,36.8,0,63.2],[7,5586,20,0,13,7,7,3,10,-3,35,15,50],[8,16584,19,8,10,1,6,7,6,0,31.6,36.8,31.6],[9,491,19,5,11,3,6,5,8,-2,31.6,26.3,42.1],[10,484,19,15,4,0,6,2,11,-5,31.6,10.5,57.9],[11,499,19,1,13,5,5,9,5,0,26.3,47.4,26.3],[12,4075,19,9,9,1,3,5,11,-8,15.8,26.3,57.9],[13,21243,1,0,1,0,0,1,0,0,0,100,0],[14,501,1,1,0,0,0,0,1,-1,0,0,100]];
var GuestHalfPanLu = [[1,488,19,0,8,11,11,4,4,7,57.9,21.1,21.1],[2,497,19,0,11,8,11,2,6,5,57.9,10.5,31.6],[3,9945,20,0,7,13,11,3,6,5,55,15,30],[4,21243,1,0,0,1,1,0,0,1,100,0,0],[5,501,1,0,1,0,1,0,0,1,100,0,0],[6,16584,19,1,13,5,9,7,3,6,47.4,36.8,15.8],[7,5586,20,0,3,17,9,0,11,-2,45,0,55],[8,491,19,0,9,10,8,7,4,4,42.1,36.8,21.1],[9,499,19,0,5,14,7,2,10,-3,36.8,10.5,52.6],[10,481,19,5,11,3,6,7,6,0,31.6,36.8,31.6],[11,484,19,4,13,2,6,7,6,0,31.6,36.8,31.6],[12,480,19,13,6,0,6,4,9,-3,31.6,21.1,47.4],[13,4075,19,0,13,6,5,6,8,-3,26.3,31.6,42.1],[14,741,19,3,14,2,4,6,9,-5,21.1,31.6,47.4]];
var addUp = [103,44.4,25,10.8,104,44.8,[60.5,480],[57.9,4075],[100,21243,501],[57.9,4075,499],[57.9,488,480],[100,21243,501],[20,9945],[0,501,21243]];
var addUpHalf = [82,35.3,55,23.7,95,40.9,[52.6,488],[55.3,480],[52.6,741],[100,501],[100,21243,501],[55,5586],[50,21243],[0,501]];
var lastUpdateTime = '2025-01-18 10:41:41';
