var arrLeague = [15,'南韩K联赛','南韓K聯賽','K League 1','2023','#0542b1','league_match/images/20190423203352.jpg','韩K联','韓K聯','KOR D1'];
var arrTeam = [[480,'蔚山HD','蔚山HD','Ulsan HD FC','','images/1j1c2yt4wj7.png',0],[481,'浦项制铁','浦項制鐵','Pohang Steelers','','images/481/1h1jgrf3gp0.png',0],[484,'全北现代','全北汽車','Jeonbuk Hyundai Motors','','images/484/1h1jgrf3gr2k.png',0],[488,'大田市民','大田市民','Daejeon Citizen','','images/488/1gxsf6qkda2b.png',0],[491,'大邱FC','大邱FC','Daegu FC','','images/491/1gxsf6qkd41p.png',0],[497,'仁川联队','仁川聯','Incheon United','','images/497/1h6swyavg60.png',0],[499,'水原三星','水原三星','Suwon Samsung Bluewings','','images/499/1gxsf6qjy02n.png',0],[501,'釜山偶像','釜山偶像','Busan I Park','','images/501/1gxsf6qkd2e.png',0],[741,'FC首尔','FC首爾','FC Seoul','','images/741/1gxsf6qjyq26.png',0],[4075,'济州联队','濟州聯','Jeju United','','images/4075/1gxsf6qjyw29.png',0],[5586,'水原FC','水原FC','Suwon FC','','images/5586/1gxsf6qjy222.png',0],[9945,'江原FC','FC江原','Gangwon FC','','images/9945/1gxsf6qkdd19.png',0],[16584,'光州FC','FC光州','Gwangju Football Club','','images/1gsq1q2mds5.png',0],[21243,'金浦市民','金浦市民','Gimpo FC','','images/21243/1gtqpya7wd21.png',0]];
var TotalBs = [[1,5586,40,24,0,16,60,0,40],[2,480,38,22,0,16,57.9,0,42.1],[3,488,38,20,0,18,52.6,0,47.4],[4,741,38,20,0,18,52.6,0,47.4],[5,4075,38,17,0,21,44.7,0,55.3],[6,499,38,17,0,21,44.7,0,55.3],[7,491,38,14,0,24,36.8,0,63.2],[8,497,38,14,0,24,36.8,0,63.2],[9,481,38,14,0,24,36.8,0,63.2],[10,484,38,12,0,26,31.6,0,68.4],[11,16584,38,10,0,28,26.3,0,73.7],[12,9945,40,9,0,31,22.5,0,77.5],[13,501,2,2,0,0,100,0,0],[14,21243,2,1,0,1,50,0,50]];
var HomeBs = [[1,480,19,12,0,7,63.2,0,36.8],[2,5586,20,12,0,8,60,0,40],[3,488,19,10,0,9,52.6,0,47.4],[4,741,19,10,0,9,52.6,0,47.4],[5,4075,19,9,0,10,47.4,0,52.6],[6,499,19,7,0,12,36.8,0,63.2],[7,491,19,7,0,12,36.8,0,63.2],[8,481,19,7,0,12,36.8,0,63.2],[9,484,19,6,0,13,31.6,0,68.4],[10,497,19,6,0,13,31.6,0,68.4],[11,9945,20,6,0,14,30,0,70],[12,16584,19,5,0,14,26.3,0,73.7],[13,501,1,1,0,0,100,0,0],[14,21243,1,0,0,1,0,0,100]];
var GuestBs = [[1,5586,20,12,0,8,60,0,40],[2,499,19,10,0,9,52.6,0,47.4],[3,741,19,10,0,9,52.6,0,47.4],[4,480,19,10,0,9,52.6,0,47.4],[5,488,19,10,0,9,52.6,0,47.4],[6,4075,19,8,0,11,42.1,0,57.9],[7,497,19,8,0,11,42.1,0,57.9],[8,491,19,7,0,12,36.8,0,63.2],[9,481,19,7,0,12,36.8,0,63.2],[10,484,19,6,0,13,31.6,0,68.4],[11,16584,19,5,0,14,26.3,0,73.7],[12,9945,20,3,0,17,15,0,85],[13,21243,1,1,0,0,100,0,0],[14,501,1,1,0,0,100,0,0]];
var TotalBsHalf = [[1,499,38,21,6,11,55.3,15.8,28.9],[2,488,38,17,10,11,44.7,26.3,28.9],[3,497,38,17,8,13,44.7,21.1,34.2],[4,491,38,17,6,15,44.7,15.8,39.5],[5,9945,40,16,7,17,40,17.5,42.5],[6,16584,38,14,4,20,36.8,10.5,52.6],[7,5586,40,13,19,8,32.5,47.5,20],[8,741,38,13,12,13,34.2,31.6,34.2],[9,481,38,13,11,14,34.2,28.9,36.8],[10,484,38,12,9,17,31.6,23.7,44.7],[11,4075,38,11,11,16,28.9,28.9,42.1],[12,480,38,10,13,15,26.3,34.2,39.5],[13,501,2,0,2,0,0,100,0],[14,21243,2,0,0,2,0,0,100]];
var HomeBsHalf = [[1,491,19,9,4,6,47.4,21.1,31.6],[2,9945,20,9,4,7,45,20,35],[3,488,19,8,8,3,42.1,42.1,15.8],[4,497,19,8,4,7,42.1,21.1,36.8],[5,484,19,8,2,9,42.1,10.5,47.4],[6,16584,19,8,0,11,42.1,0,57.9],[7,741,19,7,5,7,36.8,26.3,36.8],[8,499,19,7,3,9,36.8,15.8,47.4],[9,5586,20,6,9,5,30,45,25],[10,481,19,6,7,6,31.6,36.8,31.6],[11,4075,19,6,4,9,31.6,21.1,47.4],[12,480,19,5,8,6,26.3,42.1,31.6],[13,501,1,0,1,0,0,100,0],[14,21243,1,0,0,1,0,0,100]];
var GuestBsHalf = [[1,499,19,14,3,2,73.7,15.8,10.5],[2,497,19,9,4,6,47.4,21.1,31.6],[3,488,19,9,2,8,47.4,10.5,42.1],[4,491,19,8,2,9,42.1,10.5,47.4],[5,5586,20,7,10,3,35,50,15],[6,481,19,7,4,8,36.8,21.1,42.1],[7,9945,20,7,3,10,35,15,50],[8,741,19,6,7,6,31.6,36.8,31.6],[9,16584,19,6,4,9,31.6,21.1,47.4],[10,4075,19,5,7,7,26.3,36.8,36.8],[11,480,19,5,5,9,26.3,26.3,47.4],[12,484,19,4,7,8,21.1,36.8,42.1],[13,501,1,0,1,0,0,100,0],[14,21243,1,0,0,1,0,0,100]];
var addUp = [196,42.2,0,0,268,57.8,[100,501],[77.5,9945],[100,501],[100,21243],[100,21243,501],[85,9945]];
var addUpHalf = [174,37.5,118,25.4,172,37.1,[55.3,499],[100,21243],[47.4,491],[100,21243],[73.7,499],[100,21243]];
var lastUpdateTime = '2025-01-18 10:41:50';
