var arrLeague = [60,'中国超级联赛','中國超級聯賽','Chinese Super League','2019','#0066FF','league_match/images/166674992094.png','中超','中超','CHA CSL'];
var arrTeam = [[37,'深圳队','深圳隊','Shenzhen FC','','images/37/1gy3vkgfwq2z.png',0],[39,'上海申花','上海申花','Shanghai Shenhua','','images/39/1gy3vjsrhn1p.png',0],[40,'山东泰山','山東泰山','Shandong Taishan','','images/40/1gy3vjsrhjq.png',0],[43,'北京国安','北京國安','Beijing Guoan','','images/1j8grm13nd21.png',0],[83,'重庆两江竞技','重慶兩江競技','Chongqing Liangjiang Athletic','','images/20180921192706.png',0],[89,'天津津门虎','天津津門虎','Tianjin Tigers','','images/89/1gy3vkgfwn2t.png',0],[535,'广州队','廣州隊','Guangzhou FC','','images/535/1hy4p3apdsh.png',0],[541,'河南队','河南隊','Henan Football Club','','images/541/1j39p5ccv415.png',0],[543,'江苏苏宁易购','江蘇蘇寧','Jiangsu Suning FC','','images/20180921195311.png',0],[3969,'北京人和','北京人和','Beijing Renhe','','images/20180921194257.png',0],[7642,'上海海港','上海海港','Shanghai Port','','images/7642/1h8n2nv7tw23.png',0],[8685,'天津天海','天津天海','Tianjin Tianhai','','images/20190228090603.png',0],[13969,'大连人','大連人','Dalian Pro','','images/20200123150128.png',0],[16667,'武汉长江','武漢長江','Wuhan FC','','images/2013322180048.png',0],[16668,'广州城','廣州城','Guangzhou City','','images/165371552931.png',0],[16961,'河北队','河北隊','Hebei FC','','images/20180921193444.png',0]];
var TotalPanLu = [[1,541,30,7,2,21,19,3,8,11,63.3,10,26.7],[2,543,30,19,2,9,18,3,9,9,60,10,30],[3,535,30,28,1,1,17,1,12,5,56.7,3.3,40],[4,16667,30,9,6,15,16,5,9,7,53.3,16.7,30],[5,43,30,26,2,2,16,1,13,3,53.3,3.3,43.3],[6,83,30,6,6,18,15,2,13,2,50,6.7,43.3],[7,7642,30,28,0,2,15,2,13,2,50,6.7,43.3],[8,40,30,21,2,7,15,0,15,0,50,0,50],[9,8685,30,5,3,22,14,2,14,0,46.7,6.7,46.7],[10,89,30,12,2,16,13,1,16,-3,43.3,3.3,53.3],[11,13969,30,13,4,13,13,0,17,-4,43.3,0,56.7],[12,39,30,11,3,16,12,1,17,-5,40,3.3,56.7],[13,16961,30,12,2,16,12,0,18,-6,40,0,60],[14,16668,30,11,3,16,11,3,16,-5,36.7,10,53.3],[15,37,30,5,6,19,10,3,17,-7,33.3,10,56.7],[16,3969,30,3,4,23,9,3,18,-9,30,10,60]];
var HomePanLu = [[1,543,15,12,0,3,11,0,4,7,73.3,0,26.7],[2,541,15,7,1,7,10,2,3,7,66.7,13.3,20],[3,7642,15,15,0,0,9,1,5,4,60,6.7,33.3],[4,16667,15,8,3,4,8,3,4,4,53.3,20,26.7],[5,16668,15,10,1,4,8,1,6,2,53.3,6.7,40],[6,83,15,5,5,5,8,1,6,2,53.3,6.7,40],[7,89,15,9,2,4,8,1,6,2,53.3,6.7,40],[8,40,15,12,0,3,8,0,7,1,53.3,0,46.7],[9,37,15,5,4,6,7,2,6,1,46.7,13.3,40],[10,43,15,14,1,0,7,0,8,-1,46.7,0,53.3],[11,535,15,15,0,0,7,0,8,-1,46.7,0,53.3],[12,8685,15,5,2,8,6,2,7,-1,40,13.3,46.7],[13,13969,15,11,2,2,6,0,9,-3,40,0,60],[14,16961,15,10,0,5,6,0,9,-3,40,0,60],[15,39,15,10,0,5,5,0,10,-5,33.3,0,66.7],[16,3969,15,3,3,9,4,2,9,-5,26.7,13.3,60]];
var GuestPanLu = [[1,535,15,13,1,1,10,1,4,6,66.7,6.7,26.7],[2,541,15,0,1,14,9,1,5,4,60,6.7,33.3],[3,43,15,12,1,2,9,1,5,4,60,6.7,33.3],[4,16667,15,1,3,11,8,2,5,3,53.3,13.3,33.3],[5,8685,15,0,1,14,8,0,7,1,53.3,0,46.7],[6,543,15,7,2,6,7,3,5,2,46.7,20,33.3],[7,83,15,1,1,13,7,1,7,0,46.7,6.7,46.7],[8,39,15,1,3,11,7,1,7,0,46.7,6.7,46.7],[9,40,15,9,2,4,7,0,8,-1,46.7,0,53.3],[10,13969,15,2,2,11,7,0,8,-1,46.7,0,53.3],[11,7642,15,13,0,2,6,1,8,-2,40,6.7,53.3],[12,16961,15,2,2,11,6,0,9,-3,40,0,60],[13,3969,15,0,1,14,5,1,9,-4,33.3,6.7,60],[14,89,15,3,0,12,5,0,10,-5,33.3,0,66.7],[15,16668,15,1,2,12,3,2,10,-7,20,13.3,66.7],[16,37,15,0,2,13,3,1,11,-8,20,6.7,73.3]];
var TotalHalfPanLu = [[1,83,30,3,10,17,18,4,8,10,60,13.3,26.7],[2,3969,30,2,8,20,18,3,9,9,60,10,30],[3,8685,30,2,8,20,16,2,12,4,53.3,6.7,40],[4,535,30,27,2,1,15,3,12,3,50,10,40],[5,541,30,6,5,19,15,3,12,3,50,10,40],[6,40,30,17,8,5,15,2,13,2,50,6.7,43.3],[7,7642,30,26,2,2,15,0,15,0,50,0,50],[8,16667,30,8,10,12,14,4,12,2,46.7,13.3,40],[9,543,30,14,8,8,13,3,14,-1,43.3,10,46.7],[10,89,30,5,13,12,12,5,13,-1,40,16.7,43.3],[11,37,30,2,12,16,12,5,13,-1,40,16.7,43.3],[12,16668,30,10,6,14,12,1,17,-5,40,3.3,56.7],[13,43,30,25,5,0,11,4,15,-4,36.7,13.3,50],[14,39,30,9,10,11,10,6,14,-4,33.3,20,46.7],[15,13969,30,13,8,9,9,3,18,-9,30,10,60],[16,16961,30,10,7,13,8,6,16,-8,26.7,20,53.3]];
var HomeHalfPanLu = [[1,40,15,12,2,1,10,0,5,5,66.7,0,33.3],[2,8685,15,2,7,6,8,2,5,3,53.3,13.3,33.3],[3,543,15,12,0,3,8,0,7,1,53.3,0,46.7],[4,3969,15,2,8,5,7,2,6,1,46.7,13.3,40],[5,16667,15,7,5,3,7,2,6,1,46.7,13.3,40],[6,43,15,14,1,0,7,2,6,1,46.7,13.3,40],[7,535,15,14,1,0,7,2,6,1,46.7,13.3,40],[8,7642,15,14,1,0,7,0,8,-1,46.7,0,53.3],[9,37,15,2,9,4,6,4,5,1,40,26.7,33.3],[10,83,15,3,7,5,6,3,6,0,40,20,40],[11,89,15,5,7,3,6,2,7,-1,40,13.3,46.7],[12,541,15,6,3,6,6,2,7,-1,40,13.3,46.7],[13,13969,15,11,2,2,5,1,9,-4,33.3,6.7,60],[14,16668,15,10,2,3,5,1,9,-4,33.3,6.7,60],[15,16961,15,9,3,3,3,2,10,-7,20,13.3,66.7],[16,39,15,9,3,3,3,2,10,-7,20,13.3,66.7]];
var GuestHalfPanLu = [[1,83,15,0,3,12,12,1,2,10,80,6.7,13.3],[2,3969,15,0,0,15,11,1,3,8,73.3,6.7,20],[3,541,15,0,2,13,9,1,5,4,60,6.7,33.3],[4,535,15,13,1,1,8,1,6,2,53.3,6.7,40],[5,7642,15,12,1,2,8,0,7,1,53.3,0,46.7],[6,8685,15,0,1,14,8,0,7,1,53.3,0,46.7],[7,39,15,0,7,8,7,4,4,3,46.7,26.7,26.7],[8,16667,15,1,5,9,7,2,6,1,46.7,13.3,40],[9,16668,15,0,4,11,7,0,8,-1,46.7,0,53.3],[10,89,15,0,6,9,6,3,6,0,40,20,40],[11,37,15,0,3,12,6,1,8,-2,40,6.7,53.3],[12,16961,15,1,4,10,5,4,6,-1,33.3,26.7,40],[13,543,15,2,8,5,5,3,7,-2,33.3,20,46.7],[14,40,15,5,6,4,5,2,8,-3,33.3,13.3,53.3],[15,43,15,11,4,0,4,2,9,-5,26.7,13.3,60],[16,13969,15,2,6,7,4,2,9,-5,26.7,13.3,60]];
var addUp = [118,49.2,15,6.2,107,44.6,[63.3,541],[60,16961,3969],[73.3,543],[66.7,39],[66.7,535],[73.3,37],[16.7,16667],[0,40,13969,16961]];
var addUpHalf = [101,42.1,27,11.2,112,46.7,[60,83,3969],[60,13969],[66.7,40],[66.7,16961,39],[80,83],[60,43,13969],[20,39,16961],[0,7642]];
var lastUpdateTime = '2025-01-19 09:37:57';
