var arrLeague = [60,'中国超级联赛','中國超級聯賽','Chinese Super League','2019','#0066FF','league_match/images/166674992094.png','中超','中超','CHA CSL'];
var arrTeam = [[37,'深圳队','深圳隊','Shenzhen FC','','images/37/1gy3vkgfwq2z.png',0],[39,'上海申花','上海申花','Shanghai Shenhua','','images/39/1gy3vjsrhn1p.png',0],[40,'山东泰山','山東泰山','Shandong Taishan','','images/40/1gy3vjsrhjq.png',0],[43,'北京国安','北京國安','Beijing Guoan','','images/1j8grm13nd21.png',0],[83,'重庆两江竞技','重慶兩江競技','Chongqing Liangjiang Athletic','','images/20180921192706.png',0],[89,'天津津门虎','天津津門虎','Tianjin Tigers','','images/89/1gy3vkgfwn2t.png',0],[535,'广州队','廣州隊','Guangzhou FC','','images/535/1hy4p3apdsh.png',0],[541,'河南队','河南隊','Henan Football Club','','images/541/1j39p5ccv415.png',0],[543,'江苏苏宁易购','江蘇蘇寧','Jiangsu Suning FC','','images/20180921195311.png',0],[3969,'北京人和','北京人和','Beijing Renhe','','images/20180921194257.png',0],[7642,'上海海港','上海海港','Shanghai Port','','images/7642/1h8n2nv7tw23.png',0],[8685,'天津天海','天津天海','Tianjin Tianhai','','images/20190228090603.png',0],[13969,'大连人','大連人','Dalian Pro','','images/20200123150128.png',0],[16667,'武汉长江','武漢長江','Wuhan FC','','images/2013322180048.png',0],[16668,'广州城','廣州城','Guangzhou City','','images/165371552931.png',0],[16961,'河北队','河北隊','Hebei FC','','images/20180921193444.png',0]];
var TotalBs = [[1,16668,30,21,1,8,70,3.3,26.7],[2,39,30,17,5,8,56.7,16.7,26.7],[3,543,30,17,4,9,56.7,13.3,30],[4,8685,30,17,2,11,56.7,6.7,36.7],[5,40,30,17,2,11,56.7,6.7,36.7],[6,541,30,15,3,12,50,10,40],[7,13969,30,15,2,13,50,6.7,43.3],[8,37,30,15,1,14,50,3.3,46.7],[9,16961,30,14,5,11,46.7,16.7,36.7],[10,43,30,14,3,13,46.7,10,43.3],[11,89,30,14,2,14,46.7,6.7,46.7],[12,535,30,14,1,15,46.7,3.3,50],[13,3969,30,14,1,15,46.7,3.3,50],[14,83,30,13,1,16,43.3,3.3,53.3],[15,7642,30,12,5,13,40,16.7,43.3],[16,16667,30,11,4,15,36.7,13.3,50]];
var HomeBs = [[1,16668,15,11,1,3,73.3,6.7,20],[2,8685,15,11,0,4,73.3,0,26.7],[3,39,15,10,4,1,66.7,26.7,6.7],[4,43,15,9,2,4,60,13.3,26.7],[5,3969,15,9,0,6,60,0,40],[6,40,15,8,1,6,53.3,6.7,40],[7,37,15,8,0,7,53.3,0,46.7],[8,7642,15,7,3,5,46.7,20,33.3],[9,16961,15,7,2,6,46.7,13.3,40],[10,543,15,7,2,6,46.7,13.3,40],[11,541,15,7,1,7,46.7,6.7,46.7],[12,13969,15,7,1,7,46.7,6.7,46.7],[13,89,15,7,0,8,46.7,0,53.3],[14,83,15,5,1,9,33.3,6.7,60],[15,535,15,4,1,10,26.7,6.7,66.7],[16,16667,15,3,2,10,20,13.3,66.7]];
var GuestBs = [[1,543,15,10,2,3,66.7,13.3,20],[2,16668,15,10,0,5,66.7,0,33.3],[3,535,15,10,0,5,66.7,0,33.3],[4,40,15,9,1,5,60,6.7,33.3],[5,16667,15,8,2,5,53.3,13.3,33.3],[6,541,15,8,2,5,53.3,13.3,33.3],[7,13969,15,8,1,6,53.3,6.7,40],[8,83,15,8,0,7,53.3,0,46.7],[9,16961,15,7,3,5,46.7,20,33.3],[10,89,15,7,2,6,46.7,13.3,40],[11,37,15,7,1,7,46.7,6.7,46.7],[12,39,15,7,1,7,46.7,6.7,46.7],[13,8685,15,6,2,7,40,13.3,46.7],[14,7642,15,5,2,8,33.3,13.3,53.3],[15,43,15,5,1,9,33.3,6.7,60],[16,3969,15,5,1,9,33.3,6.7,60]];
var TotalBsHalf = [[1,16668,30,17,1,12,56.7,3.3,40],[2,40,30,16,1,13,53.3,3.3,43.3],[3,39,30,15,2,13,50,6.7,43.3],[4,8685,30,14,5,11,46.7,16.7,36.7],[5,13969,30,14,3,13,46.7,10,43.3],[6,535,30,14,2,14,46.7,6.7,46.7],[7,37,30,12,5,13,40,16.7,43.3],[8,541,30,12,4,14,40,13.3,46.7],[9,16961,30,12,2,16,40,6.7,53.3],[10,43,30,12,1,17,40,3.3,56.7],[11,3969,30,11,8,11,36.7,26.7,36.7],[12,543,30,10,5,15,33.3,16.7,50],[13,16667,30,10,5,15,33.3,16.7,50],[14,89,30,9,5,16,30,16.7,53.3],[15,83,30,9,1,20,30,3.3,66.7],[16,7642,30,9,0,21,30,0,70]];
var HomeBsHalf = [[1,39,15,11,1,3,73.3,6.7,20],[2,16668,15,11,0,4,73.3,0,26.7],[3,40,15,9,0,6,60,0,40],[4,8685,15,8,1,6,53.3,6.7,40],[5,43,15,7,0,8,46.7,0,53.3],[6,3969,15,6,6,3,40,40,20],[7,37,15,6,3,6,40,20,40],[8,535,15,6,1,8,40,6.7,53.3],[9,13969,15,6,0,9,40,0,60],[10,541,15,5,3,7,33.3,20,46.7],[11,16667,15,5,3,7,33.3,20,46.7],[12,7642,15,5,0,10,33.3,0,66.7],[13,16961,15,4,2,9,26.7,13.3,60],[14,543,15,3,2,10,20,13.3,66.7],[15,89,15,3,2,10,20,13.3,66.7],[16,83,15,3,1,11,20,6.7,73.3]];
var GuestBsHalf = [[1,13969,15,8,3,4,53.3,20,26.7],[2,535,15,8,1,6,53.3,6.7,40],[3,16961,15,8,0,7,53.3,0,46.7],[4,543,15,7,3,5,46.7,20,33.3],[5,541,15,7,1,7,46.7,6.7,46.7],[6,40,15,7,1,7,46.7,6.7,46.7],[7,8685,15,6,4,5,40,26.7,33.3],[8,89,15,6,3,6,40,20,40],[9,37,15,6,2,7,40,13.3,46.7],[10,16668,15,6,1,8,40,6.7,53.3],[11,83,15,6,0,9,40,0,60],[12,3969,15,5,2,8,33.3,13.3,53.3],[13,16667,15,5,2,8,33.3,13.3,53.3],[14,43,15,5,1,9,33.3,6.7,60],[15,39,15,4,1,10,26.7,6.7,66.7],[16,7642,15,4,0,11,26.7,0,73.3]];
var addUp = [240,50,42,8.8,198,41.2,[70,16668],[53.3,83],[73.3,16668,8685],[66.7,535,16667],[66.7,543,16668,535],[60,43,3969]];
var addUpHalf = [196,40.8,50,10.4,234,48.8,[56.7,16668],[70,7642],[73.3,39,16668],[73.3,83],[53.3,13969,535,16961],[73.3,7642]];
var lastUpdateTime = '2025-01-19 09:38:06';
