var arrLeague = [12,'法国乙组联赛','法國乙組聯賽','France Ligue 2','2017-2018','#B1A7A7','league_match/images/1j5w0bknv81g.png','法乙','法乙','FRA D2'];
var arrTeam = [[194,'阿雅克肖','阿些斯奧','Ajaccio','','images/194/1h71ky6nm62v.png',0],[202,'朗斯','朗斯','Lens','','images/164871168519.png',0],[215,'欧塞尔','歐塞爾','AJ Auxerre','','images/215/1h71ky6nmw2f.png',0],[216,'图卢兹','圖魯茲','Toulouse','','images/216/1j5hgyxgzaq.png',0],[267,'索肖','索察','Sochaux','','images/267/1hke8b1sjc2k.png',0],[301,'南锡','南錫','Nancy','','images/20181012141312.png',0],[306,'布雷斯特','比斯特','Stade Brestois','','images/164871188569.png',0],[308,'沙托鲁','沙特魯','Chateauroux','','images/308/1hfze5prsh19.png',0],[313,'克莱蒙','克萊蒙特','Clermont','','images/164871190892.png',0],[325,'尼奥特','尼奧特','Chamois Niortais','','images/20150714133215.png',0],[333,'洛里昂','羅連安特','Lorient','','images/164871192161.png',0],[335,'勒阿弗尔','勒哈費爾','Le Havre','','images/335/1hkgsvdrhc1c.png',0],[1744,'尼姆','尼姆','Nimes','','images/1744/1h5btqtznf2r.png',0],[1796,'巴黎足球会','巴黎FC','Paris FC','','images/1796/1h56c0xwvqd.png',0],[2103,'图尔','杜亞斯','Tours','','images/2103/1jdxkkyk2j2v.png',0],[2104,'瓦朗谢纳','華倫西恩斯','Valenciennes','','images/2104/1h71kxn4hy7.png',0],[2141,'GFC阿雅克肖','GFCO阿些斯奧','Ajaccio Gfco','','images/201327164251.jpg',0],[4957,'兰斯','蘭斯','Reims','','images/164871196247.png',0],[5025,'奥兰斯','奧爾良','Orleans US 45','','images/5025/1h5bja71em6.png',0],[7052,'普瑞兰斯','布爾格','Bourg Peronnas','','images/7052/1hg20g3srq2j.png',0],[15372,'克维伊','奎維利魯昂','Quevilly','','images/15372/1jcpr585p85.png',0]];
var TotalBs = [[1,7052,38,25,0,13,65.8,0,34.2],[2,1744,38,24,0,14,63.2,0,36.8],[3,325,38,23,1,14,60.5,2.6,36.8],[4,308,38,22,0,16,57.9,0,42.1],[5,2104,38,21,0,17,55.3,0,44.7],[6,2103,38,20,2,16,52.6,5.3,42.1],[7,215,38,20,2,16,52.6,5.3,42.1],[8,4957,38,20,1,17,52.6,2.6,44.7],[9,15372,38,19,1,18,50,2.6,47.4],[10,301,38,19,1,18,50,2.6,47.4],[11,333,38,19,1,18,50,2.6,47.4],[12,5025,38,18,2,18,47.4,5.3,47.4],[13,267,38,18,0,20,47.4,0,52.6],[14,306,39,18,1,20,46.2,2.6,51.3],[15,194,41,17,1,23,41.5,2.4,56.1],[16,313,38,16,0,22,42.1,0,57.9],[17,2141,38,16,0,22,42.1,0,57.9],[18,335,40,16,0,24,40,0,60],[19,1796,38,14,5,19,36.8,13.2,50],[20,202,38,14,0,24,36.8,0,63.2],[21,216,2,1,0,1,50,0,50]];
var HomeBs = [[1,2103,19,13,0,6,68.4,0,31.6],[2,267,19,12,0,7,63.2,0,36.8],[3,7052,19,12,0,7,63.2,0,36.8],[4,301,19,11,1,7,57.9,5.3,36.8],[5,1744,19,11,0,8,57.9,0,42.1],[6,5025,19,11,0,8,57.9,0,42.1],[7,194,21,11,1,9,52.4,4.8,42.9],[8,325,19,10,1,8,52.6,5.3,42.1],[9,4957,19,10,1,8,52.6,5.3,42.1],[10,15372,19,10,1,8,52.6,5.3,42.1],[11,308,19,9,0,10,47.4,0,52.6],[12,333,19,9,0,10,47.4,0,52.6],[13,215,19,8,2,9,42.1,10.5,47.4],[14,1796,19,8,1,10,42.1,5.3,52.6],[15,313,19,8,0,11,42.1,0,57.9],[16,2104,19,8,0,11,42.1,0,57.9],[17,2141,19,8,0,11,42.1,0,57.9],[18,306,19,7,1,11,36.8,5.3,57.9],[19,202,19,7,0,12,36.8,0,63.2],[20,335,20,7,0,13,35,0,65],[21,216,1,0,0,1,0,0,100]];
var GuestBs = [[1,325,19,13,0,6,68.4,0,31.6],[2,1744,19,13,0,6,68.4,0,31.6],[3,2104,19,13,0,6,68.4,0,31.6],[4,7052,19,13,0,6,68.4,0,31.6],[5,308,19,13,0,6,68.4,0,31.6],[6,215,19,12,0,7,63.2,0,36.8],[7,306,20,11,0,9,55,0,45],[8,333,19,10,1,8,52.6,5.3,42.1],[9,4957,19,10,0,9,52.6,0,47.4],[10,15372,19,9,0,10,47.4,0,52.6],[11,335,20,9,0,11,45,0,55],[12,2141,19,8,0,11,42.1,0,57.9],[13,301,19,8,0,11,42.1,0,57.9],[14,313,19,8,0,11,42.1,0,57.9],[15,5025,19,7,2,10,36.8,10.5,52.6],[16,2103,19,7,2,10,36.8,10.5,52.6],[17,202,19,7,0,12,36.8,0,63.2],[18,1796,19,6,4,9,31.6,21.1,47.4],[19,267,19,6,0,13,31.6,0,68.4],[20,194,20,6,0,14,30,0,70],[21,216,1,1,0,0,100,0,0]];
var TotalBsHalf = [[1,5025,38,22,10,6,57.9,26.3,15.8],[2,194,41,19,10,12,46.3,24.4,29.3],[3,7052,38,18,7,13,47.4,18.4,34.2],[4,1796,38,18,3,17,47.4,7.9,44.7],[5,335,40,17,16,7,42.5,40,17.5],[6,2141,38,17,11,10,44.7,28.9,26.3],[7,301,38,17,9,12,44.7,23.7,31.6],[8,267,38,17,8,13,44.7,21.1,34.2],[9,2103,38,16,12,10,42.1,31.6,26.3],[10,325,38,16,10,12,42.1,26.3,31.6],[11,1744,38,16,8,14,42.1,21.1,36.8],[12,4957,38,16,6,16,42.1,15.8,42.1],[13,333,38,15,12,11,39.5,31.6,28.9],[14,306,39,15,13,11,38.5,33.3,28.2],[15,215,38,15,10,13,39.5,26.3,34.2],[16,2104,38,15,10,13,39.5,26.3,34.2],[17,308,38,14,11,13,36.8,28.9,34.2],[18,202,38,13,13,12,34.2,34.2,31.6],[19,15372,38,12,15,11,31.6,39.5,28.9],[20,313,38,7,14,17,18.4,36.8,44.7],[21,216,2,1,0,1,50,0,50]];
var HomeBsHalf = [[1,5025,19,14,3,2,73.7,15.8,10.5],[2,267,19,12,4,3,63.2,21.1,15.8],[3,7052,19,12,2,5,63.2,10.5,26.3],[4,194,21,10,5,6,47.6,23.8,28.6],[5,1796,19,10,1,8,52.6,5.3,42.1],[6,2103,19,9,6,4,47.4,31.6,21.1],[7,301,19,9,5,5,47.4,26.3,26.3],[8,335,20,8,7,5,40,35,25],[9,2104,19,8,4,7,42.1,21.1,36.8],[10,4957,19,8,3,8,42.1,15.8,42.1],[11,2141,19,7,7,5,36.8,36.8,26.3],[12,306,19,7,7,5,36.8,36.8,26.3],[13,325,19,7,6,6,36.8,31.6,31.6],[14,308,19,7,3,9,36.8,15.8,47.4],[15,202,19,6,6,7,31.6,31.6,36.8],[16,333,19,6,6,7,31.6,31.6,36.8],[17,215,19,6,6,7,31.6,31.6,36.8],[18,1744,19,6,3,10,31.6,15.8,52.6],[19,15372,19,4,9,6,21.1,47.4,31.6],[20,313,19,2,11,6,10.5,57.9,31.6],[21,216,1,0,0,1,0,0,100]];
var GuestBsHalf = [[1,1744,19,10,5,4,52.6,26.3,21.1],[2,2141,19,10,4,5,52.6,21.1,26.3],[3,335,20,9,9,2,45,45,10],[4,333,19,9,6,4,47.4,31.6,21.1],[5,215,19,9,4,6,47.4,21.1,31.6],[6,325,19,9,4,6,47.4,21.1,31.6],[7,194,20,9,5,6,45,25,30],[8,5025,19,8,7,4,42.1,36.8,21.1],[9,15372,19,8,6,5,42.1,31.6,26.3],[10,306,20,8,6,6,40,30,30],[11,301,19,8,4,7,42.1,21.1,36.8],[12,4957,19,8,3,8,42.1,15.8,42.1],[13,1796,19,8,2,9,42.1,10.5,47.4],[14,308,19,7,8,4,36.8,42.1,21.1],[15,202,19,7,7,5,36.8,36.8,26.3],[16,2103,19,7,6,6,36.8,31.6,31.6],[17,2104,19,7,6,6,36.8,31.6,31.6],[18,7052,19,6,5,8,31.6,26.3,42.1],[19,267,19,5,4,10,26.3,21.1,52.6],[20,313,19,5,3,11,26.3,15.8,57.9],[21,216,1,1,0,0,100,0,0]];
var addUp = [380,49.5,18,2.3,370,48.2,[65.8,7052],[63.2,202],[68.4,2103],[100,216],[100,216],[70,194]];
var addUpHalf = [316,41.1,208,27.1,244,31.8,[57.9,5025],[50,216],[73.7,5025],[100,216],[100,216],[57.9,313]];
var lastUpdateTime = '2025-01-19 11:33:15';
