var arrLeague = [34,'意大利甲组联赛','意大利甲組聯賽','Italian Serie A','2015-2016','#0088FF','league_match/images/166674813339.png','意甲','意甲','ITA D1'];
var arrTeam = [[150,'AC米兰','AC米蘭','AC Milan','','images/164868995643.png',0],[152,'国际米兰','國際米蘭','Inter Milan','','images/152/1jgj8z3paw1g.png',0],[154,'亚特兰大','阿特蘭大','Atalanta','','images/164868998143.png',0],[166,'尤文图斯','祖雲達斯','Juventus','','images/166/1grmmxq1wa2k.png',0],[168,'巴勒莫','巴勒莫','Palermo','','images/1j90cfpf8r27.png',0],[174,'罗马','羅馬','AS Roma','','images/164869002671.png',0],[176,'佛罗伦萨','費倫天拿','Fiorentina','','images/176/1hxqrpz41w1v.png',0],[179,'桑普多利亚','森多利亞','Sampdoria','','images/164869048578.png',0],[182,'拉齐奥','拉素','Lazio','','images/164869050583.png',0],[185,'博洛尼亚','博洛尼亞','Bologna','','images/16486905420.png',0],[187,'乌迪内斯','烏甸尼斯','Udinese','','images/164869056546.png',0],[195,'切沃','切禾','Chievo','','images/195/1j77p47z2ac.png',0],[523,'恩波利','恩波里','Empoli','','images/164869059384.png',0],[552,'热那亚','熱拿亞','Genoa','','images/164869068648.png',0],[558,'都灵','拖連奴','Torino','','images/164869071877.png',0],[559,'维罗纳','維羅納','Verona','','images/164869073462.png',0],[1359,'弗洛西诺尼','費辛隆尼','Frosinone','','images/1359/1heh20t0qh1c.png',0],[1419,'那不勒斯','拿玻里','Napoli','','images/1419/1j9ah1053g16.png',0],[2960,'萨索洛','莎索羅','Sassuolo','','images/164869078921.png',0],[15060,'卡皮','卡爾比競技','Athletic Carpi','','images/15060/1j50e7ckp927.png',0]];
var TotalBs = [[1,174,38,22,1,15,57.9,2.6,39.5],[2,15060,38,22,0,16,57.9,0,42.1],[3,1419,38,20,1,17,52.6,2.6,44.7],[4,558,38,20,1,17,52.6,2.6,44.7],[5,1359,38,19,0,19,50,0,50],[6,176,38,19,0,19,50,0,50],[7,179,38,19,0,19,50,0,50],[8,182,38,19,0,19,50,0,50],[9,166,38,19,0,19,50,0,50],[10,168,38,19,0,19,50,0,50],[11,187,38,18,0,20,47.4,0,52.6],[12,150,38,16,0,22,42.1,0,57.9],[13,154,38,15,3,20,39.5,7.9,52.6],[14,552,38,15,1,22,39.5,2.6,57.9],[15,152,38,15,1,22,39.5,2.6,57.9],[16,559,38,15,0,23,39.5,0,60.5],[17,2960,38,15,0,23,39.5,0,60.5],[18,523,38,14,2,22,36.8,5.3,57.9],[19,195,38,13,1,24,34.2,2.6,63.2],[20,185,38,12,1,25,31.6,2.6,65.8]];
var HomeBs = [[1,1419,19,12,1,6,63.2,5.3,31.6],[2,15060,19,12,0,7,63.2,0,36.8],[3,174,19,10,1,8,52.6,5.3,42.1],[4,168,19,10,0,9,52.6,0,47.4],[5,187,19,10,0,9,52.6,0,47.4],[6,559,19,10,0,9,52.6,0,47.4],[7,176,19,10,0,9,52.6,0,47.4],[8,150,19,10,0,9,52.6,0,47.4],[9,552,19,9,1,9,47.4,5.3,47.4],[10,179,19,9,0,10,47.4,0,52.6],[11,152,19,8,1,10,42.1,5.3,52.6],[12,154,19,8,1,10,42.1,5.3,52.6],[13,558,19,8,0,11,42.1,0,57.9],[14,523,19,7,1,11,36.8,5.3,57.9],[15,182,19,7,0,12,36.8,0,63.2],[16,185,19,7,0,12,36.8,0,63.2],[17,166,19,7,0,12,36.8,0,63.2],[18,2960,19,7,0,12,36.8,0,63.2],[19,195,19,6,0,13,31.6,0,68.4],[20,1359,19,6,0,13,31.6,0,68.4]];
var GuestBs = [[1,1359,19,13,0,6,68.4,0,31.6],[2,558,19,12,1,6,63.2,5.3,31.6],[3,174,19,12,0,7,63.2,0,36.8],[4,182,19,12,0,7,63.2,0,36.8],[5,166,19,12,0,7,63.2,0,36.8],[6,179,19,10,0,9,52.6,0,47.4],[7,15060,19,10,0,9,52.6,0,47.4],[8,168,19,9,0,10,47.4,0,52.6],[9,176,19,9,0,10,47.4,0,52.6],[10,187,19,8,0,11,42.1,0,57.9],[11,2960,19,8,0,11,42.1,0,57.9],[12,1419,19,8,0,11,42.1,0,57.9],[13,154,19,7,2,10,36.8,10.5,52.6],[14,523,19,7,1,11,36.8,5.3,57.9],[15,195,19,7,1,11,36.8,5.3,57.9],[16,152,19,7,0,12,36.8,0,63.2],[17,150,19,6,0,13,31.6,0,68.4],[18,552,19,6,0,13,31.6,0,68.4],[19,185,19,5,1,13,26.3,5.3,68.4],[20,559,19,5,0,14,26.3,0,73.7]];
var TotalBsHalf = [[1,1419,38,19,4,15,50,10.5,39.5],[2,2960,38,17,12,9,44.7,31.6,23.7],[3,195,38,17,5,16,44.7,13.2,42.1],[4,187,40,16,14,10,40,35,25],[5,168,38,16,9,13,42.1,23.7,34.2],[6,523,38,16,7,15,42.1,18.4,39.5],[7,558,37,15,10,12,40.5,27,32.4],[8,179,37,15,10,12,40.5,27,32.4],[9,15060,39,15,8,16,38.5,20.5,41],[10,182,38,13,17,8,34.2,44.7,21.1],[11,176,37,13,14,10,35.1,37.8,27],[12,154,37,13,7,17,35.1,18.9,45.9],[13,185,37,13,5,19,35.1,13.5,51.4],[14,174,37,12,14,11,32.4,37.8,29.7],[15,166,38,12,12,14,31.6,31.6,36.8],[16,1359,37,12,10,15,32.4,27,40.5],[17,150,38,11,15,12,28.9,39.5,31.6],[18,559,37,11,11,15,29.7,29.7,40.5],[19,552,40,11,11,18,27.5,27.5,45],[20,152,37,10,11,16,27,29.7,43.2]];
var HomeBsHalf = [[1,2960,19,9,7,3,47.4,36.8,15.8],[2,187,19,9,5,5,47.4,26.3,26.3],[3,558,19,9,4,6,47.4,21.1,31.6],[4,1419,19,9,3,7,47.4,15.8,36.8],[5,15060,19,9,3,7,47.4,15.8,36.8],[6,168,19,9,2,8,47.4,10.5,42.1],[7,195,19,9,1,9,47.4,5.3,47.4],[8,154,19,8,4,7,42.1,21.1,36.8],[9,176,19,7,8,4,36.8,42.1,21.1],[10,559,19,7,7,5,36.8,36.8,26.3],[11,523,19,7,6,6,36.8,31.6,31.6],[12,185,19,7,4,8,36.8,21.1,42.1],[13,174,19,6,8,5,31.6,42.1,26.3],[14,150,19,6,7,6,31.6,36.8,31.6],[15,179,19,6,4,9,31.6,21.1,47.4],[16,182,19,5,9,5,26.3,47.4,26.3],[17,152,19,5,5,9,26.3,26.3,47.4],[18,552,19,5,5,9,26.3,26.3,47.4],[19,166,19,4,7,8,21.1,36.8,42.1],[20,1359,19,4,3,12,21.1,15.8,63.2],[21,15060,1,0,1,0,0,100,0],[22,187,1,0,1,0,0,100,0],[23,552,1,0,0,1,0,0,100]];
var GuestBsHalf = [[1,1419,19,10,1,8,52.6,5.3,42.1],[2,179,18,9,6,3,50,33.3,16.7],[3,523,19,9,1,9,47.4,5.3,47.4],[4,1359,18,8,7,3,44.4,38.9,16.7],[5,182,19,8,8,3,42.1,42.1,15.8],[6,166,19,8,5,6,42.1,26.3,31.6],[7,2960,19,8,5,6,42.1,26.3,31.6],[8,195,19,8,4,7,42.1,21.1,36.8],[9,187,19,7,8,4,36.8,42.1,21.1],[10,168,19,7,7,5,36.8,36.8,26.3],[11,176,18,6,6,6,33.3,33.3,33.3],[12,174,18,6,6,6,33.3,33.3,33.3],[13,558,18,6,6,6,33.3,33.3,33.3],[14,552,19,6,6,7,31.6,31.6,36.8],[15,185,18,6,1,11,33.3,5.6,61.1],[16,150,19,5,8,6,26.3,42.1,31.6],[17,152,18,5,6,7,27.8,33.3,38.9],[18,15060,18,5,4,9,27.8,22.2,50],[19,154,18,5,3,10,27.8,16.7,55.6],[20,559,18,4,4,10,22.2,22.2,55.6],[21,15060,1,1,0,0,100,0,0],[22,187,1,0,0,1,0,0,100],[23,552,1,0,0,1,0,0,100]];
var addUp = [346,45.5,12,1.6,402,52.9,[57.9,174,15060],[65.8,185],[63.2,1419,15060],[68.4,195,1359],[68.4,1359],[73.7,559]];
var addUpHalf = [277,36.6,206,27.2,273,36.1,[50,1419],[51.4,185],[47.4,2960,187,558,1419,15060,168,195],[100,552],[100,15060],[100,187,552]];
var lastUpdateTime = '2025-01-19 16:30:18';
