var arrLeague = [26,'瑞典超级联赛','瑞典超級聯賽','Swedish Allsvenskan','2014','#004488','league_match/images/20200420031221.jpg','瑞典超','瑞典超','SWE D1'];
var arrTeam = [[400,'索尔纳','AIK蘇納','AIK Solna','','images/400/1h8asp945qp.png',0],[404,'赫尔辛堡','希爾星堡','Helsingborg','','images/404/1h4yn3a5rr27.png',0],[408,'马尔默','馬模','Malmo FF','','images/408/1hptap45j3v.png',0],[413,'哥德堡','哥登堡','IFK Goteborg','','images/413/1hg209brnt23.png',0],[417,'埃尔夫斯堡','艾夫斯堡','Elfsborg','','images/417/1h8wtxnzmc2g.png',0],[419,'奥雷布洛','奧雷布洛','Orebro','','images/419/1htbmr8n137.png',0],[421,'尤尔加登','佐加頓斯','Djurgardens','','images/421/1gv1yreqw82.png',0],[424,'哈尔姆斯塔德','咸史泰斯','Halmstads','','images/424/1grmna9rvh24.png',0],[426,'卡尔马','卡馬亞','Kalmar','','images/426/1h6wfe05rcg.png',0],[1518,'赫根','赫根','Hacken','','images/1518/1h53w2zt69f.png',0],[1519,'耶夫勒','加費萊','Gefle IF','','images/1519/1h8wtya6e20.png',0],[1521,'阿特维达堡','阿維達貝治','Atvidabergs','','images/1521/1htbncf8zd1f.png',0],[1526,'布洛马波卡纳','龐馬普卡納','Brommapojkarna','','images/1526/1h8jkhmh491m.png',0],[1527,'法尔肯堡','科根堡','Falkenberg','','images/1jqgkz50bg14.png',0],[2091,'米亚尔比','米贊比','Mjallby AIF','','images/2091/1h8fzp9swxp.png',0],[2165,'北雪平','諾高平','IFK Norrkoping FK','','images/2165/1ht6ehmpr52t.png',0]];
var TotalPanLu = [[1,419,30,8,5,17,18,2,10,8,60,6.7,33.3],[2,413,30,23,2,5,17,2,11,6,56.7,6.7,36.7],[3,400,30,23,2,5,17,0,13,4,56.7,0,43.3],[4,1519,30,6,6,18,16,2,12,4,53.3,6.7,40],[5,1521,30,7,5,18,16,2,12,4,53.3,6.7,40],[6,424,30,6,4,20,15,2,13,2,50,6.7,43.3],[7,1527,30,3,5,22,14,3,13,1,46.7,10,43.3],[8,408,30,25,5,0,14,2,14,0,46.7,6.7,46.7],[9,2165,30,8,8,14,14,2,14,0,46.7,6.7,46.7],[10,426,30,11,7,12,14,2,14,0,46.7,6.7,46.7],[11,404,29,13,7,9,13,1,15,-2,44.8,3.4,51.7],[12,1518,30,19,6,5,13,2,15,-2,43.3,6.7,50],[13,421,29,14,8,7,12,4,13,-1,41.4,13.8,44.8],[14,2091,30,6,4,20,12,1,17,-5,40,3.3,56.7],[15,417,30,22,5,3,11,2,17,-6,36.7,6.7,56.7],[16,1526,30,3,5,22,8,1,21,-13,26.7,3.3,70]];
var HomePanLu = [[1,424,15,5,3,7,9,1,5,4,60,6.7,33.3],[2,1521,15,7,3,5,9,1,5,4,60,6.7,33.3],[3,413,15,14,1,0,9,1,5,4,60,6.7,33.3],[4,426,15,10,3,2,8,2,5,3,53.3,13.3,33.3],[5,1519,15,6,4,5,8,1,6,2,53.3,6.7,40],[6,400,15,14,1,0,8,0,7,1,53.3,0,46.7],[7,404,14,10,3,1,7,0,7,0,50,0,50],[8,1527,15,3,5,7,7,2,6,1,46.7,13.3,40],[9,419,15,8,3,4,7,1,7,0,46.7,6.7,46.7],[10,1518,15,13,2,0,7,1,7,0,46.7,6.7,46.7],[11,2165,15,8,3,4,7,1,7,0,46.7,6.7,46.7],[12,2091,15,6,4,5,6,1,8,-2,40,6.7,53.3],[13,408,15,15,0,0,6,0,9,-3,40,0,60],[14,417,15,14,1,0,6,0,9,-3,40,0,60],[15,421,15,12,2,1,4,2,9,-5,26.7,13.3,60],[16,1526,15,3,4,8,4,1,10,-6,26.7,6.7,66.7]];
var GuestPanLu = [[1,419,15,0,2,13,11,1,3,8,73.3,6.7,20],[2,400,15,9,1,5,9,0,6,3,60,0,40],[3,421,14,2,6,6,8,2,4,4,57.1,14.3,28.6],[4,408,15,10,5,0,8,2,5,3,53.3,13.3,33.3],[5,1519,15,0,2,13,8,1,6,2,53.3,6.7,40],[6,413,15,9,1,5,8,1,6,2,53.3,6.7,40],[7,2165,15,0,5,10,7,1,7,0,46.7,6.7,46.7],[8,1527,15,0,0,15,7,1,7,0,46.7,6.7,46.7],[9,1521,15,0,2,13,7,1,7,0,46.7,6.7,46.7],[10,424,15,1,1,13,6,1,8,-2,40,6.7,53.3],[11,1518,15,6,4,5,6,1,8,-2,40,6.7,53.3],[12,404,15,3,4,8,6,1,8,-2,40,6.7,53.3],[13,426,15,1,4,10,6,0,9,-3,40,0,60],[14,2091,15,0,0,15,6,0,9,-3,40,0,60],[15,417,15,8,4,3,5,2,8,-3,33.3,13.3,53.3],[16,1526,15,0,1,14,4,0,11,-7,26.7,0,73.3]];
var TotalHalfPanLu = [[1,1519,30,1,3,4,20,3,7,13,66.7,10,23.3],[2,1527,30,0,5,3,19,1,10,9,63.3,3.3,33.3],[3,400,30,6,1,1,17,0,13,4,56.7,0,43.3],[4,2091,30,2,1,5,16,5,9,7,53.3,16.7,30],[5,1521,30,1,2,5,16,3,11,5,53.3,10,36.7],[6,419,30,0,4,4,15,4,11,4,50,13.3,36.7],[7,413,30,6,2,0,15,2,13,2,50,6.7,43.3],[8,1518,30,4,2,2,14,1,15,-1,46.7,3.3,50],[9,426,30,0,4,4,12,3,15,-3,40,10,50],[10,2165,30,3,4,1,12,3,15,-3,40,10,50],[11,408,30,7,1,0,12,1,17,-5,40,3.3,56.7],[12,424,30,3,2,3,11,4,15,-4,36.7,13.3,50],[13,421,29,5,1,2,10,7,12,-2,34.5,24.1,41.4],[14,1526,30,0,0,8,9,3,18,-9,30,10,60],[15,417,30,6,1,1,9,2,19,-10,30,6.7,63.3],[16,404,29,2,3,3,8,6,15,-7,27.6,20.7,51.7]];
var HomeHalfPanLu = [[1,1521,15,1,2,1,9,2,4,5,60,13.3,26.7],[2,413,15,4,0,0,9,0,6,3,60,0,40],[3,1519,15,1,3,0,8,2,5,3,53.3,13.3,33.3],[4,419,15,0,2,2,8,2,5,3,53.3,13.3,33.3],[5,1527,15,0,4,0,8,1,6,2,53.3,6.7,40],[6,400,15,2,1,0,8,0,7,1,53.3,0,46.7],[7,2091,15,2,0,2,6,4,5,1,40,26.7,33.3],[8,424,15,2,1,1,6,3,6,0,40,20,40],[9,417,15,3,1,0,6,0,9,-3,40,0,60],[10,404,14,2,0,2,5,0,9,-4,35.7,0,64.3],[11,2165,15,3,1,0,5,2,8,-3,33.3,13.3,53.3],[12,1526,15,0,0,4,5,2,8,-3,33.3,13.3,53.3],[13,1518,15,3,0,1,5,0,10,-5,33.3,0,66.7],[14,421,15,5,0,0,4,3,8,-4,26.7,20,53.3],[15,426,15,0,3,1,4,2,9,-5,26.7,13.3,60],[16,408,15,4,0,0,4,1,10,-6,26.7,6.7,66.7]];
var GuestHalfPanLu = [[1,1519,15,0,0,4,12,1,2,10,80,6.7,13.3],[2,1527,15,0,1,3,11,0,4,7,73.3,0,26.7],[3,2091,15,0,1,3,10,1,4,6,66.7,6.7,26.7],[4,1518,15,1,2,1,9,1,5,4,60,6.7,33.3],[5,400,15,4,0,1,9,0,6,3,60,0,40],[6,426,15,0,1,3,8,1,6,2,53.3,6.7,40],[7,408,15,3,1,0,8,0,7,1,53.3,0,46.7],[8,419,15,0,2,2,7,2,6,1,46.7,13.3,40],[9,1521,15,0,0,4,7,1,7,0,46.7,6.7,46.7],[10,2165,15,0,3,1,7,1,7,0,46.7,6.7,46.7],[11,421,14,0,1,2,6,4,4,2,42.9,28.6,28.6],[12,413,15,2,2,0,6,2,7,-1,40,13.3,46.7],[13,424,15,1,1,2,5,1,9,-4,33.3,6.7,60],[14,1526,15,0,0,4,4,1,10,-6,26.7,6.7,66.7],[15,404,15,0,3,1,3,6,6,-3,20,40,40],[16,417,15,3,0,1,3,2,10,-7,20,13.3,66.7]];
var addUp = [112,46.9,15,6.3,112,46.9,[60,419],[70,1526],[60,424,1521,413],[66.7,1526],[73.3,419],[73.3,1526],[13.8,421],[0,400]];
var addUpHalf = [100,41.8,24,10,115,48.1,[66.7,1519],[63.3,417],[60,1521,413],[66.7,1518,408],[80,1519],[66.7,1526,417],[24.1,421],[0,400]];
var lastUpdateTime = '2026-04-07 16:54:19';
