var arrLeague = [26,'瑞典超级联赛','瑞典超級聯賽','Swedish Allsvenskan','2014','#004488','league_match/images/20200420031221.jpg','瑞典超','瑞典超','SWE D1'];
var arrTeam = [[400,'索尔纳','AIK蘇納','AIK Solna','','images/400/1h8asp945qp.png',0],[404,'赫尔辛堡','希爾星堡','Helsingborg','','images/404/1h4yn3a5rr27.png',0],[408,'马尔默','馬模','Malmo FF','','images/408/1hptap45j3v.png',0],[413,'哥德堡','哥登堡','IFK Goteborg','','images/413/1hg209brnt23.png',0],[417,'埃尔夫斯堡','艾夫斯堡','Elfsborg','','images/417/1h8wtxnzmc2g.png',0],[419,'奥雷布洛','奧雷布洛','Orebro','','images/419/1htbmr8n137.png',0],[421,'尤尔加登','佐加頓斯','Djurgardens','','images/421/1gv1yreqw82.png',0],[424,'哈尔姆斯塔德','咸史泰斯','Halmstads','','images/424/1grmna9rvh24.png',0],[426,'卡尔马','卡馬亞','Kalmar','','images/426/1h6wfe05rcg.png',0],[1518,'赫根','赫根','Hacken','','images/1518/1h53w2zt69f.png',0],[1519,'耶夫勒','加費萊','Gefle IF','','images/1519/1h8wtya6e20.png',0],[1521,'阿特维达堡','阿維達貝治','Atvidabergs','','images/1521/1htbncf8zd1f.png',0],[1526,'布洛马波卡纳','龐馬普卡納','Brommapojkarna','','images/1526/1h8jkhmh491m.png',0],[1527,'法尔肯堡','科根堡','Falkenberg','','images/1jqgkz50bg14.png',0],[2091,'米亚尔比','米贊比','Mjallby AIF','','images/2091/1h8fzp9swxp.png',0],[2165,'北雪平','諾高平','IFK Norrkoping FK','','images/2165/1ht6ehmpr52t.png',0]];
var TotalBs = [[1,424,30,21,1,8,70,3.3,26.7],[2,400,30,21,0,9,70,0,30],[3,1526,30,19,2,9,63.3,6.7,30],[4,1518,30,19,0,11,63.3,0,36.7],[5,1521,30,19,0,11,63.3,0,36.7],[6,2165,30,19,0,11,63.3,0,36.7],[7,408,30,19,0,11,63.3,0,36.7],[8,419,30,19,0,11,63.3,0,36.7],[9,413,30,16,2,12,53.3,6.7,40],[10,1519,30,16,0,14,53.3,0,46.7],[11,1527,30,16,0,14,53.3,0,46.7],[12,421,29,15,0,14,51.7,0,48.3],[13,2091,30,15,0,15,50,0,50],[14,404,29,14,1,14,48.3,3.4,48.3],[15,426,30,14,0,16,46.7,0,53.3],[16,417,30,12,0,18,40,0,60]];
var HomeBs = [[1,408,15,12,0,3,80,0,20],[2,424,15,11,0,4,73.3,0,26.7],[3,413,15,10,1,4,66.7,6.7,26.7],[4,400,15,10,0,5,66.7,0,33.3],[5,419,15,10,0,5,66.7,0,33.3],[6,1521,15,10,0,5,66.7,0,33.3],[7,1526,15,9,1,5,60,6.7,33.3],[8,1518,15,9,0,6,60,0,40],[9,2165,15,9,0,6,60,0,40],[10,1527,15,8,0,7,53.3,0,46.7],[11,421,15,8,0,7,53.3,0,46.7],[12,404,14,7,1,6,50,7.1,42.9],[13,426,15,7,0,8,46.7,0,53.3],[14,2091,15,6,0,9,40,0,60],[15,1519,15,6,0,9,40,0,60],[16,417,15,5,0,10,33.3,0,66.7]];
var GuestBs = [[1,400,15,11,0,4,73.3,0,26.7],[2,1526,15,10,1,4,66.7,6.7,26.7],[3,424,15,10,1,4,66.7,6.7,26.7],[4,1519,15,10,0,5,66.7,0,33.3],[5,1518,15,10,0,5,66.7,0,33.3],[6,2165,15,10,0,5,66.7,0,33.3],[7,2091,15,9,0,6,60,0,40],[8,419,15,9,0,6,60,0,40],[9,1521,15,9,0,6,60,0,40],[10,1527,15,8,0,7,53.3,0,46.7],[11,421,14,7,0,7,50,0,50],[12,404,15,7,0,8,46.7,0,53.3],[13,417,15,7,0,8,46.7,0,53.3],[14,408,15,7,0,8,46.7,0,53.3],[15,426,15,7,0,8,46.7,0,53.3],[16,413,15,6,1,8,40,6.7,53.3]];
var TotalBsHalf = [[1,1521,30,17,6,7,56.7,20,23.3],[2,1518,29,17,4,8,58.6,13.8,27.6],[3,1526,30,14,7,9,46.7,23.3,30],[4,2165,29,13,3,13,44.8,10.3,44.8],[5,404,28,12,7,9,42.9,25,32.1],[6,424,29,12,8,9,41.4,27.6,31],[7,419,30,11,10,9,36.7,33.3,30],[8,408,29,11,8,10,37.9,27.6,34.5],[9,421,29,11,5,13,37.9,17.2,44.8],[10,2091,29,11,5,13,37.9,17.2,44.8],[11,426,30,9,12,9,30,40,30],[12,1527,30,9,10,11,30,33.3,36.7],[13,1519,30,9,6,15,30,20,50],[14,413,30,8,13,9,26.7,43.3,30],[15,417,29,7,8,14,24.1,27.6,48.3],[16,400,29,6,12,11,20.7,41.4,37.9]];
var HomeBsHalf = [[1,1518,15,10,2,3,66.7,13.3,20],[2,1521,15,8,5,2,53.3,33.3,13.3],[3,424,15,8,1,6,53.3,6.7,40],[4,404,14,7,3,4,50,21.4,28.6],[5,1526,15,6,5,4,40,33.3,26.7],[6,419,15,6,4,5,40,26.7,33.3],[7,2165,15,6,2,7,40,13.3,46.7],[8,421,15,6,2,7,40,13.3,46.7],[9,426,15,5,5,5,33.3,33.3,33.3],[10,413,15,5,5,5,33.3,33.3,33.3],[11,2091,15,5,4,6,33.3,26.7,40],[12,408,15,5,4,6,33.3,26.7,40],[13,1527,15,4,7,4,26.7,46.7,26.7],[14,400,15,4,6,5,26.7,40,33.3],[15,1519,15,4,4,7,26.7,26.7,46.7],[16,417,15,1,3,11,6.7,20,73.3]];
var GuestBsHalf = [[1,1521,15,9,1,5,60,6.7,33.3],[2,1526,15,8,2,5,53.3,13.3,33.3],[3,1518,14,7,2,5,50,14.3,35.7],[4,2165,14,7,1,6,50,7.1,42.9],[5,417,14,6,5,3,42.9,35.7,21.4],[6,408,14,6,4,4,42.9,28.6,28.6],[7,2091,14,6,1,7,42.9,7.1,50],[8,419,15,5,6,4,33.3,40,26.7],[9,404,14,5,4,5,35.7,28.6,35.7],[10,421,14,5,3,6,35.7,21.4,42.9],[11,1527,15,5,3,7,33.3,20,46.7],[12,1519,15,5,2,8,33.3,13.3,53.3],[13,424,14,4,7,3,28.6,50,21.4],[14,426,15,4,7,4,26.7,46.7,26.7],[15,413,15,3,8,4,20,53.3,26.7],[16,400,14,2,6,6,14.3,42.9,42.9]];
var addUp = [274,57.3,6,1.3,198,41.4,[70,424,400],[60,417],[80,408],[66.7,417],[73.3,400],[53.3,404,417,408,426,413]];
var addUpHalf = [177,37.7,124,26.4,169,36,[58.6,1518],[50,1519],[66.7,1518],[73.3,417],[60,1521],[53.3,1519]];
var lastUpdateTime = '2026-04-07 16:54:32';
