var arrLeague = [10,'俄罗斯超级联赛','俄羅斯超級聯賽','Russia Premier League','2021-2022','#006699','league_match/images/20200411092415.jpg','俄超','俄超','RUS PR'];
var arrTeam = [[300,'苏维埃之翼','蘇維杜夫','Krylya Sovetov','','images/165095551520.png',0],[395,'圣彼得堡泽尼特','聖彼德斯堡','Zenit St. Petersburg','','images/395/1hnyhx549p2m.png',0],[407,'莫斯科中央陆军','莫斯科中央陸軍','CSKA Moscow','','images/407/1gtqm0cjh91x.png',0],[411,'莫斯科斯巴达','莫斯科斯巴達','Spartak Moscow','','images/165095544593.png',0],[416,'莫斯科迪纳摩','莫斯科戴拿模','Dynamo Moscow','','images/416/1gtqm0cjhm20.png',0],[420,'莫斯科火车头','莫斯科火車頭','Lokomotiv Moscow','','images/165095543060.png',0],[429,'罗斯托夫','羅斯杜夫','Rostov FK','','images/165095539431.png',0],[441,'喀山红宝石','卡山魯賓','Rubin Kazan','','images/441/1gq15ejwg51f.png',0],[605,'格罗兹尼特里克','塔利克','Terek Grozny','','images/165095534661.png',0],[2006,'希姆基','奇姆基','Khimki','','images/165095558434.png',0],[2450,'乌拉尔','烏拉爾','Ural Sverdlovsk Oblast','','images/165095556739.png',0],[2451,'索契','索契','FK Sochi','','images/2451/1gtqm0cjh82.png',0],[2481,'SKA哈巴罗夫斯克','SKA哈巴羅夫斯克','SKA Khabarovsk','','images/2481/1gqvwshxs72e.png',0],[5755,'奥伦堡加索维克','奧倫堡','Gazovik Orenburg','','images/5755/1heh20art832.png',0],[10112,'克拉斯诺达尔','克拉斯諾達爾','FC Krasnodar','','images/10112/1gtqm0cjha2q.png',0],[13988,'乌法','烏法','FC Ufa','','images/13988/1grgc5aqm72w.png',0],[19764,'图拉兵工厂','圖拉兵工廠','Arsenal Tula','','images/165095553317.png',0],[25289,'诺夫哥罗德','諾夫哥羅德','FK Nizhny Novgorod','','images/25289/1gvvp55xq5j.png',0]];
var TotalBs = [[1,429,30,20,0,10,66.7,0,33.3],[2,19764,30,20,0,10,66.7,0,33.3],[3,2451,30,19,0,11,63.3,0,36.7],[4,441,30,17,0,13,56.7,0,43.3],[5,420,30,17,0,13,56.7,0,43.3],[6,2006,32,17,0,15,53.1,0,46.9],[7,395,30,15,1,14,50,3.3,46.7],[8,416,30,15,0,15,50,0,50],[9,605,30,15,0,15,50,0,50],[10,411,30,14,0,16,46.7,0,53.3],[11,13988,32,14,0,18,43.8,0,56.2],[12,25289,30,13,0,17,43.3,0,56.7],[13,10112,30,13,0,17,43.3,0,56.7],[14,300,30,12,1,17,40,3.3,56.7],[15,407,30,11,0,19,36.7,0,63.3],[16,2450,30,11,0,19,36.7,0,63.3],[17,5755,2,2,0,0,100,0,0],[18,2481,2,1,0,1,50,0,50]];
var HomeBs = [[1,429,15,11,0,4,73.3,0,26.7],[2,395,15,10,1,4,66.7,6.7,26.7],[3,19764,15,10,0,5,66.7,0,33.3],[4,2451,15,10,0,5,66.7,0,33.3],[5,420,15,9,0,6,60,0,40],[6,441,15,9,0,6,60,0,40],[7,411,15,8,0,7,53.3,0,46.7],[8,605,15,8,0,7,53.3,0,46.7],[9,2006,16,8,0,8,50,0,50],[10,416,15,6,0,9,40,0,60],[11,10112,15,6,0,9,40,0,60],[12,300,15,6,0,9,40,0,60],[13,25289,15,6,0,9,40,0,60],[14,13988,16,6,0,10,37.5,0,62.5],[15,407,15,5,0,10,33.3,0,66.7],[16,2450,15,4,0,11,26.7,0,73.3],[17,5755,1,1,0,0,100,0,0],[18,2481,1,0,0,1,0,0,100]];
var GuestBs = [[1,19764,15,10,0,5,66.7,0,33.3],[2,429,15,9,0,6,60,0,40],[3,416,15,9,0,6,60,0,40],[4,2451,15,9,0,6,60,0,40],[5,2006,16,9,0,7,56.2,0,43.8],[6,441,15,8,0,7,53.3,0,46.7],[7,420,15,8,0,7,53.3,0,46.7],[8,13988,16,8,0,8,50,0,50],[9,25289,15,7,0,8,46.7,0,53.3],[10,605,15,7,0,8,46.7,0,53.3],[11,2450,15,7,0,8,46.7,0,53.3],[12,10112,15,7,0,8,46.7,0,53.3],[13,300,15,6,1,8,40,6.7,53.3],[14,407,15,6,0,9,40,0,60],[15,411,15,6,0,9,40,0,60],[16,395,15,5,0,10,33.3,0,66.7],[17,2481,1,1,0,0,100,0,0],[18,5755,1,1,0,0,100,0,0]];
var TotalBsHalf = [[1,429,30,20,5,5,66.7,16.7,16.7],[2,19764,30,17,5,8,56.7,16.7,26.7],[3,420,30,15,6,9,50,20,30],[4,416,30,13,11,6,43.3,36.7,20],[5,441,30,13,8,9,43.3,26.7,30],[6,2006,32,13,9,10,40.6,28.1,31.2],[7,13988,32,13,8,11,40.6,25,34.4],[8,395,30,12,5,13,40,16.7,43.3],[9,10112,30,11,7,12,36.7,23.3,40],[10,2451,30,10,12,8,33.3,40,26.7],[11,300,30,10,8,12,33.3,26.7,40],[12,411,30,10,8,12,33.3,26.7,40],[13,2450,30,10,7,13,33.3,23.3,43.3],[14,25289,30,10,7,13,33.3,23.3,43.3],[15,605,30,9,11,10,30,36.7,33.3],[16,407,30,9,6,15,30,20,50],[17,5755,2,2,0,0,100,0,0],[18,2481,2,1,1,0,50,50,0]];
var HomeBsHalf = [[1,429,15,12,2,1,80,13.3,6.7],[2,19764,15,8,2,5,53.3,13.3,33.3],[3,395,15,8,0,7,53.3,0,46.7],[4,2006,16,7,6,3,43.8,37.5,18.8],[5,13988,16,7,4,5,43.8,25,31.2],[6,2451,15,6,6,3,40,40,20],[7,605,15,6,6,3,40,40,20],[8,416,15,6,6,3,40,40,20],[9,420,15,6,4,5,40,26.7,33.3],[10,441,15,6,3,6,40,20,40],[11,10112,15,6,1,8,40,6.7,53.3],[12,300,15,5,4,6,33.3,26.7,40],[13,411,15,4,6,5,26.7,40,33.3],[14,407,15,4,4,7,26.7,26.7,46.7],[15,25289,15,4,3,8,26.7,20,53.3],[16,2450,15,3,4,8,20,26.7,53.3],[17,5755,1,1,0,0,100,0,0],[18,2481,1,0,1,0,0,100,0]];
var GuestBsHalf = [[1,19764,15,9,3,3,60,20,20],[2,420,15,9,2,4,60,13.3,26.7],[3,429,15,8,3,4,53.3,20,26.7],[4,416,15,7,5,3,46.7,33.3,20],[5,441,15,7,5,3,46.7,33.3,20],[6,2450,15,7,3,5,46.7,20,33.3],[7,25289,15,6,4,5,40,26.7,33.3],[8,13988,16,6,4,6,37.5,25,37.5],[9,411,15,6,2,7,40,13.3,46.7],[10,2006,16,6,3,7,37.5,18.8,43.8],[11,10112,15,5,6,4,33.3,40,26.7],[12,300,15,5,4,6,33.3,26.7,40],[13,407,15,5,2,8,33.3,13.3,53.3],[14,2451,15,4,6,5,26.7,40,33.3],[15,395,15,4,5,6,26.7,33.3,40],[16,605,15,3,5,7,20,33.3,46.7],[17,2481,1,1,0,0,100,0,0],[18,5755,1,1,0,0,100,0,0]];
var addUp = [246,50.4,2,0.4,240,49.2,[100,5755],[63.3,407,2450],[100,5755],[100,2481],[100,2481,5755],[66.7,395]];
var addUpHalf = [198,40.6,124,25.4,166,34,[100,5755],[50,407],[100,5755],[53.3,10112,25289,2450],[100,2481,5755],[53.3,407]];
var lastUpdateTime = '2025-06-24 14:21:51';
