var arrLeague = [31,'西班牙甲组联赛','西班牙甲組聯賽','Spanish La Liga','2019-2020','#006633','league_match/images/1h56j6h3ep1.png','西甲','西甲','SPA D1'];
var arrTeam = [[82,'皇家马德里','皇家馬德里','Real Madrid','','images/164871252161.png',0],[84,'巴塞罗那','巴塞隆拿','FC Barcelona','','images/164871253294.png',0],[86,'塞维利亚','西維爾','Sevilla','','images/164871255158.png',0],[91,'巴伦西亚','華倫西亞','Valencia','','images/164871269140.png',0],[92,'毕尔巴鄂竞技','畢爾包','Athletic Bilbao','','images/164871258463.png',0],[94,'奥萨苏纳','奧沙辛拿','Osasuna','','images/164871260392.png',0],[96,'皇家贝蒂斯','貝迪斯','Real Betis','','images/164871261858.png',0],[98,'赫塔菲','加泰','Getafe','','images/164871263258.png',0],[100,'西班牙人','愛斯賓奴','RCD Espanyol','','images/164871556292.png',0],[101,'马洛卡','馬略卡','Mallorca','','images/164871266038.png',0],[103,'莱万特','利雲特','Levante','','images/164871559313.png',0],[106,'皇家社会','皇家蘇斯達','Real Sociedad','','images/164871271877.png',0],[107,'比利亚雷亚尔','維拉利爾','Villarreal','','images/164871273527.png',0],[109,'马德里竞技','馬德里體育會','Atletico Madrid','','images/164871274624.png',0],[114,'塞尔塔','切爾達','Celta Vigo','','images/164871275971.png',0],[121,'格拉纳达','格蘭納達','Granada CF','','images/164871277443.png',0],[123,'巴拉多利德','華拉度列','Real Valladolid','','images/123/1j8kb6vyqp2f.png',0],[131,'埃瓦尔','伊巴','Eibar','','images/131/1hkgswegce1q.png',0],[137,'阿拉维斯','艾拉維斯','Alaves','','images/164871280016.png',0],[992,'莱加内斯','雷加利斯','Leganes','','images/992/1h5bja70zq1p.png',0]];
var TotalBs = [[1,107,38,23,2,13,60.5,5.3,34.2],[2,106,38,21,3,14,55.3,7.9,36.8],[3,96,38,21,2,15,55.3,5.3,39.5],[4,131,38,19,4,15,50,10.5,39.5],[5,101,38,19,3,16,50,7.9,42.1],[6,84,38,19,1,18,50,2.6,47.4],[7,121,38,18,3,17,47.4,7.9,44.7],[8,103,38,17,2,19,44.7,5.3,50],[9,94,38,17,1,20,44.7,2.6,52.6],[10,98,38,15,8,15,39.5,21.1,39.5],[11,100,38,15,6,17,39.5,15.8,44.7],[12,992,38,15,6,17,39.5,15.8,44.7],[13,91,38,15,2,21,39.5,5.3,55.3],[14,137,38,14,8,16,36.8,21.1,42.1],[15,114,38,14,2,22,36.8,5.3,57.9],[16,86,38,13,0,25,34.2,0,65.8],[17,92,38,12,8,18,31.6,21.1,47.4],[18,109,38,12,7,19,31.6,18.4,50],[19,82,38,12,6,20,31.6,15.8,52.6],[20,123,38,11,4,23,28.9,10.5,60.5]];
var HomeBs = [[1,96,19,14,2,3,73.7,10.5,15.8],[2,107,19,12,1,6,63.2,5.3,31.6],[3,94,19,12,0,7,63.2,0,36.8],[4,106,19,11,3,5,57.9,15.8,26.3],[5,98,19,10,4,5,52.6,21.1,26.3],[6,131,19,10,2,7,52.6,10.5,36.8],[7,84,19,10,0,9,52.6,0,47.4],[8,992,19,9,3,7,47.4,15.8,36.8],[9,121,19,9,2,8,47.4,10.5,42.1],[10,101,19,8,2,9,42.1,10.5,47.4],[11,100,19,7,5,7,36.8,26.3,36.8],[12,109,19,7,1,11,36.8,5.3,57.9],[13,103,19,7,0,12,36.8,0,63.2],[14,82,19,6,2,11,31.6,10.5,57.9],[15,91,19,6,1,12,31.6,5.3,63.2],[16,114,19,6,1,12,31.6,5.3,63.2],[17,137,19,5,5,9,26.3,26.3,47.4],[18,92,19,4,3,12,21.1,15.8,63.2],[19,123,19,4,2,13,21.1,10.5,68.4],[20,86,19,4,0,15,21.1,0,78.9]];
var GuestBs = [[1,101,19,11,1,7,57.9,5.3,36.8],[2,107,19,11,1,7,57.9,5.3,36.8],[3,103,19,10,2,7,52.6,10.5,36.8],[4,106,19,10,0,9,52.6,0,47.4],[5,137,19,9,3,7,47.4,15.8,36.8],[6,131,19,9,2,8,47.4,10.5,42.1],[7,84,19,9,1,9,47.4,5.3,47.4],[8,91,19,9,1,9,47.4,5.3,47.4],[9,121,19,9,1,9,47.4,5.3,47.4],[10,86,19,9,0,10,47.4,0,52.6],[11,92,19,8,5,6,42.1,26.3,31.6],[12,114,19,8,1,10,42.1,5.3,52.6],[13,100,19,8,1,10,42.1,5.3,52.6],[14,123,19,7,2,10,36.8,10.5,52.6],[15,96,19,7,0,12,36.8,0,63.2],[16,82,19,6,4,9,31.6,21.1,47.4],[17,992,19,6,3,10,31.6,15.8,52.6],[18,109,19,5,6,8,26.3,31.6,42.1],[19,98,19,5,4,10,26.3,21.1,52.6],[20,94,19,5,1,13,26.3,5.3,68.4]];
var TotalBsHalf = [[1,101,38,21,5,12,55.3,13.2,31.6],[2,92,38,21,4,13,55.3,10.5,34.2],[3,121,38,19,7,12,50,18.4,31.6],[4,94,38,19,4,15,50,10.5,39.5],[5,106,38,18,6,14,47.4,15.8,36.8],[6,131,38,18,6,14,47.4,15.8,36.8],[7,992,38,18,3,17,47.4,7.9,44.7],[8,98,38,18,2,18,47.4,5.3,47.4],[9,96,38,17,8,13,44.7,21.1,34.2],[10,109,38,17,4,17,44.7,10.5,44.7],[11,84,38,17,0,21,44.7,0,55.3],[12,100,38,16,8,14,42.1,21.1,36.8],[13,91,38,15,9,14,39.5,23.7,36.8],[14,86,38,14,10,14,36.8,26.3,36.8],[15,123,38,13,5,20,34.2,13.2,52.6],[16,137,38,13,5,20,34.2,13.2,52.6],[17,103,38,12,10,16,31.6,26.3,42.1],[18,82,38,11,2,25,28.9,5.3,65.8],[19,107,38,10,14,14,26.3,36.8,36.8],[20,114,38,9,8,21,23.7,21.1,55.3]];
var HomeBsHalf = [[1,84,19,12,0,7,63.2,0,36.8],[2,96,19,11,3,5,57.9,15.8,26.3],[3,92,19,11,2,6,57.9,10.5,31.6],[4,101,19,11,2,6,57.9,10.5,31.6],[5,94,19,11,1,7,57.9,5.3,36.8],[6,100,19,10,4,5,52.6,21.1,26.3],[7,992,19,10,2,7,52.6,10.5,36.8],[8,106,19,8,4,7,42.1,21.1,36.8],[9,131,19,8,4,7,42.1,21.1,36.8],[10,109,19,8,3,8,42.1,15.8,42.1],[11,121,19,8,2,9,42.1,10.5,47.4],[12,98,19,8,1,10,42.1,5.3,52.6],[13,137,19,6,3,10,31.6,15.8,52.6],[14,123,19,6,3,10,31.6,15.8,52.6],[15,103,19,5,6,8,26.3,31.6,42.1],[16,107,19,5,6,8,26.3,31.6,42.1],[17,91,19,5,5,9,26.3,26.3,47.4],[18,114,19,5,5,9,26.3,26.3,47.4],[19,86,19,5,4,10,26.3,21.1,52.6],[20,82,19,5,0,14,26.3,0,73.7]];
var GuestBsHalf = [[1,121,19,11,5,3,57.9,26.3,15.8],[2,91,19,10,4,5,52.6,21.1,26.3],[3,101,19,10,3,6,52.6,15.8,31.6],[4,131,19,10,2,7,52.6,10.5,36.8],[5,106,19,10,2,7,52.6,10.5,36.8],[6,92,19,10,2,7,52.6,10.5,36.8],[7,98,19,10,1,8,52.6,5.3,42.1],[8,86,19,9,6,4,47.4,31.6,21.1],[9,109,19,9,1,9,47.4,5.3,47.4],[10,94,19,8,3,8,42.1,15.8,42.1],[11,992,19,8,1,10,42.1,5.3,52.6],[12,103,19,7,4,8,36.8,21.1,42.1],[13,137,19,7,2,10,36.8,10.5,52.6],[14,123,19,7,2,10,36.8,10.5,52.6],[15,96,19,6,5,8,31.6,26.3,42.1],[16,100,19,6,4,9,31.6,21.1,47.4],[17,82,19,6,2,11,31.6,10.5,57.9],[18,107,19,5,8,6,26.3,42.1,31.6],[19,84,19,5,0,14,26.3,0,73.7],[20,114,19,4,3,12,21.1,15.8,63.2]];
var addUp = [322,42.4,78,10.3,360,47.4,[60.5,107],[65.8,86],[73.7,96],[78.9,86],[57.9,101,107],[68.4,94]];
var addUpHalf = [316,41.6,120,15.8,324,42.6,[55.3,101,92],[65.8,82],[63.2,84],[73.7,82],[57.9,121],[73.7,84]];
var lastUpdateTime = '2025-01-19 09:03:42';
