var arrLeague = [4,'巴西甲组联赛','巴西甲組聯賽','Brazil Serie A','2015','#996600','league_match/images/1ka8jt39av1h.png','巴西甲','巴西甲','BRA D1'];
var arrTeam = [[337,'桑托斯','山度士','Santos','','images/337/1kenbw23by2e.png',0],[343,'米内罗竞技','明尼路','Atletico Mineiro','','images/343/1kenc1xn9718.png',0],[347,'巴拉纳竞技','巴拉納體育會','Atletico Paranaense','','images/347/1gxhxt30w91z.png',0],[349,'科林蒂安','哥連泰斯','Corinthians Paulista (SP)','','images/349/1kenbw23b02k.png',0],[350,'科里蒂巴','哥列迪巴','Coritiba PR','','images/350/1gy3wybtj81j.png',0],[354,'克鲁塞罗','高士路','Cruzeiro','','images/354/1kenc1xn9nx.png',0],[355,'费古埃伦斯','費古倫斯','Figueirense','','images/355/1km207s9j81s.png',0],[356,'弗拉门戈','法林明高','Flamengo','','images/356/1kenbw8gyq1r.png',0],[360,'戈伊亚斯','戈亞斯','Goias','','images/360/1kenc0wndb2d.png',0],[364,'格雷米奥','甘美奧','Gremio (RS)','','images/364/1kenc158vg5.png',0],[369,'巴西国际','國際體育會','Internacional RS','','images/369/1kenc158v02m.png',0],[381,'庞特普雷塔','邦迪比達','Ponte Preta','','images/381/1kenbw22w52.png',0],[453,'圣保罗','聖保羅','Sao Paulo','','images/453/1kenbw23bpc.png',0],[456,'瓦斯科达伽马','華斯高','Vasco da Gama','','images/456/1j9d3cawpjh.png',0],[465,'帕尔梅拉斯','彭美拉斯','Palmeiras','','images/465/1kenbw23vq1p.png',0],[469,'弗鲁米嫩塞','富明尼斯','Fluminense RJ','','images/469/1hxqrprbsp13.png',0],[4175,'奥瓦','艾華爾','Avai FC','','images/4175/1kkd9zm8wsr.png',0],[4176,'累西腓体育','利斯菲體育會','Sport Club do Recife','','images/4176/1kenc0zfrg21.png',0],[7344,'沙佩科恩斯','查比高恩斯','Chapecoense SC','','images/7344/1ke8cs2c882p.png',0],[13147,'积安维尔','祖恩維爾','Joinville SC','','images/13147/1j77rsryya23.png',0]];
var TotalBs = [[1,343,38,25,0,13,65.8,0,34.2],[2,453,38,21,0,17,55.3,0,44.7],[3,465,38,20,0,18,52.6,0,47.4],[4,337,38,20,0,18,52.6,0,47.4],[5,356,38,20,0,18,52.6,0,47.4],[6,360,38,20,0,18,52.6,0,47.4],[7,4175,38,20,0,18,52.6,0,47.4],[8,349,38,19,0,19,50,0,50],[9,347,38,18,1,19,47.4,2.6,50],[10,4176,38,18,0,20,47.4,0,52.6],[11,469,38,17,0,21,44.7,0,55.3],[12,456,38,16,0,22,42.1,0,57.9],[13,355,38,16,0,22,42.1,0,57.9],[14,7344,38,15,1,22,39.5,2.6,57.9],[15,13147,38,15,0,23,39.5,0,60.5],[16,381,38,15,0,23,39.5,0,60.5],[17,364,38,14,0,24,36.8,0,63.2],[18,369,38,14,0,24,36.8,0,63.2],[19,354,38,13,1,24,34.2,2.6,63.2],[20,350,38,12,1,25,31.6,2.6,65.8]];
var HomeBs = [[1,337,19,14,0,5,73.7,0,26.3],[2,343,19,13,0,6,68.4,0,31.6],[3,347,19,12,0,7,63.2,0,36.8],[4,4175,19,12,0,7,63.2,0,36.8],[5,356,19,11,0,8,57.9,0,42.1],[6,453,19,10,0,9,52.6,0,47.4],[7,364,19,10,0,9,52.6,0,47.4],[8,349,19,9,0,10,47.4,0,52.6],[9,7344,19,8,1,10,42.1,5.3,52.6],[10,469,19,8,0,11,42.1,0,57.9],[11,465,19,8,0,11,42.1,0,57.9],[12,4176,19,8,0,11,42.1,0,57.9],[13,360,19,8,0,11,42.1,0,57.9],[14,355,19,7,0,12,36.8,0,63.2],[15,13147,19,7,0,12,36.8,0,63.2],[16,381,19,7,0,12,36.8,0,63.2],[17,369,19,6,0,13,31.6,0,68.4],[18,354,19,6,0,13,31.6,0,68.4],[19,456,19,6,0,13,31.6,0,68.4],[20,350,19,4,1,14,21.1,5.3,73.7]];
var GuestBs = [[1,465,19,12,0,7,63.2,0,36.8],[2,343,19,12,0,7,63.2,0,36.8],[3,360,19,12,0,7,63.2,0,36.8],[4,453,19,11,0,8,57.9,0,42.1],[5,4176,19,10,0,9,52.6,0,47.4],[6,349,19,10,0,9,52.6,0,47.4],[7,456,19,10,0,9,52.6,0,47.4],[8,355,19,9,0,10,47.4,0,52.6],[9,356,19,9,0,10,47.4,0,52.6],[10,469,19,9,0,10,47.4,0,52.6],[11,13147,19,8,0,11,42.1,0,57.9],[12,350,19,8,0,11,42.1,0,57.9],[13,381,19,8,0,11,42.1,0,57.9],[14,369,19,8,0,11,42.1,0,57.9],[15,4175,19,8,0,11,42.1,0,57.9],[16,354,19,7,1,11,36.8,5.3,57.9],[17,7344,19,7,0,12,36.8,0,63.2],[18,347,19,6,1,12,31.6,5.3,63.2],[19,337,19,6,0,13,31.6,0,68.4],[20,364,19,4,0,15,21.1,0,78.9]];
var TotalBsHalf = [[1,453,37,26,1,10,70.3,2.7,27],[2,349,38,24,4,10,63.2,10.5,26.3],[3,469,37,23,2,12,62.2,5.4,32.4],[4,350,38,23,2,13,60.5,5.3,34.2],[5,337,38,22,7,9,57.9,18.4,23.7],[6,347,37,22,3,12,59.5,8.1,32.4],[7,354,37,22,3,12,59.5,8.1,32.4],[8,364,37,21,1,15,56.8,2.7,40.5],[9,355,38,21,1,16,55.3,2.6,42.1],[10,360,38,21,0,17,55.3,0,44.7],[11,4176,37,20,6,11,54.1,16.2,29.7],[12,4175,37,20,4,13,54.1,10.8,35.1],[13,7344,37,20,2,15,54.1,5.4,40.5],[14,465,37,19,9,9,51.4,24.3,24.3],[15,456,37,19,3,15,51.4,8.1,40.5],[16,13147,38,19,3,16,50,7.9,42.1],[17,343,38,18,8,12,47.4,21.1,31.6],[18,356,38,18,7,13,47.4,18.4,34.2],[19,369,38,16,4,18,42.1,10.5,47.4],[20,381,38,16,4,18,42.1,10.5,47.4]];
var HomeBsHalf = [[1,4175,19,13,1,5,68.4,5.3,26.3],[2,337,19,12,5,2,63.2,26.3,10.5],[3,4176,19,12,2,5,63.2,10.5,26.3],[4,7344,19,12,0,7,63.2,0,36.8],[5,347,19,11,3,5,57.9,15.8,26.3],[6,349,19,11,3,5,57.9,15.8,26.3],[7,343,19,11,2,6,57.9,10.5,31.6],[8,354,19,11,2,6,57.9,10.5,31.6],[9,364,19,11,1,7,57.9,5.3,36.8],[10,350,19,11,1,7,57.9,5.3,36.8],[11,355,19,11,0,8,57.9,0,42.1],[12,356,19,10,4,5,52.6,21.1,26.3],[13,469,19,10,2,7,52.6,10.5,36.8],[14,453,19,10,1,8,52.6,5.3,42.1],[15,456,19,10,1,8,52.6,5.3,42.1],[16,13147,19,10,0,9,52.6,0,47.4],[17,381,19,9,1,9,47.4,5.3,47.4],[18,360,19,8,0,11,42.1,0,57.9],[19,465,19,7,7,5,36.8,36.8,26.3],[20,369,19,6,2,11,31.6,10.5,57.9]];
var GuestBsHalf = [[1,453,18,16,0,2,88.9,0,11.1],[2,469,18,13,0,5,72.2,0,27.8],[3,349,19,13,1,5,68.4,5.3,26.3],[4,360,19,13,0,6,68.4,0,31.6],[5,465,18,12,2,4,66.7,11.1,22.2],[6,350,19,12,1,6,63.2,5.3,31.6],[7,354,18,11,1,6,61.1,5.6,33.3],[8,347,18,11,0,7,61.1,0,38.9],[9,337,19,10,2,7,52.6,10.5,36.8],[10,369,19,10,2,7,52.6,10.5,36.8],[11,355,19,10,1,8,52.6,5.3,42.1],[12,364,18,10,0,8,55.6,0,44.4],[13,456,18,9,2,7,50,11.1,38.9],[14,13147,19,9,3,7,47.4,15.8,36.8],[15,4176,18,8,4,6,44.4,22.2,33.3],[16,7344,18,8,2,8,44.4,11.1,44.4],[17,356,19,8,3,8,42.1,15.8,42.1],[18,343,19,7,6,6,36.8,31.6,31.6],[19,4175,18,7,3,8,38.9,16.7,44.4],[20,381,19,7,3,9,36.8,15.8,47.4]];
var addUp = [348,45.8,4,0.5,408,53.7,[65.8,343],[65.8,350],[73.7,337],[73.7,350],[63.2,465,343,360],[78.9,364]];
var addUpHalf = [410,54.7,74,9.9,266,35.5,[70.3,453],[47.4,369,381],[68.4,4175],[57.9,360,369],[88.9,453],[47.4,381]];
var lastUpdateTime = '2026-04-08 08:56:00';
