var arrLeague = [15,'南韩K联赛','南韓K聯賽','K League 1','2018','#0542b1','league_match/images/20190423203352.jpg','韩K联','韓K聯','KOR D1'];
var arrTeam = [[480,'蔚山HD','蔚山HD','Ulsan HD FC','','images/1j1c2yt4wj7.png',0],[481,'浦项制铁','浦項制鐵','Pohang Steelers','','images/481/1h1jgrf3gp0.png',0],[484,'全北现代','全北汽車','Jeonbuk Hyundai Motors','','images/484/1h1jgrf3gr2k.png',0],[491,'大邱FC','大邱FC','Daegu FC','','images/491/1gxsf6qkd41p.png',0],[494,'金泉尚武','金泉尚武','Gimcheon Sangmu FC','','images/494/1grzke26w41a.png',0],[497,'仁川联队','仁川聯','Incheon United','','images/497/1h6swyavg60.png',0],[499,'水原三星','水原三星','Suwon Samsung Bluewings','','images/499/1gxsf6qjy02n.png',0],[501,'釜山偶像','釜山偶像','Busan I Park','','images/501/1gxsf6qkd2e.png',0],[506,'全南天龙','全南天龍','Jeonnam Dragons','','images/506/1gxsf6qkd726.png',0],[741,'FC首尔','FC首爾','FC Seoul','','images/741/1gxsf6qjyq26.png',0],[4074,'庆南FC','慶南FC','Gyeongnam FC','','images/4074/1gxsf6qkdcq.png',0],[4075,'济州联队','濟州聯','Jeju United','','images/4075/1gxsf6qjyw29.png',0],[9945,'江原FC','FC江原','Gangwon FC','','images/9945/1gxsf6qkdd19.png',0]];
var TotalPanLu = [[1,4074,38,11,11,16,23,4,11,12,60.5,10.5,28.9],[2,480,38,18,10,10,21,5,12,9,55.3,13.2,31.6],[3,481,38,12,12,14,20,3,15,5,52.6,7.9,39.5],[4,491,38,6,8,24,20,2,16,4,52.6,5.3,42.1],[5,484,38,38,0,0,20,0,18,2,52.6,0,47.4],[6,497,38,5,6,27,19,1,18,1,50,2.6,47.4],[7,494,38,7,11,20,17,3,18,-1,44.7,7.9,47.4],[8,506,38,4,8,26,16,0,22,-6,42.1,0,57.9],[9,4075,38,19,10,9,15,5,18,-3,39.5,13.2,47.4],[10,9945,38,14,9,15,15,4,19,-4,39.5,10.5,50],[11,499,38,24,9,5,14,3,21,-7,36.8,7.9,55.3],[12,501,2,0,1,1,1,0,1,0,50,0,50],[13,741,40,20,9,11,12,4,24,-12,30,10,60]];
var HomePanLu = [[1,480,19,13,4,2,13,0,6,7,68.4,0,31.6],[2,4074,19,9,6,4,10,3,6,4,52.6,15.8,31.6],[3,481,19,12,3,4,9,2,8,1,47.4,10.5,42.1],[4,497,19,5,6,8,9,1,9,0,47.4,5.3,47.4],[5,484,19,19,0,0,9,0,10,-1,47.4,0,52.6],[6,499,19,13,4,2,8,2,9,-1,42.1,10.5,47.4],[7,506,19,4,7,8,8,0,11,-3,42.1,0,57.9],[8,9945,19,12,5,2,6,3,10,-4,31.6,15.8,52.6],[9,494,19,7,7,5,6,2,11,-5,31.6,10.5,57.9],[10,491,19,6,5,8,6,2,11,-5,31.6,10.5,57.9],[11,741,20,16,2,2,6,0,14,-8,30,0,70],[12,4075,19,15,2,2,5,2,12,-7,26.3,10.5,63.2],[13,501,1,0,1,0,0,0,1,-1,0,0,100]];
var GuestPanLu = [[1,491,19,0,3,16,14,0,5,9,73.7,0,26.3],[2,4074,19,2,5,12,13,1,5,8,68.4,5.3,26.3],[3,494,19,0,4,15,11,1,7,4,57.9,5.3,36.8],[4,481,19,0,9,10,11,1,7,4,57.9,5.3,36.8],[5,484,19,19,0,0,11,0,8,3,57.9,0,42.1],[6,4075,19,4,8,7,10,3,6,4,52.6,15.8,31.6],[7,497,19,0,0,19,10,0,9,1,52.6,0,47.4],[8,501,1,0,0,1,1,0,0,1,100,0,0],[9,9945,19,2,4,13,9,1,9,0,47.4,5.3,47.4],[10,480,19,5,6,8,8,5,6,2,42.1,26.3,31.6],[11,506,19,0,1,18,8,0,11,-3,42.1,0,57.9],[12,499,19,11,5,3,6,1,12,-6,31.6,5.3,63.2],[13,741,20,4,7,9,6,4,10,-4,30,20,50]];
var TotalHalfPanLu = [[1,501,2,0,1,1,2,0,0,2,100,0,0],[2,497,38,1,17,20,19,8,11,8,50,21.1,28.9],[3,4074,38,4,25,9,18,7,13,5,47.4,18.4,34.2],[4,481,38,4,25,9,17,13,8,9,44.7,34.2,21.1],[5,480,38,11,21,6,16,10,12,4,42.1,26.3,31.6],[6,484,38,37,1,0,16,1,21,-5,42.1,2.6,55.3],[7,491,38,3,22,13,15,11,12,3,39.5,28.9,31.6],[8,494,38,4,19,15,13,9,16,-3,34.2,23.7,42.1],[9,4075,38,11,21,6,13,9,16,-3,34.2,23.7,42.1],[10,741,40,15,20,5,13,9,18,-5,32.5,22.5,45],[11,9945,38,6,25,7,11,13,14,-3,28.9,34.2,36.8],[12,499,38,14,20,4,11,11,16,-5,28.9,28.9,42.1],[13,506,38,1,21,16,11,9,18,-7,28.9,23.7,47.4]];
var HomeHalfPanLu = [[1,501,1,0,1,0,1,0,0,1,100,0,0],[2,497,19,1,14,4,9,7,3,6,47.4,36.8,15.8],[3,480,19,9,8,2,9,3,7,2,47.4,15.8,36.8],[4,481,19,4,12,3,7,7,5,2,36.8,36.8,26.3],[5,499,19,11,6,2,7,2,10,-3,36.8,10.5,52.6],[6,484,19,19,0,0,7,0,12,-5,36.8,0,63.2],[7,4074,19,4,13,2,6,5,8,-2,31.6,26.3,42.1],[8,494,19,4,12,3,6,4,9,-3,31.6,21.1,47.4],[9,741,20,12,7,1,6,2,12,-6,30,10,60],[10,491,19,3,13,3,5,8,6,-1,26.3,42.1,31.6],[11,9945,19,6,12,1,5,7,7,-2,26.3,36.8,36.8],[12,4075,19,10,7,2,5,3,11,-6,26.3,15.8,57.9],[13,506,19,1,14,4,2,7,10,-8,10.5,36.8,52.6]];
var GuestHalfPanLu = [[1,4074,19,0,12,7,12,2,5,7,63.2,10.5,26.3],[2,481,19,0,13,6,10,6,3,7,52.6,31.6,15.8],[3,491,19,0,9,10,10,3,6,4,52.6,15.8,31.6],[4,497,19,0,3,16,10,1,8,2,52.6,5.3,42.1],[5,501,1,0,0,1,1,0,0,1,100,0,0],[6,506,19,0,7,12,9,2,8,1,47.4,10.5,42.1],[7,484,19,18,1,0,9,1,9,0,47.4,5.3,47.4],[8,4075,19,1,14,4,8,6,5,3,42.1,31.6,26.3],[9,480,19,2,13,4,7,7,5,2,36.8,36.8,26.3],[10,494,19,0,7,12,7,5,7,0,36.8,26.3,36.8],[11,741,20,3,13,4,7,7,6,1,35,35,30],[12,9945,19,0,13,6,6,6,7,-1,31.6,31.6,36.8],[13,499,19,3,14,2,4,9,6,-2,21.1,47.4,31.6]];
var addUp = [95,41.3,17,7.4,118,51.3,[60.5,4074],[60,741],[68.4,480],[100,501],[100,501],[63.2,499],[13.2,480,4075],[0,484,506,501]];
var addUpHalf = [75,32.6,55,23.9,100,43.5,[100,501],[55.3,484],[100,501],[63.2,484],[100,501],[47.4,484],[34.2,481,9945],[0,501]];
var lastUpdateTime = '2025-01-19 11:13:47';
