var arrLeague = [15,'南韩K联赛','南韓K聯賽','K League 1','2018','#0542b1','league_match/images/20190423203352.jpg','韩K联','韓K聯','KOR D1'];
var arrTeam = [[480,'蔚山HD','蔚山HD','Ulsan HD FC','','images/1j1c2yt4wj7.png',0],[481,'浦项制铁','浦項制鐵','Pohang Steelers','','images/481/1h1jgrf3gp0.png',0],[484,'全北现代','全北汽車','Jeonbuk Hyundai Motors','','images/484/1h1jgrf3gr2k.png',0],[491,'大邱FC','大邱FC','Daegu FC','','images/491/1gxsf6qkd41p.png',0],[494,'金泉尚武','金泉尚武','Gimcheon Sangmu FC','','images/494/1grzke26w41a.png',0],[497,'仁川联队','仁川聯','Incheon United','','images/497/1h6swyavg60.png',0],[499,'水原三星','水原三星','Suwon Samsung Bluewings','','images/499/1gxsf6qjy02n.png',0],[501,'釜山偶像','釜山偶像','Busan I Park','','images/501/1gxsf6qkd2e.png',0],[506,'全南天龙','全南天龍','Jeonnam Dragons','','images/506/1gxsf6qkd726.png',0],[741,'FC首尔','FC首爾','FC Seoul','','images/741/1gxsf6qjyq26.png',0],[4074,'庆南FC','慶南FC','Gyeongnam FC','','images/4074/1gxsf6qkdcq.png',0],[4075,'济州联队','濟州聯','Jeju United','','images/4075/1gxsf6qjyw29.png',0],[9945,'江原FC','FC江原','Gangwon FC','','images/9945/1gxsf6qkdd19.png',0]];
var TotalBs = [[1,497,38,25,1,12,65.8,2.6,31.6],[2,506,38,21,1,16,55.3,2.6,42.1],[3,4074,38,21,1,16,55.3,2.6,42.1],[4,481,38,21,0,17,55.3,0,44.7],[5,9945,38,20,1,17,52.6,2.6,44.7],[6,741,40,20,0,20,50,0,50],[7,494,38,19,0,19,50,0,50],[8,499,38,18,0,20,47.4,0,52.6],[9,484,38,17,3,18,44.7,7.9,47.4],[10,491,38,17,3,18,44.7,7.9,47.4],[11,480,38,17,0,21,44.7,0,55.3],[12,4075,38,15,0,23,39.5,0,60.5],[13,501,2,1,0,1,50,0,50]];
var HomeBs = [[1,497,19,13,0,6,68.4,0,31.6],[2,4074,19,11,1,7,57.9,5.3,36.8],[3,506,19,11,0,8,57.9,0,42.1],[4,481,19,11,0,8,57.9,0,42.1],[5,499,19,10,0,9,52.6,0,47.4],[6,494,19,10,0,9,52.6,0,47.4],[7,9945,19,10,0,9,52.6,0,47.4],[8,741,20,10,0,10,50,0,50],[9,491,19,9,1,9,47.4,5.3,47.4],[10,484,19,8,3,8,42.1,15.8,42.1],[11,480,19,7,0,12,36.8,0,63.2],[12,4075,19,5,0,14,26.3,0,73.7],[13,501,1,1,0,0,100,0,0]];
var GuestBs = [[1,497,19,12,1,6,63.2,5.3,31.6],[2,506,19,10,1,8,52.6,5.3,42.1],[3,9945,19,10,1,8,52.6,5.3,42.1],[4,481,19,10,0,9,52.6,0,47.4],[5,4075,19,10,0,9,52.6,0,47.4],[6,480,19,10,0,9,52.6,0,47.4],[7,4074,19,10,0,9,52.6,0,47.4],[8,741,20,10,0,10,50,0,50],[9,484,19,9,0,10,47.4,0,52.6],[10,494,19,9,0,10,47.4,0,52.6],[11,491,19,8,2,9,42.1,10.5,47.4],[12,499,19,8,0,11,42.1,0,57.9],[13,501,1,0,0,1,0,0,100]];
var TotalBsHalf = [[1,497,38,19,8,11,50,21.1,28.9],[2,480,38,13,9,16,34.2,23.7,42.1],[3,506,38,12,12,14,31.6,31.6,36.8],[4,499,38,12,10,16,31.6,26.3,42.1],[5,484,38,12,3,23,31.6,7.9,60.5],[6,741,40,11,12,17,27.5,30,42.5],[7,494,38,11,10,17,28.9,26.3,44.7],[8,9945,38,10,12,16,26.3,31.6,42.1],[9,481,38,10,12,16,26.3,31.6,42.1],[10,4074,38,9,15,14,23.7,39.5,36.8],[11,491,38,7,15,16,18.4,39.5,42.1],[12,4075,38,7,13,18,18.4,34.2,47.4],[13,501,2,1,1,0,50,50,0]];
var HomeBsHalf = [[1,497,19,9,4,6,47.4,21.1,31.6],[2,494,19,7,5,7,36.8,26.3,36.8],[3,9945,19,6,7,6,31.6,36.8,31.6],[4,480,19,6,5,8,31.6,26.3,42.1],[5,499,19,6,5,8,31.6,26.3,42.1],[6,506,19,6,5,8,31.6,26.3,42.1],[7,741,20,5,8,7,25,40,35],[8,491,19,5,5,9,26.3,26.3,47.4],[9,484,19,5,1,13,26.3,5.3,68.4],[10,4074,19,4,8,7,21.1,42.1,36.8],[11,481,19,4,7,8,21.1,36.8,42.1],[12,4075,19,3,6,10,15.8,31.6,52.6],[13,501,1,1,0,0,100,0,0]];
var GuestBsHalf = [[1,497,19,10,4,5,52.6,21.1,26.3],[2,480,19,7,4,8,36.8,21.1,42.1],[3,484,19,7,2,10,36.8,10.5,52.6],[4,506,19,6,7,6,31.6,36.8,31.6],[5,499,19,6,5,8,31.6,26.3,42.1],[6,481,19,6,5,8,31.6,26.3,42.1],[7,741,20,6,4,10,30,20,50],[8,4074,19,5,7,7,26.3,36.8,36.8],[9,4075,19,4,7,8,21.1,36.8,42.1],[10,494,19,4,5,10,21.1,26.3,52.6],[11,9945,19,4,5,10,21.1,26.3,52.6],[12,491,19,2,10,7,10.5,52.6,36.8],[13,501,1,0,1,0,0,100,0]];
var addUp = [232,50.4,10,2.2,218,47.4,[65.8,497],[60.5,4075],[100,501],[73.7,4075],[63.2,497],[100,501]];
var addUpHalf = [134,29.1,132,28.7,194,42.2,[50,497,501],[60.5,484],[100,501],[68.4,484],[52.6,497],[52.6,484,494,9945]];
var lastUpdateTime = '2025-01-19 11:13:56';
