var arrLeague = [10,'俄罗斯超级联赛','俄羅斯超級聯賽','Russia Premier League','2016-2017','#006699','league_match/images/20200411092415.jpg','俄超','俄超','RUS PR'];
var arrTeam = [[298,'阿姆卡尔','安卡','Amkar Perm','','images/298/1gx0nnphdv0.png',0],[300,'苏维埃之翼','蘇維杜夫','Krylya Sovetov','','images/165095551520.png',0],[395,'圣彼得堡泽尼特','聖彼德斯堡','Zenit St. Petersburg','','images/395/1hnyhx549p2m.png',0],[407,'莫斯科中央陆军','莫斯科中央陸軍','CSKA Moscow','','images/407/1gtqm0cjh91x.png',0],[411,'莫斯科斯巴达','莫斯科斯巴達','Spartak Moscow','','images/165095544593.png',0],[420,'莫斯科火车头','莫斯科火車頭','Lokomotiv Moscow','','images/165095543060.png',0],[429,'罗斯托夫','羅斯杜夫','Rostov FK','','images/165095539431.png',0],[441,'喀山红宝石','卡山魯賓','Rubin Kazan','','images/441/1gq15ejwg51f.png',0],[605,'格罗兹尼特里克','塔利克','Terek Grozny','','images/165095534661.png',0],[2036,'托木斯克','湯斯克','Tom Tomsk','','images/20130414164214.gif',0],[2450,'乌拉尔','烏拉爾','Ural Sverdlovsk Oblast','','images/165095556739.png',0],[2460,'安郅马哈奇卡拉','安捷','Anzhi Makhachkala','','images/20160729172410.jpg',0],[2481,'SKA哈巴罗夫斯克','SKA哈巴羅夫斯克','SKA Khabarovsk','','images/2481/1gqvwshxs72e.png',0],[4388,'叶尼塞','克拉斯諾亞爾斯克','Yenisey Krasnoyarsk','','images/4388/1gtqm80ws24.png',0],[5755,'奥伦堡加索维克','奧倫堡','Gazovik Orenburg','','images/5755/1heh20art832.png',0],[10112,'克拉斯诺达尔','克拉斯諾達爾','FC Krasnodar','','images/10112/1gtqm0cjha2q.png',0],[13988,'乌法','烏法','FC Ufa','','images/13988/1grgc5aqm72w.png',0],[19764,'图拉兵工厂','圖拉兵工廠','Arsenal Tula','','images/165095553317.png',0]];
var TotalBs = [[1,605,30,17,2,11,56.7,6.7,36.7],[2,300,30,16,1,13,53.3,3.3,43.3],[3,2036,30,15,1,14,50,3.3,46.7],[4,411,30,14,0,16,46.7,0,53.3],[5,420,30,12,3,15,40,10,50],[6,441,30,12,3,15,40,10,50],[7,5755,32,12,4,16,37.5,12.5,50],[8,2460,30,12,1,17,40,3.3,56.7],[9,298,30,11,2,17,36.7,6.7,56.7],[10,19764,32,11,3,18,34.4,9.4,56.2],[11,10112,30,11,0,19,36.7,0,63.3],[12,395,30,11,0,19,36.7,0,63.3],[13,407,30,10,3,17,33.3,10,56.7],[14,2450,30,10,3,17,33.3,10,56.7],[15,429,30,10,1,19,33.3,3.3,63.3],[16,13988,30,7,3,20,23.3,10,66.7],[17,4388,2,1,0,1,50,0,50],[18,2481,2,0,0,2,0,0,100]];
var HomeBs = [[1,300,15,10,1,4,66.7,6.7,26.7],[2,605,15,8,1,6,53.3,6.7,40],[3,10112,15,8,0,7,53.3,0,46.7],[4,407,15,8,0,7,53.3,0,46.7],[5,2036,15,7,1,7,46.7,6.7,46.7],[6,411,15,6,0,9,40,0,60],[7,2460,15,6,0,9,40,0,60],[8,5755,16,5,3,8,31.2,18.8,50],[9,441,15,5,2,8,33.3,13.3,53.3],[10,13988,15,5,1,9,33.3,6.7,60],[11,420,15,5,1,9,33.3,6.7,60],[12,395,15,5,0,10,33.3,0,66.7],[13,429,15,5,0,10,33.3,0,66.7],[14,298,15,4,2,9,26.7,13.3,60],[15,19764,16,4,2,10,25,12.5,62.5],[16,2450,15,4,1,10,26.7,6.7,66.7],[17,4388,1,1,0,0,100,0,0],[18,2481,1,0,0,1,0,0,100]];
var GuestBs = [[1,605,15,9,1,5,60,6.7,33.3],[2,2036,15,8,0,7,53.3,0,46.7],[3,411,15,8,0,7,53.3,0,46.7],[4,420,15,7,2,6,46.7,13.3,40],[5,441,15,7,1,7,46.7,6.7,46.7],[6,298,15,7,0,8,46.7,0,53.3],[7,19764,16,7,1,8,43.8,6.2,50],[8,5755,16,7,1,8,43.8,6.2,50],[9,2450,15,6,2,7,40,13.3,46.7],[10,2460,15,6,1,8,40,6.7,53.3],[11,395,15,6,0,9,40,0,60],[12,300,15,6,0,9,40,0,60],[13,429,15,5,1,9,33.3,6.7,60],[14,10112,15,3,0,12,20,0,80],[15,407,15,2,3,10,13.3,20,66.7],[16,13988,15,2,2,11,13.3,13.3,73.3],[17,2481,1,0,0,1,0,0,100],[18,4388,1,0,0,1,0,0,100]];
var TotalBsHalf = [[1,19764,32,18,3,11,56.2,9.4,34.4],[2,605,26,17,2,7,65.4,7.7,26.9],[3,2450,29,16,3,10,55.2,10.3,34.5],[4,300,30,16,3,11,53.3,10,36.7],[5,298,30,16,0,14,53.3,0,46.7],[6,441,29,15,4,10,51.7,13.8,34.5],[7,429,28,15,0,13,53.6,0,46.4],[8,5755,32,15,1,16,46.9,3.1,50],[9,420,30,14,4,12,46.7,13.3,40],[10,2460,29,14,1,14,48.3,3.4,48.3],[11,407,29,13,3,13,44.8,10.3,44.8],[12,13988,30,13,2,15,43.3,6.7,50],[13,411,29,12,10,7,41.4,34.5,24.1],[14,2036,29,12,6,11,41.4,20.7,37.9],[15,395,29,12,3,14,41.4,10.3,48.3],[16,10112,26,8,5,13,30.8,19.2,50],[17,4388,1,1,0,0,100,0,0],[18,2481,1,0,0,1,0,0,100]];
var HomeBsHalf = [[1,605,15,11,1,3,73.3,6.7,20],[2,407,14,9,2,3,64.3,14.3,21.4],[3,2450,15,9,2,4,60,13.3,26.7],[4,300,15,9,1,5,60,6.7,33.3],[5,420,15,8,2,5,53.3,13.3,33.3],[6,19764,16,8,2,6,50,12.5,37.5],[7,298,15,8,0,7,53.3,0,46.7],[8,441,15,8,0,7,53.3,0,46.7],[9,429,15,8,0,7,53.3,0,46.7],[10,13988,15,7,0,8,46.7,0,53.3],[11,5755,16,7,0,9,43.8,0,56.2],[12,2036,15,6,3,6,40,20,40],[13,2460,15,6,1,8,40,6.7,53.3],[14,395,15,5,2,8,33.3,13.3,53.3],[15,10112,15,4,4,7,26.7,26.7,46.7],[16,411,15,3,7,5,20,46.7,33.3],[17,4388,1,1,0,0,100,0,0],[18,2481,1,0,0,1,0,0,100]];
var GuestBsHalf = [[1,19764,16,10,1,5,62.5,6.2,31.2],[2,411,14,9,3,2,64.3,21.4,14.3],[3,2460,14,8,0,6,57.1,0,42.9],[4,5755,16,8,1,7,50,6.2,43.8],[5,298,15,8,0,7,53.3,0,46.7],[6,441,14,7,4,3,50,28.6,21.4],[7,395,14,7,1,6,50,7.1,42.9],[8,429,13,7,0,6,53.8,0,46.2],[9,2450,14,7,1,6,50,7.1,42.9],[10,300,15,7,2,6,46.7,13.3,40],[11,605,11,6,1,4,54.5,9.1,36.4],[12,2036,14,6,3,5,42.9,21.4,35.7],[13,420,15,6,2,7,40,13.3,46.7],[14,13988,15,6,2,7,40,13.3,46.7],[15,10112,11,4,1,6,36.4,9.1,54.5],[16,407,15,4,1,10,26.7,6.7,66.7],[17,2481,0,0,0,0,0,0,0],[18,4388,0,0,0,0,0,0,0]];
var addUp = [192,39.3,30,6.1,266,54.5,[56.7,605],[100,2481],[100,4388],[100,2481],[60,605],[100,2481,4388]];
var addUpHalf = [227,48.4,50,10.7,192,40.9,[100,4388],[100,2481],[100,4388],[100,2481],[64.3,411],[66.7,407]];
var lastUpdateTime = '2025-06-24 14:23:49';
