var arrLeague = [22,'挪威超级联赛','挪威超級聯賽','Norway Eliteserien','2015','#666666','league_match/images/20200420075346.jpg','挪超','挪超','NOR D1'];
var arrTeam = [[472,'博德闪耀','波杜基林特','Bodo Glimt','','images/472/1kjxw3jrj728.png',0],[475,'斯塔贝克','史達比克','Stabaek','','images/475/1gq6j9e9y51x.png',0],[479,'奥德','奧特足球會','Odds Ballklubb','','images/479/1jjx4n5qy3b.png',0],[485,'瓦勒伦加','華拿倫加','Valerenga','','images/485/1gxmbkap742v.png',0],[495,'维京','維京','Viking','','images/495/1km206hznr1r.png',0],[505,'莫尔德','莫迪','Molde','','images/505/1gxmbm1nc618.png',0],[507,'罗森博格','洛辛堡','Rosenborg BK','','images/507/1gxmbm1ncb32.png',0],[509,'利勒斯特罗姆','利尼史特朗','Lillestrom','','images/509/1gxmbm1nc124.png',0],[514,'特罗姆瑟','特羅素','Tromso IL','','images/514/1gxmbm1ncd32.png',0],[1280,'奥勒松','阿利辛特','Aalesund FK','','images/1280/1km206j04qg.png',0],[1282,'桑德菲杰','辛迪夫佐特','Sandefjord','','images/1282/1gqv25gza42a.png',0],[1284,'斯达','史達','Start Kristiansand','','images/1284/1gxmbp25v21r.png',0],[1285,'斯托姆加斯特','史卓加斯特','Stromsgodset','','images/1285/1gxmbm1ncn10.png',0],[2255,'萨普斯堡','薩普斯堡','Sarpsborg 08','','images/2255/1kk5pbdfmw1q.png',0],[2279,'莫达伦','莫達倫','Mjondalen IF','','images/2279/1gxmbp26aa2z.png',0],[2822,'海于格松','侯格辛特','Haugesund','','images/2822/1knjwpjf8b2q.png',0]];
var TotalBs = [[1,1280,31,18,3,10,58.1,9.7,32.3],[2,1282,31,18,2,11,58.1,6.5,35.5],[3,1284,30,17,3,10,56.7,10,33.3],[4,2279,30,17,2,11,56.7,6.7,36.7],[5,1285,30,16,4,10,53.3,13.3,33.3],[6,472,31,16,5,10,51.6,16.1,32.3],[7,505,30,16,2,12,53.3,6.7,40],[8,509,30,15,1,14,50,3.3,46.7],[9,2255,30,15,1,14,50,3.3,46.7],[10,479,30,14,5,11,46.7,16.7,36.7],[11,495,30,14,3,13,46.7,10,43.3],[12,475,30,14,2,14,46.7,6.7,46.7],[13,2822,30,14,1,15,46.7,3.3,50],[14,507,31,13,2,16,41.9,6.5,51.6],[15,514,30,11,2,17,36.7,6.7,56.7],[16,485,31,11,2,18,35.5,6.5,58.1]];
var HomeBs = [[1,505,15,10,0,5,66.7,0,33.3],[2,472,15,9,2,4,60,13.3,26.7],[3,1284,15,9,2,4,60,13.3,26.7],[4,2279,15,8,2,5,53.3,13.3,33.3],[5,2255,15,8,1,6,53.3,6.7,40],[6,509,15,8,1,6,53.3,6.7,40],[7,1285,15,7,3,5,46.7,20,33.3],[8,475,15,7,2,6,46.7,13.3,40],[9,479,15,7,2,6,46.7,13.3,40],[10,1280,15,7,1,7,46.7,6.7,46.7],[11,2822,15,7,1,7,46.7,6.7,46.7],[12,495,15,7,1,7,46.7,6.7,46.7],[13,1282,15,7,0,8,46.7,0,53.3],[14,514,15,6,0,9,40,0,60],[15,485,15,5,2,8,33.3,13.3,53.3],[16,507,15,5,0,10,33.3,0,66.7],[17,507,1,1,0,0,100,0,0],[18,485,1,1,0,0,100,0,0],[19,1282,1,1,0,0,100,0,0],[20,472,0,0,0,0,0,0,0],[21,1280,0,0,0,0,0,0,0]];
var GuestBs = [[1,1282,15,10,2,3,66.7,13.3,20],[2,1280,15,10,2,3,66.7,13.3,20],[3,1285,15,9,1,5,60,6.7,33.3],[4,2279,15,9,0,6,60,0,40],[5,1284,15,8,1,6,53.3,6.7,40],[6,479,15,7,3,5,46.7,20,33.3],[7,495,15,7,2,6,46.7,13.3,40],[8,507,15,7,2,6,46.7,13.3,40],[9,2255,15,7,0,8,46.7,0,53.3],[10,475,15,7,0,8,46.7,0,53.3],[11,2822,15,7,0,8,46.7,0,53.3],[12,509,15,7,0,8,46.7,0,53.3],[13,472,15,6,3,6,40,20,40],[14,505,15,6,2,7,40,13.3,46.7],[15,514,15,5,2,8,33.3,13.3,53.3],[16,485,15,5,0,10,33.3,0,66.7],[17,1280,1,1,0,0,100,0,0],[18,472,1,1,0,0,100,0,0],[19,1282,0,0,0,0,0,0,0],[20,507,0,0,0,0,0,0,0],[21,485,0,0,0,0,0,0,0]];
var TotalBsHalf = [[1,1285,30,19,0,11,63.3,0,36.7],[2,1282,30,18,1,11,60,3.3,36.7],[3,1284,30,17,1,12,56.7,3.3,40],[4,475,29,15,2,12,51.7,6.9,41.4],[5,479,30,15,2,13,50,6.7,43.3],[6,507,30,15,1,14,50,3.3,46.7],[7,1280,30,14,4,12,46.7,13.3,40],[8,514,29,14,2,13,48.3,6.9,44.8],[9,472,30,14,3,13,46.7,10,43.3],[10,505,29,14,1,14,48.3,3.4,48.3],[11,2279,29,13,3,13,44.8,10.3,44.8],[12,2822,30,12,6,12,40,20,40],[13,509,29,12,3,14,41.4,10.3,48.3],[14,485,29,12,1,16,41.4,3.4,55.2],[15,495,30,11,5,14,36.7,16.7,46.7],[16,2255,30,9,5,16,30,16.7,53.3]];
var HomeBsHalf = [[1,514,15,10,0,5,66.7,0,33.3],[2,1285,15,10,0,5,66.7,0,33.3],[3,1284,15,9,0,6,60,0,40],[4,1282,15,8,0,7,53.3,0,46.7],[5,2822,15,7,3,5,46.7,20,33.3],[6,509,15,7,2,6,46.7,13.3,40],[7,2279,15,7,1,7,46.7,6.7,46.7],[8,485,15,7,0,8,46.7,0,53.3],[9,505,15,7,0,8,46.7,0,53.3],[10,1280,15,6,4,5,40,26.7,33.3],[11,2255,15,6,3,6,40,20,40],[12,472,15,6,2,7,40,13.3,46.7],[13,475,15,6,2,7,40,13.3,46.7],[14,479,15,6,0,9,40,0,60],[15,495,15,5,3,7,33.3,20,46.7],[16,507,15,5,0,10,33.3,0,66.7],[17,507,1,1,0,0,100,0,0],[18,1282,1,1,0,0,100,0,0]];
var GuestBsHalf = [[1,1282,14,9,1,4,64.3,7.1,28.6],[2,507,14,9,1,4,64.3,7.1,28.6],[3,479,15,9,2,4,60,13.3,26.7],[4,475,14,9,0,5,64.3,0,35.7],[5,1285,15,9,0,6,60,0,40],[6,1284,15,8,1,6,53.3,6.7,40],[7,472,15,8,1,6,53.3,6.7,40],[8,1280,15,8,0,7,53.3,0,46.7],[9,505,14,7,1,6,50,7.1,42.9],[10,2279,14,6,2,6,42.9,14.3,42.9],[11,495,15,6,2,7,40,13.3,46.7],[12,2822,15,5,3,7,33.3,20,46.7],[13,509,14,5,1,8,35.7,7.1,57.1],[14,485,14,5,1,8,35.7,7.1,57.1],[15,514,14,4,2,8,28.6,14.3,57.1],[16,2255,15,3,2,10,20,13.3,66.7],[17,1282,0,0,0,0,0,0,0],[18,507,0,0,0,0,0,0,0]];
var addUp = [239,49.3,40,8.2,206,42.5,[58.1,1280,1282],[58.1,485],[100,507,485,1282],[66.7,507],[100,1280,472],[66.7,485]];
var addUpHalf = [224,47.3,40,8.4,210,44.3,[63.3,1285],[55.2,485],[100,507,1282],[66.7,507],[64.3,1282,507,475],[66.7,2255]];
var lastUpdateTime = '2026-04-08 08:56:01';
