var arrLeague = [12,'法国乙组联赛','法國乙組聯賽','France Ligue 2','2014-2015','#B1A7A7','league_match/images/1j5w0bknv81g.png','法乙','法乙','FRA D2'];
var arrTeam = [[194,'阿雅克肖','阿些斯奧','Ajaccio','','images/194/1h71ky6nm62v.png',0],[215,'欧塞尔','歐塞爾','AJ Auxerre','','images/215/1h71ky6nmw2f.png',0],[267,'索肖','索察','Sochaux','','images/267/1hke8b1sjc2k.png',0],[301,'南锡','南錫','Nancy','','images/20181012141312.png',0],[304,'昂热','昂熱','Angers','','images/304/1h71kxn41qn.png',0],[306,'布雷斯特','比斯特','Stade Brestois','','images/164871188569.png',0],[308,'沙托鲁','沙特魯','Chateauroux','','images/308/1hfze5prsh19.png',0],[313,'克莱蒙','克萊蒙特','Clermont','','images/164871190892.png',0],[320,'第戎','迪安','Dijon','','images/320/1hkgstjs2x20.png',0],[325,'尼奥特','尼奧特','Chamois Niortais','','images/20150714133215.png',0],[330,'拉瓦勒','拉瓦勒','Stade Lavallois MFC','','images/330/1h71kxn4191q.png',0],[335,'勒阿弗尔','勒哈費爾','Le Havre','','images/335/1hkgsvdrhc1c.png',0],[366,'特鲁瓦','特魯瓦','Troyes','','images/164871194730.png',0],[374,'基迪尔','基迪爾','Creteil','','images/374/1h8qpgk87x31.png',0],[1744,'尼姆','尼姆','Nimes','','images/1744/1h5btqtznf2r.png',0],[2103,'图尔','杜亞斯','Tours','','images/2103/1jdxkkyk2j2v.png',0],[2104,'瓦朗谢纳','華倫西恩斯','Valenciennes','','images/2104/1h71kxn4hy7.png',0],[2141,'GFC阿雅克肖','GFCO阿些斯奧','Ajaccio Gfco','','images/201327164251.jpg',0],[5025,'奥兰斯','奧爾良','Orleans US 45','','images/5025/1h5bja71em6.png',0],[6037,'阿尔勒','阿勒斯','AC Arles-Avignon','','images/2012716162543.jpg',0]];
var TotalBs = [[1,2103,38,19,0,19,50,0,50],[2,2104,38,18,0,20,47.4,0,52.6],[3,215,38,17,3,18,44.7,7.9,47.4],[4,308,38,17,0,21,44.7,0,55.3],[5,1744,38,17,0,21,44.7,0,55.3],[6,374,38,16,2,20,42.1,5.3,52.6],[7,313,38,16,1,21,42.1,2.6,55.3],[8,6037,38,16,1,21,42.1,2.6,55.3],[9,366,38,14,3,21,36.8,7.9,55.3],[10,301,38,14,2,22,36.8,5.3,57.9],[11,304,38,14,1,23,36.8,2.6,60.5],[12,325,38,13,4,21,34.2,10.5,55.3],[13,306,38,13,3,22,34.2,7.9,57.9],[14,267,38,12,3,23,31.6,7.9,60.5],[15,335,38,12,2,24,31.6,5.3,63.2],[16,5025,38,12,1,25,31.6,2.6,65.8],[17,2141,38,11,6,21,28.9,15.8,55.3],[18,194,38,11,2,25,28.9,5.3,65.8],[19,330,38,10,4,24,26.3,10.5,63.2],[20,320,38,10,4,24,26.3,10.5,63.2]];
var HomeBs = [[1,2104,19,11,0,8,57.9,0,42.1],[2,301,19,9,1,9,47.4,5.3,47.4],[3,308,19,9,0,10,47.4,0,52.6],[4,215,19,9,0,10,47.4,0,52.6],[5,1744,19,8,0,11,42.1,0,57.9],[6,2103,19,8,0,11,42.1,0,57.9],[7,330,19,7,3,9,36.8,15.8,47.4],[8,325,19,7,3,9,36.8,15.8,47.4],[9,374,19,7,2,10,36.8,10.5,52.6],[10,194,19,7,1,11,36.8,5.3,57.9],[11,306,19,7,1,11,36.8,5.3,57.9],[12,6037,19,7,0,12,36.8,0,63.2],[13,304,19,7,0,12,36.8,0,63.2],[14,366,19,6,2,11,31.6,10.5,57.9],[15,320,19,6,1,12,31.6,5.3,63.2],[16,335,19,6,1,12,31.6,5.3,63.2],[17,313,19,6,1,12,31.6,5.3,63.2],[18,2141,19,5,3,11,26.3,15.8,57.9],[19,267,19,5,2,12,26.3,10.5,63.2],[20,5025,19,4,0,15,21.1,0,78.9]];
var GuestBs = [[1,2103,19,11,0,8,57.9,0,42.1],[2,313,19,10,0,9,52.6,0,47.4],[3,6037,19,9,1,9,47.4,5.3,47.4],[4,1744,19,9,0,10,47.4,0,52.6],[5,374,19,9,0,10,47.4,0,52.6],[6,215,19,8,3,8,42.1,15.8,42.1],[7,366,19,8,1,10,42.1,5.3,52.6],[8,5025,19,8,1,10,42.1,5.3,52.6],[9,308,19,8,0,11,42.1,0,57.9],[10,267,19,7,1,11,36.8,5.3,57.9],[11,304,19,7,1,11,36.8,5.3,57.9],[12,2104,19,7,0,12,36.8,0,63.2],[13,2141,19,6,3,10,31.6,15.8,52.6],[14,306,19,6,2,11,31.6,10.5,57.9],[15,335,19,6,1,12,31.6,5.3,63.2],[16,325,19,6,1,12,31.6,5.3,63.2],[17,301,19,5,1,13,26.3,5.3,68.4],[18,320,19,4,3,12,21.1,15.8,63.2],[19,194,19,4,1,14,21.1,5.3,73.7],[20,330,19,3,1,15,15.8,5.3,78.9]];
var TotalBsHalf = [[1,215,37,26,1,10,70.3,2.7,27],[2,301,37,25,1,11,67.6,2.7,29.7],[3,2104,38,24,3,11,63.2,7.9,28.9],[4,194,38,23,4,11,60.5,10.5,28.9],[5,5025,38,23,2,13,60.5,5.3,34.2],[6,2141,37,22,3,12,59.5,8.1,32.4],[7,306,37,22,2,13,59.5,5.4,35.1],[8,313,38,22,2,14,57.9,5.3,36.8],[9,335,38,22,1,15,57.9,2.6,39.5],[10,308,37,21,6,10,56.8,16.2,27],[11,325,38,21,2,15,55.3,5.3,39.5],[12,6037,37,21,1,15,56.8,2.7,40.5],[13,366,38,20,7,11,52.6,18.4,28.9],[14,374,38,20,6,12,52.6,15.8,31.6],[15,267,37,20,0,17,54.1,0,45.9],[16,1744,37,19,2,16,51.4,5.4,43.2],[17,2103,37,18,7,12,48.6,18.9,32.4],[18,304,38,18,4,16,47.4,10.5,42.1],[19,320,38,17,4,17,44.7,10.5,44.7],[20,330,37,17,1,19,45.9,2.7,51.4]];
var HomeBsHalf = [[1,215,19,16,0,3,84.2,0,15.8],[2,301,19,13,1,5,68.4,5.3,26.3],[3,308,19,12,2,5,63.2,10.5,26.3],[4,2104,19,12,2,5,63.2,10.5,26.3],[5,325,19,12,0,7,63.2,0,36.8],[6,2141,19,11,3,5,57.9,15.8,26.3],[7,306,19,11,2,6,57.9,10.5,31.6],[8,194,19,11,2,6,57.9,10.5,31.6],[9,313,19,11,0,8,57.9,0,42.1],[10,267,19,11,0,8,57.9,0,42.1],[11,304,19,10,3,6,52.6,15.8,31.6],[12,1744,19,10,2,7,52.6,10.5,36.8],[13,374,19,10,1,8,52.6,5.3,42.1],[14,335,19,10,1,8,52.6,5.3,42.1],[15,330,19,10,0,9,52.6,0,47.4],[16,2103,19,9,3,7,47.4,15.8,36.8],[17,5025,19,9,2,8,47.4,10.5,42.1],[18,6037,19,9,0,10,47.4,0,52.6],[19,366,19,8,4,7,42.1,21.1,36.8],[20,320,19,8,4,7,42.1,21.1,36.8]];
var GuestBsHalf = [[1,5025,19,14,0,5,73.7,0,26.3],[2,366,19,12,3,4,63.2,15.8,21.1],[3,6037,18,12,1,5,66.7,5.6,27.8],[4,194,19,12,2,5,63.2,10.5,26.3],[5,301,18,12,0,6,66.7,0,33.3],[6,2104,19,12,1,6,63.2,5.3,31.6],[7,335,19,12,0,7,63.2,0,36.8],[8,313,19,11,2,6,57.9,10.5,31.6],[9,306,18,11,0,7,61.1,0,38.9],[10,2141,18,11,0,7,61.1,0,38.9],[11,374,19,10,5,4,52.6,26.3,21.1],[12,215,18,10,1,7,55.6,5.6,38.9],[13,308,18,9,4,5,50,22.2,27.8],[14,2103,18,9,4,5,50,22.2,27.8],[15,325,19,9,2,8,47.4,10.5,42.1],[16,267,18,9,0,9,50,0,50],[17,1744,18,9,0,9,50,0,50],[18,320,19,9,0,10,47.4,0,52.6],[19,304,19,8,1,10,42.1,5.3,52.6],[20,330,18,7,1,10,38.9,5.6,55.6]];
var addUp = [282,37.1,42,5.5,436,57.4,[50,2103],[65.8,5025,194],[57.9,2104],[78.9,5025],[57.9,2103],[78.9,330]];
var addUpHalf = [421,56.1,59,7.9,270,36,[70.3,215],[51.4,330],[84.2,215],[52.6,6037],[73.7,5025],[55.6,330]];
var lastUpdateTime = '2025-01-20 09:02:30';
