var arrLeague = [22,'挪威超级联赛','挪威超級聯賽','Norwegian Tippeligaen','2024','#666666','league_match/images/20200420075346.jpg','挪超','挪超','NOR D1'];
var arrTeam = [[472,'博德闪耀','波杜基林特','Bodo Glimt','','images/472/1gq6j9e9em1s.png',0],[478,'腓特烈斯塔','費德列斯達','Fredrikstad','','images/478/1gxmbn8q2v1f.png',0],[479,'奥德格伦兰','奧特格寧蘭','Odd Grenland','','images/479/1hw70bzw2q11.png',0],[495,'维京','維京','Viking','','images/495/1gv9q9y3qv1r.png',0],[496,'汉坎','咸卡姆','Ham-Kam','','images/496/1gxmbm1ncxw.png',0],[498,'布兰','白蘭恩','Brann','','images/498/1gxmbm1ncsv.png',0],[505,'莫尔德','莫迪','Molde','','images/505/1gxmbm1nc618.png',0],[507,'罗森博格','洛辛堡','Rosenborg','','images/507/1gxmbm1ncb32.png',0],[509,'利勒斯特罗姆','利尼史特朗','Lillestrom','','images/509/1gxmbm1nc124.png',0],[514,'特罗姆瑟','特羅素','Tromso IL','','images/514/1gxmbm1ncd32.png',0],[1282,'桑德菲杰','辛迪夫佐特','Sandefjord','','images/1282/1gqv25gza42a.png',0],[1285,'斯托姆加斯特','史卓加斯特','Stromsgodset','','images/1285/1gxmbm1ncn10.png',0],[2255,'萨普斯堡','薩普斯堡','Sarpsborg 08','','images/2255/1gxmbm1ncd2y.png',0],[2822,'海于格松','侯格辛特','Haugesund','','images/2822/1gxmbm1nc6q.png',0],[4174,'克里斯蒂安松','基斯迪辛特','Kristiansund BK','','images/4174/1gxmbp26a81v.png',0],[10241,'KFUM奥斯陆','KFUM奧斯陸','KFUM Oslo','','images/10241/1gxmbp25v5c.png',0]];
var TotalPanLu = [[1,495,30,18,7,5,19,3,8,11,63.3,10,26.7],[2,478,30,12,6,12,18,1,11,7,60,3.3,36.7],[3,1282,30,6,3,21,16,2,12,4,53.3,6.7,40],[4,472,30,29,0,1,16,0,14,2,53.3,0,46.7],[5,507,30,18,3,9,15,4,11,4,50,13.3,36.7],[6,4174,30,3,5,22,14,4,12,2,46.7,13.3,40],[7,10241,30,9,4,17,14,2,14,0,46.7,6.7,46.7],[8,2255,30,10,6,14,14,2,14,0,46.7,6.7,46.7],[9,496,30,7,4,19,14,2,14,0,46.7,6.7,46.7],[10,505,30,26,2,2,14,1,15,-1,46.7,3.3,50],[11,2822,30,8,2,20,14,1,15,-1,46.7,3.3,50],[12,1285,30,11,6,13,13,3,14,-1,43.3,10,46.7],[13,498,30,24,2,4,13,1,16,-3,43.3,3.3,53.3],[14,514,30,12,3,15,12,1,17,-5,40,3.3,56.7],[15,479,30,5,2,23,11,2,17,-6,36.7,6.7,56.7],[16,509,30,13,3,14,8,1,21,-13,26.7,3.3,70]];
var HomePanLu = [[1,495,15,12,2,1,10,2,3,7,66.7,13.3,20],[2,478,15,10,3,2,8,1,6,2,53.3,6.7,40],[3,1282,15,6,3,6,8,1,6,2,53.3,6.7,40],[4,507,15,13,1,1,7,3,5,2,46.7,20,33.3],[5,472,15,15,0,0,7,0,8,-1,46.7,0,53.3],[6,505,15,15,0,0,7,0,8,-1,46.7,0,53.3],[7,1285,15,11,1,3,7,0,8,-1,46.7,0,53.3],[8,4174,15,3,5,7,6,3,6,0,40,20,40],[9,514,15,11,1,3,6,1,8,-2,40,6.7,53.3],[10,2255,15,10,2,3,6,0,9,-3,40,0,60],[11,2822,15,8,1,6,6,0,9,-3,40,0,60],[12,10241,15,8,3,4,5,1,9,-4,33.3,6.7,60],[13,496,15,7,3,5,5,1,9,-4,33.3,6.7,60],[14,498,15,14,0,1,5,0,10,-5,33.3,0,66.7],[15,479,15,5,2,8,4,1,10,-6,26.7,6.7,66.7],[16,509,15,10,2,3,3,1,11,-8,20,6.7,73.3]];
var GuestPanLu = [[1,478,15,2,3,10,10,0,5,5,66.7,0,33.3],[2,495,15,6,5,4,9,1,5,4,60,6.7,33.3],[3,496,15,0,1,14,9,1,5,4,60,6.7,33.3],[4,10241,15,1,1,13,9,1,5,4,60,6.7,33.3],[5,472,15,14,0,1,9,0,6,3,60,0,40],[6,2255,15,0,4,11,8,2,5,3,53.3,13.3,33.3],[7,2822,15,0,1,14,8,1,6,2,53.3,6.7,40],[8,4174,15,0,0,15,8,1,6,2,53.3,6.7,40],[9,1282,15,0,0,15,8,1,6,2,53.3,6.7,40],[10,498,15,10,2,3,8,1,6,2,53.3,6.7,40],[11,507,15,5,2,8,8,1,6,2,53.3,6.7,40],[12,479,15,0,0,15,7,1,7,0,46.7,6.7,46.7],[13,505,15,11,2,2,7,1,7,0,46.7,6.7,46.7],[14,1285,15,0,5,10,6,3,6,0,40,20,40],[15,514,15,1,2,12,6,0,9,-3,40,0,60],[16,509,15,3,1,11,5,0,10,-5,33.3,0,66.7]];
var TotalHalfPanLu = [[1,4174,30,2,7,21,17,4,9,8,56.7,13.3,30],[2,505,30,22,6,2,17,2,11,6,56.7,6.7,36.7],[3,10241,30,4,13,13,16,5,9,7,53.3,16.7,30],[4,1282,30,4,9,17,15,3,12,3,50,10,40],[5,1285,30,6,12,12,14,6,10,4,46.7,20,33.3],[6,479,30,3,9,18,14,4,12,2,46.7,13.3,40],[7,495,30,14,12,4,14,3,13,1,46.7,10,43.3],[8,498,30,23,5,2,14,1,15,-1,46.7,3.3,50],[9,2255,30,7,11,12,13,5,12,1,43.3,16.7,40],[10,478,30,10,14,6,12,6,12,0,40,20,40],[11,2822,30,4,8,18,12,5,13,-1,40,16.7,43.3],[12,507,30,12,12,6,11,5,14,-3,36.7,16.7,46.7],[13,496,30,5,10,15,11,4,15,-4,36.7,13.3,50],[14,514,30,9,12,9,10,4,16,-6,33.3,13.3,53.3],[15,509,30,10,12,8,9,8,13,-4,30,26.7,43.3],[16,472,30,28,2,0,8,1,21,-13,26.7,3.3,70]];
var HomeHalfPanLu = [[1,505,15,13,2,0,10,0,5,5,66.7,0,33.3],[2,1285,15,6,6,3,7,4,4,3,46.7,26.7,26.7],[3,495,15,12,2,1,7,1,7,0,46.7,6.7,46.7],[4,478,15,10,3,2,7,0,8,-1,46.7,0,53.3],[5,498,15,14,1,0,7,0,8,-1,46.7,0,53.3],[6,4174,15,2,7,6,6,4,5,1,40,26.7,33.3],[7,2255,15,7,5,3,6,3,6,0,40,20,40],[8,10241,15,4,8,3,5,3,7,-2,33.3,20,46.7],[9,472,15,15,0,0,5,1,9,-4,33.3,6.7,60],[10,507,15,11,3,1,5,1,9,-4,33.3,6.7,60],[11,514,15,9,4,2,5,0,10,-5,33.3,0,66.7],[12,1282,15,4,8,3,4,3,8,-4,26.7,20,53.3],[13,509,15,9,5,1,4,3,8,-4,26.7,20,53.3],[14,479,15,3,9,3,3,4,8,-5,20,26.7,53.3],[15,2822,15,4,7,4,3,4,8,-5,20,26.7,53.3],[16,496,15,5,7,3,3,2,10,-7,20,13.3,66.7]];
var GuestHalfPanLu = [[1,10241,15,0,5,10,11,2,2,9,73.3,13.3,13.3],[2,4174,15,0,0,15,11,0,4,7,73.3,0,26.7],[3,1282,15,0,1,14,11,0,4,7,73.3,0,26.7],[4,479,15,0,0,15,11,0,4,7,73.3,0,26.7],[5,2822,15,0,1,14,9,1,5,4,60,6.7,33.3],[6,496,15,0,3,12,8,2,5,3,53.3,13.3,33.3],[7,1285,15,0,6,9,7,2,6,1,46.7,13.3,40],[8,2255,15,0,6,9,7,2,6,1,46.7,13.3,40],[9,495,15,2,10,3,7,2,6,1,46.7,13.3,40],[10,505,15,9,4,2,7,2,6,1,46.7,13.3,40],[11,498,15,9,4,2,7,1,7,0,46.7,6.7,46.7],[12,507,15,1,9,5,6,4,5,1,40,26.7,33.3],[13,478,15,0,11,4,5,6,4,1,33.3,40,26.7],[14,509,15,1,7,7,5,5,5,0,33.3,33.3,33.3],[15,514,15,0,8,7,5,4,6,-1,33.3,26.7,40],[16,472,15,13,2,0,3,0,12,-9,20,0,80]];
var addUp = [100,41.7,15,6.2,125,52.1,[63.3,495],[70,509],[66.7,495],[73.3,509],[66.7,478],[66.7,509],[13.3,507,4174],[0,472]];
var addUpHalf = [87,36.2,33,13.8,120,50,[56.7,4174,505],[70,472],[66.7,505],[66.7,514,496],[73.3,10241,4174,1282,479],[80,472],[26.7,509],[3.3,498,472]];
var lastUpdateTime = '2025-01-17 16:50:59';
