var arrLeague = [22,'挪威超级联赛','挪威超級聯賽','Norwegian Tippeligaen','2024','#666666','league_match/images/20200420075346.jpg','挪超','挪超','NOR D1'];
var arrTeam = [[472,'博德闪耀','波杜基林特','Bodo Glimt','','images/472/1gq6j9e9em1s.png',0],[478,'腓特烈斯塔','費德列斯達','Fredrikstad','','images/478/1gxmbn8q2v1f.png',0],[479,'奥德格伦兰','奧特格寧蘭','Odd Grenland','','images/479/1hw70bzw2q11.png',0],[495,'维京','維京','Viking','','images/495/1gv9q9y3qv1r.png',0],[496,'汉坎','咸卡姆','Ham-Kam','','images/496/1gxmbm1ncxw.png',0],[498,'布兰','白蘭恩','Brann','','images/498/1gxmbm1ncsv.png',0],[505,'莫尔德','莫迪','Molde','','images/505/1gxmbm1nc618.png',0],[507,'罗森博格','洛辛堡','Rosenborg','','images/507/1gxmbm1ncb32.png',0],[509,'利勒斯特罗姆','利尼史特朗','Lillestrom','','images/509/1gxmbm1nc124.png',0],[514,'特罗姆瑟','特羅素','Tromso IL','','images/514/1gxmbm1ncd32.png',0],[1282,'桑德菲杰','辛迪夫佐特','Sandefjord','','images/1282/1gqv25gza42a.png',0],[1285,'斯托姆加斯特','史卓加斯特','Stromsgodset','','images/1285/1gxmbm1ncn10.png',0],[2255,'萨普斯堡','薩普斯堡','Sarpsborg 08','','images/2255/1gxmbm1ncd2y.png',0],[2822,'海于格松','侯格辛特','Haugesund','','images/2822/1gxmbm1nc6q.png',0],[4174,'克里斯蒂安松','基斯迪辛特','Kristiansund BK','','images/4174/1gxmbp26a81v.png',0],[10241,'KFUM奥斯陆','KFUM奧斯陸','KFUM Oslo','','images/10241/1gxmbp25v5c.png',0]];
var TotalBs = [[1,509,30,17,2,11,56.7,6.7,36.7],[2,514,30,16,0,14,53.3,0,46.7],[3,2255,30,16,0,14,53.3,0,46.7],[4,472,30,15,0,15,50,0,50],[5,505,30,14,5,11,46.7,16.7,36.7],[6,507,30,14,5,11,46.7,16.7,36.7],[7,1282,30,14,2,14,46.7,6.7,46.7],[8,495,30,13,3,14,43.3,10,46.7],[9,479,30,12,3,15,40,10,50],[10,2822,30,12,2,16,40,6.7,53.3],[11,10241,30,12,1,17,40,3.3,56.7],[12,478,30,12,0,18,40,0,60],[13,498,30,11,4,15,36.7,13.3,50],[14,4174,30,11,3,16,36.7,10,53.3],[15,1285,30,10,0,20,33.3,0,66.7],[16,496,30,7,2,21,23.3,6.7,70]];
var HomeBs = [[1,472,15,10,0,5,66.7,0,33.3],[2,514,15,10,0,5,66.7,0,33.3],[3,509,15,9,1,5,60,6.7,33.3],[4,505,15,8,3,4,53.3,20,26.7],[5,479,15,8,1,6,53.3,6.7,40],[6,1282,15,8,1,6,53.3,6.7,40],[7,4174,15,7,2,6,46.7,13.3,40],[8,495,15,7,0,8,46.7,0,53.3],[9,478,15,6,0,9,40,0,60],[10,2255,15,6,0,9,40,0,60],[11,10241,15,5,1,9,33.3,6.7,60],[12,498,15,5,0,10,33.3,0,66.7],[13,507,15,4,5,6,26.7,33.3,40],[14,2822,15,4,1,10,26.7,6.7,66.7],[15,496,15,3,1,11,20,6.7,73.3],[16,1285,15,3,0,12,20,0,80]];
var GuestBs = [[1,507,15,10,0,5,66.7,0,33.3],[2,2255,15,10,0,5,66.7,0,33.3],[3,2822,15,8,1,6,53.3,6.7,40],[4,509,15,8,1,6,53.3,6.7,40],[5,1285,15,7,0,8,46.7,0,53.3],[6,10241,15,7,0,8,46.7,0,53.3],[7,498,15,6,4,5,40,26.7,33.3],[8,495,15,6,3,6,40,20,40],[9,505,15,6,2,7,40,13.3,46.7],[10,1282,15,6,1,8,40,6.7,53.3],[11,514,15,6,0,9,40,0,60],[12,478,15,6,0,9,40,0,60],[13,472,15,5,0,10,33.3,0,66.7],[14,479,15,4,2,9,26.7,13.3,60],[15,496,15,4,1,10,26.7,6.7,66.7],[16,4174,15,4,1,10,26.7,6.7,66.7]];
var TotalBsHalf = [[1,505,30,14,1,15,46.7,3.3,50],[2,472,30,14,0,16,46.7,0,53.3],[3,509,30,13,6,11,43.3,20,36.7],[4,507,30,13,2,15,43.3,6.7,50],[5,495,30,13,0,17,43.3,0,56.7],[6,479,30,12,3,15,40,10,50],[7,2255,30,12,3,15,40,10,50],[8,514,30,11,8,11,36.7,26.7,36.7],[9,1285,30,11,5,14,36.7,16.7,46.7],[10,4174,30,10,4,16,33.3,13.3,53.3],[11,1282,30,10,2,18,33.3,6.7,60],[12,2822,30,9,7,14,30,23.3,46.7],[13,496,30,9,6,15,30,20,50],[14,498,30,9,2,19,30,6.7,63.3],[15,10241,30,8,7,15,26.7,23.3,50],[16,478,30,8,6,16,26.7,20,53.3]];
var HomeBsHalf = [[1,472,15,10,0,5,66.7,0,33.3],[2,505,15,10,0,5,66.7,0,33.3],[3,4174,15,8,1,6,53.3,6.7,40],[4,514,15,7,4,4,46.7,26.7,26.7],[5,479,15,7,1,7,46.7,6.7,46.7],[6,495,15,7,0,8,46.7,0,53.3],[7,507,15,6,1,8,40,6.7,53.3],[8,2255,15,6,1,8,40,6.7,53.3],[9,509,15,5,5,5,33.3,33.3,33.3],[10,1285,15,5,3,7,33.3,20,46.7],[11,1282,15,5,1,9,33.3,6.7,60],[12,478,15,3,4,8,20,26.7,53.3],[13,496,15,3,3,9,20,20,60],[14,2822,15,2,3,10,13.3,20,66.7],[15,10241,15,2,3,10,13.3,20,66.7],[16,498,15,2,1,12,13.3,6.7,80]];
var GuestBsHalf = [[1,509,15,8,1,6,53.3,6.7,40],[2,2822,15,7,4,4,46.7,26.7,26.7],[3,498,15,7,1,7,46.7,6.7,46.7],[4,507,15,7,1,7,46.7,6.7,46.7],[5,10241,15,6,4,5,40,26.7,33.3],[6,496,15,6,3,6,40,20,40],[7,1285,15,6,2,7,40,13.3,46.7],[8,2255,15,6,2,7,40,13.3,46.7],[9,495,15,6,0,9,40,0,60],[10,478,15,5,2,8,33.3,13.3,53.3],[11,479,15,5,2,8,33.3,13.3,53.3],[12,1282,15,5,1,9,33.3,6.7,60],[13,514,15,4,4,7,26.7,26.7,46.7],[14,505,15,4,1,10,26.7,6.7,66.7],[15,472,15,4,0,11,26.7,0,73.3],[16,4174,15,2,3,10,13.3,20,66.7]];
var addUp = [206,42.9,32,6.7,242,50.4,[56.7,509],[70,496],[66.7,472,514],[80,1285],[66.7,507,2255],[66.7,472,496,4174]];
var addUpHalf = [176,36.7,62,12.9,242,50.4,[46.7,505,472],[63.3,498],[66.7,472,505],[80,498],[53.3,509],[73.3,472]];
var lastUpdateTime = '2025-01-17 16:51:08';
