var arrLeague = [9,'德国乙组联赛','德國乙組聯賽','German Bundesliga 2','2016-2017','#CA00CA','league_match/images/20181221085736.png','德乙','德乙','GER D2'];
var arrTeam = [[90,'比勒菲尔德','比勒費爾德','Arminia Bielefeld','','images/164870990786.png',0],[95,'波鸿','波琴','VfL Bochum','','images/164870992655.png',0],[136,'纽伦堡','紐倫堡','Nurnberg','','images/2013119145001.jpg',0],[149,'沃尔夫斯堡','沃爾夫斯堡','VfL Wolfsburg','','images/164871147946.png',0],[155,'斯图加特','史特加','VfB Stuttgart','','images/164871149852.png',0],[169,'汉诺威96','漢諾威','Hannover 96','','images/201312092606.jpg',0],[175,'凯泽斯劳滕','凱沙羅頓','Kaiserslautern','','images/201312095551.jpg',0],[403,'慕尼黑1860','慕尼黑1860','TSV 1860 Munchen','','images/201312095748.jpg',0],[425,'特雷斯登','特雷斯登','Dynamo Dresden','','images/2013120100028.jpg',0],[458,'菲尔特','格雷特霍夫','Greuther Furth','','images/16487115697.png',0],[461,'奥厄','奧厄','Erzgebirge Aue','','images/20180921190117.jpg',0],[487,'卡尔斯鲁厄','卡斯魯厄','Karlsruher SC','','images/2013120111953.jpg',0],[1079,'雷根斯堡','雷根斯堡','Jahn Regensburg','','images/2013119132308.jpg',0],[1085,'圣保利','聖保利','St. Pauli','','images/20180921185751.jpg',0],[1087,'柏林联合','柏林聯','Union Berlin','','images/164871161365.png',0],[1116,'布伦瑞克','布倫斯維克','Eintracht Braunschweig','','images/2013120103227.jpg',0],[1344,'杜塞尔多夫','杜斯多夫','Fortuna Dusseldorf','','images/201312093635.jpg',0],[4449,'桑德豪森','辛特侯遜','SV Sandhausen','','images/2013120104323.jpg',0],[6073,'维尔茨堡踢球者','禾斯貝加踢球者','Wurzburger Kickers','','images/20160925211401.jpg',0],[8371,'海登海姆','海登海默','Heidenheimer','','images/2013120120906.jpg',0]];
var TotalBs = [[1,90,34,20,0,14,58.8,0,41.2],[2,155,34,20,0,14,58.8,0,41.2],[3,425,34,19,1,14,55.9,2.9,41.2],[4,1087,34,18,0,16,52.9,0,47.1],[5,8371,34,17,2,15,50,5.9,44.1],[6,136,34,17,0,17,50,0,50],[7,403,36,17,0,19,47.2,0,52.8],[8,487,34,16,1,17,47.1,2.9,50],[9,461,34,16,0,18,47.1,0,52.9],[10,95,34,16,0,18,47.1,0,52.9],[11,1344,34,15,1,18,44.1,2.9,52.9],[12,4449,34,15,0,19,44.1,0,55.9],[13,169,34,14,0,20,41.2,0,58.8],[14,1116,36,14,0,22,38.9,0,61.1],[15,1085,34,13,0,21,38.2,0,61.8],[16,458,34,12,1,21,35.3,2.9,61.8],[17,6073,34,11,3,20,32.4,8.8,58.8],[18,175,34,10,3,21,29.4,8.8,61.8],[19,149,2,0,0,2,0,0,100],[20,1079,2,0,0,2,0,0,100]];
var HomeBs = [[1,155,17,12,0,5,70.6,0,29.4],[2,1116,18,11,0,7,61.1,0,38.9],[3,90,17,10,0,7,58.8,0,41.2],[4,425,17,10,0,7,58.8,0,41.2],[5,136,17,10,0,7,58.8,0,41.2],[6,487,17,9,1,7,52.9,5.9,41.2],[7,8371,17,9,0,8,52.9,0,47.1],[8,461,17,9,0,8,52.9,0,47.1],[9,1344,17,8,1,8,47.1,5.9,47.1],[10,95,17,8,0,9,47.1,0,52.9],[11,403,18,8,0,10,44.4,0,55.6],[12,1087,17,7,0,10,41.2,0,58.8],[13,458,17,6,0,11,35.3,0,64.7],[14,4449,17,6,0,11,35.3,0,64.7],[15,1085,17,6,0,11,35.3,0,64.7],[16,175,17,5,2,10,29.4,11.8,58.8],[17,169,17,5,0,12,29.4,0,70.6],[18,6073,17,1,2,14,5.9,11.8,82.4],[19,149,1,0,0,1,0,0,100],[20,1079,1,0,0,1,0,0,100]];
var GuestBs = [[1,1087,17,11,0,6,64.7,0,35.3],[2,6073,17,10,1,6,58.8,5.9,35.3],[3,90,17,10,0,7,58.8,0,41.2],[4,425,17,9,1,7,52.9,5.9,41.2],[5,169,17,9,0,8,52.9,0,47.1],[6,4449,17,9,0,8,52.9,0,47.1],[7,403,18,9,0,9,50,0,50],[8,8371,17,8,2,7,47.1,11.8,41.2],[9,155,17,8,0,9,47.1,0,52.9],[10,95,17,8,0,9,47.1,0,52.9],[11,136,17,7,0,10,41.2,0,58.8],[12,1344,17,7,0,10,41.2,0,58.8],[13,1085,17,7,0,10,41.2,0,58.8],[14,461,17,7,0,10,41.2,0,58.8],[15,487,17,7,0,10,41.2,0,58.8],[16,458,17,6,1,10,35.3,5.9,58.8],[17,175,17,5,1,11,29.4,5.9,64.7],[18,1116,18,3,0,15,16.7,0,83.3],[19,149,1,0,0,1,0,0,100],[20,1079,1,0,0,1,0,0,100]];
var TotalBsHalf = [[1,461,33,18,5,10,54.5,15.2,30.3],[2,403,36,17,7,12,47.2,19.4,33.3],[3,90,33,14,8,11,42.4,24.2,33.3],[4,1344,34,14,9,11,41.2,26.5,32.4],[5,487,33,14,6,13,42.4,18.2,39.4],[6,8371,34,14,5,15,41.2,14.7,44.1],[7,155,34,13,11,10,38.2,32.4,29.4],[8,4449,34,13,8,13,38.2,23.5,38.2],[9,6073,33,13,6,14,39.4,18.2,42.4],[10,136,33,11,13,9,33.3,39.4,27.3],[11,1116,36,11,13,12,30.6,36.1,33.3],[12,425,34,10,14,10,29.4,41.2,29.4],[13,169,33,10,10,13,30.3,30.3,39.4],[14,95,34,10,10,14,29.4,29.4,41.2],[15,1085,33,9,11,13,27.3,33.3,39.4],[16,1087,33,8,12,13,24.2,36.4,39.4],[17,458,34,8,13,13,23.5,38.2,38.2],[18,175,34,8,6,20,23.5,17.6,58.8],[19,1079,1,1,0,0,100,0,0],[20,149,1,0,1,0,0,100,0]];
var HomeBsHalf = [[1,461,17,12,1,4,70.6,5.9,23.5],[2,403,18,10,2,6,55.6,11.1,33.3],[3,8371,17,9,3,5,52.9,17.6,29.4],[4,6073,17,9,0,8,52.9,0,47.1],[5,4449,17,8,2,7,47.1,11.8,41.2],[6,1116,18,7,6,5,38.9,33.3,27.8],[7,155,17,7,4,6,41.2,23.5,35.3],[8,90,17,7,4,6,41.2,23.5,35.3],[9,487,17,7,3,7,41.2,17.6,41.2],[10,1344,17,6,5,6,35.3,29.4,35.3],[11,95,17,5,5,7,29.4,29.4,41.2],[12,136,17,4,9,4,23.5,52.9,23.5],[13,425,17,4,8,5,23.5,47.1,29.4],[14,1085,17,3,8,6,17.6,47.1,35.3],[15,169,17,3,7,7,17.6,41.2,41.2],[16,1087,17,3,7,7,17.6,41.2,41.2],[17,458,17,3,6,8,17.6,35.3,47.1],[18,175,17,2,4,11,11.8,23.5,64.7],[19,1079,1,1,0,0,100,0,0],[20,149,1,0,1,0,0,100,0]];
var GuestBsHalf = [[1,1344,17,8,4,5,47.1,23.5,29.4],[2,90,16,7,4,5,43.8,25,31.2],[3,136,16,7,4,5,43.8,25,31.2],[4,487,16,7,3,6,43.8,18.8,37.5],[5,169,16,7,3,6,43.8,18.8,37.5],[6,403,18,7,5,6,38.9,27.8,33.3],[7,155,17,6,7,4,35.3,41.2,23.5],[8,425,17,6,6,5,35.3,35.3,29.4],[9,461,16,6,4,6,37.5,25,37.5],[10,1085,16,6,3,7,37.5,18.8,43.8],[11,175,17,6,2,9,35.3,11.8,52.9],[12,458,17,5,7,5,29.4,41.2,29.4],[13,4449,17,5,6,6,29.4,35.3,35.3],[14,1087,16,5,5,6,31.2,31.2,37.5],[15,95,17,5,5,7,29.4,29.4,41.2],[16,8371,17,5,2,10,29.4,11.8,58.8],[17,6073,16,4,6,6,25,37.5,37.5],[18,1116,18,4,7,7,22.2,38.9,38.9],[19,149,0,0,0,0,0,0,0],[20,1079,0,0,0,0,0,0,0]];
var addUp = [280,45.2,12,1.9,328,52.9,[58.8,90,155],[100,149,1079],[70.6,155],[100,149,1079],[64.7,1087],[100,149,1079]];
var addUpHalf = [216,35.4,168,27.5,226,37,[100,1079],[58.8,175],[100,1079],[64.7,175],[47.1,1344],[58.8,8371]];
var lastUpdateTime = '2025-01-19 14:53:14';
