var arrLeague = [31,'西班牙甲组联赛','西班牙甲組聯賽','Spanish La Liga','2016-2017','#006633','league_match/images/1h56j6h3ep1.png','西甲','西甲','SPA D1'];
var arrTeam = [[82,'皇家马德里','皇家馬德里','Real Madrid','','images/164871252161.png',0],[84,'巴塞罗那','巴塞隆拿','FC Barcelona','','images/164871253294.png',0],[86,'塞维利亚','西維爾','Sevilla','','images/164871255158.png',0],[91,'巴伦西亚','華倫西亞','Valencia','','images/164871269140.png',0],[92,'毕尔巴鄂竞技','畢爾包','Athletic Bilbao','','images/164871258463.png',0],[93,'拉科鲁尼亚','拉科魯尼亞','Deportivo La Coruna','','images/93/1gzsyrzfkg7.png',0],[94,'奥萨苏纳','奧沙辛拿','Osasuna','','images/164871260392.png',0],[96,'皇家贝蒂斯','貝迪斯','Real Betis','','images/164871261858.png',0],[100,'西班牙人','愛斯賓奴','RCD Espanyol','','images/164871556292.png',0],[102,'马拉加','馬拉加','Malaga','','images/102/1h8qpskkvvk.png',0],[106,'皇家社会','皇家蘇斯達','Real Sociedad','','images/164871271877.png',0],[107,'比利亚雷亚尔','維拉利爾','Villarreal','','images/164871273527.png',0],[109,'马德里竞技','馬德里體育會','Atletico Madrid','','images/164871274624.png',0],[113,'希洪竞技','希杭','Sporting Gijon','','images/113/1j3h5t3det14.png',0],[114,'塞尔塔','切爾達','Celta Vigo','','images/164871275971.png',0],[121,'格拉纳达','格蘭納達','Granada CF','','images/164871277443.png',0],[131,'埃瓦尔','伊巴','Eibar','','images/131/1hkgswegce1q.png',0],[137,'阿拉维斯','艾拉維斯','Alaves','','images/164871280016.png',0],[991,'拉斯帕尔马斯','拉斯彭馬斯','Las Palmas','','images/991/1h71m9g00a1e.png',0],[992,'莱加内斯','雷加利斯','Leganes','','images/992/1h5bja70zq1p.png',0]];
var TotalBs = [[1,91,38,24,0,14,63.2,0,36.8],[2,114,38,24,0,14,63.2,0,36.8],[3,94,38,23,2,13,60.5,5.3,34.2],[4,113,38,23,0,15,60.5,0,39.5],[5,991,38,21,2,15,55.3,5.3,39.5],[6,84,38,21,0,17,55.3,0,44.7],[7,121,38,20,2,16,52.6,5.3,42.1],[8,92,38,19,1,18,50,2.6,47.4],[9,82,38,19,1,18,50,2.6,47.4],[10,131,38,19,0,19,50,0,50],[11,106,38,18,1,19,47.4,2.6,50],[12,86,38,18,1,19,47.4,2.6,50],[13,93,38,17,1,20,44.7,2.6,52.6],[14,102,38,17,1,20,44.7,2.6,52.6],[15,96,38,17,0,21,44.7,0,55.3],[16,100,38,17,0,21,44.7,0,55.3],[17,107,38,16,1,21,42.1,2.6,55.3],[18,109,38,15,1,22,39.5,2.6,57.9],[19,992,38,14,0,24,36.8,0,63.2],[20,137,38,14,0,24,36.8,0,63.2]];
var HomeBs = [[1,114,19,14,0,5,73.7,0,26.3],[2,113,19,13,0,6,68.4,0,31.6],[3,94,19,12,1,6,63.2,5.3,31.6],[4,91,19,12,0,7,63.2,0,36.8],[5,92,19,11,1,7,57.9,5.3,36.8],[6,84,19,11,0,8,57.9,0,42.1],[7,102,19,10,1,8,52.6,5.3,42.1],[8,121,19,10,0,9,52.6,0,47.4],[9,107,19,10,0,9,52.6,0,47.4],[10,100,19,10,0,9,52.6,0,47.4],[11,106,19,9,1,9,47.4,5.3,47.4],[12,109,19,9,1,9,47.4,5.3,47.4],[13,131,19,9,0,10,47.4,0,52.6],[14,991,19,9,0,10,47.4,0,52.6],[15,93,19,7,1,11,36.8,5.3,57.9],[16,137,19,7,0,12,36.8,0,63.2],[17,992,19,7,0,12,36.8,0,63.2],[18,86,19,6,1,12,31.6,5.3,63.2],[19,96,19,6,0,13,31.6,0,68.4],[20,82,19,6,0,13,31.6,0,68.4]];
var GuestBs = [[1,82,19,13,1,5,68.4,5.3,26.3],[2,991,19,12,2,5,63.2,10.5,26.3],[3,91,19,12,0,7,63.2,0,36.8],[4,86,19,12,0,7,63.2,0,36.8],[5,94,19,11,1,7,57.9,5.3,36.8],[6,96,19,11,0,8,57.9,0,42.1],[7,121,19,10,2,7,52.6,10.5,36.8],[8,93,19,10,0,9,52.6,0,47.4],[9,131,19,10,0,9,52.6,0,47.4],[10,84,19,10,0,9,52.6,0,47.4],[11,114,19,10,0,9,52.6,0,47.4],[12,113,19,10,0,9,52.6,0,47.4],[13,106,19,9,0,10,47.4,0,52.6],[14,92,19,8,0,11,42.1,0,57.9],[15,102,19,7,0,12,36.8,0,63.2],[16,992,19,7,0,12,36.8,0,63.2],[17,100,19,7,0,12,36.8,0,63.2],[18,137,19,7,0,12,36.8,0,63.2],[19,107,19,6,1,12,31.6,5.3,63.2],[20,109,19,6,0,13,31.6,0,68.4]];
var TotalBsHalf = [[1,94,37,21,8,8,56.8,21.6,21.6],[2,82,36,21,2,13,58.3,5.6,36.1],[3,91,38,21,4,13,55.3,10.5,34.2],[4,102,38,19,9,10,50,23.7,26.3],[5,991,37,16,11,10,43.2,29.7,27],[6,106,37,16,8,13,43.2,21.6,35.1],[7,93,38,16,7,15,42.1,18.4,39.5],[8,121,38,15,7,16,39.5,18.4,42.1],[9,113,38,15,7,16,39.5,18.4,42.1],[10,992,38,15,6,17,39.5,15.8,44.7],[11,84,38,15,3,20,39.5,7.9,52.6],[12,92,37,14,11,12,37.8,29.7,32.4],[13,131,37,14,9,14,37.8,24.3,37.8],[14,96,37,14,7,16,37.8,18.9,43.2],[15,114,38,13,9,16,34.2,23.7,42.1],[16,86,38,13,9,16,34.2,23.7,42.1],[17,107,37,13,8,16,35.1,21.6,43.2],[18,100,37,12,4,21,32.4,10.8,56.8],[19,137,37,11,6,20,29.7,16.2,54.1],[20,109,38,9,7,22,23.7,18.4,57.9]];
var HomeBsHalf = [[1,94,19,12,2,5,63.2,10.5,26.3],[2,102,19,11,4,4,57.9,21.1,21.1],[3,113,19,10,4,5,52.6,21.1,26.3],[4,91,19,10,2,7,52.6,10.5,36.8],[5,82,19,10,1,8,52.6,5.3,42.1],[6,84,19,9,2,8,47.4,10.5,42.1],[7,93,19,8,3,8,42.1,15.8,42.1],[8,96,19,8,3,8,42.1,15.8,42.1],[9,992,19,8,2,9,42.1,10.5,47.4],[10,107,19,7,6,6,36.8,31.6,31.6],[11,106,19,7,5,7,36.8,26.3,36.8],[12,131,19,7,4,8,36.8,21.1,42.1],[13,991,19,6,8,5,31.6,42.1,26.3],[14,92,19,6,6,7,31.6,31.6,36.8],[15,114,19,6,5,8,31.6,26.3,42.1],[16,121,19,6,5,8,31.6,26.3,42.1],[17,137,19,6,3,10,31.6,15.8,52.6],[18,86,19,6,1,12,31.6,5.3,63.2],[19,100,19,6,1,12,31.6,5.3,63.2],[20,109,19,5,4,10,26.3,21.1,52.6]];
var GuestBsHalf = [[1,82,17,11,1,5,64.7,5.9,29.4],[2,91,19,11,2,6,57.9,10.5,31.6],[3,991,18,10,3,5,55.6,16.7,27.8],[4,94,18,9,6,3,50,33.3,16.7],[5,106,18,9,3,6,50,16.7,33.3],[6,121,19,9,2,8,47.4,10.5,42.1],[7,92,18,8,5,5,44.4,27.8,27.8],[8,102,19,8,5,6,42.1,26.3,31.6],[9,93,19,8,4,7,42.1,21.1,36.8],[10,86,19,7,8,4,36.8,42.1,21.1],[11,131,18,7,5,6,38.9,27.8,33.3],[12,114,19,7,4,8,36.8,21.1,42.1],[13,992,19,7,4,8,36.8,21.1,42.1],[14,96,18,6,4,8,33.3,22.2,44.4],[15,100,18,6,3,9,33.3,16.7,50],[16,107,18,6,2,10,33.3,11.1,55.6],[17,84,19,6,1,12,31.6,5.3,63.2],[18,137,18,5,3,10,27.8,16.7,55.6],[19,113,19,5,3,11,26.3,15.8,57.9],[20,109,19,4,3,12,21.1,15.8,63.2]];
var addUp = [376,49.5,14,1.8,370,48.7,[63.2,91,114],[63.2,992,137],[73.7,114],[68.4,96,82],[68.4,82],[68.4,109]];
var addUpHalf = [303,40.5,142,19,304,40.6,[58.3,82],[57.9,109],[63.2,94],[63.2,86,100],[64.7,82],[63.2,84,109]];
var lastUpdateTime = '2025-01-19 14:53:15';
