var arrLeague = [34,'意大利甲组联赛','意大利甲組聯賽','Italian Serie A','2021-2022','#0088FF','league_match/images/166674813339.png','意甲','意甲','ITA D1'];
var arrTeam = [[150,'AC米兰','AC米蘭','AC Milan','','images/164868995643.png',0],[152,'国际米兰','國際米蘭','Inter Milan','','images/152/1jgj8z3paw1g.png',0],[154,'亚特兰大','阿特蘭大','Atalanta','','images/164868998143.png',0],[166,'尤文图斯','祖雲達斯','Juventus','','images/166/1grmmxq1wa2k.png',0],[174,'罗马','羅馬','AS Roma','','images/164869002671.png',0],[176,'佛罗伦萨','費倫天拿','Fiorentina','','images/176/1hxqrpz41w1v.png',0],[179,'桑普多利亚','森多利亞','Sampdoria','','images/164869048578.png',0],[182,'拉齐奥','拉素','Lazio','','images/164869050583.png',0],[183,'卡利亚里','卡利亞里','Cagliari','','images/164869052873.png',0],[185,'博洛尼亚','博洛尼亞','Bologna','','images/16486905420.png',0],[187,'乌迪内斯','烏甸尼斯','Udinese','','images/164869056546.png',0],[523,'恩波利','恩波里','Empoli','','images/164869059384.png',0],[552,'热那亚','熱拿亞','Genoa','','images/164869068648.png',0],[557,'威尼斯','威尼斯','Venezia','','images/557/1j31wm5bwq1c.png',0],[558,'都灵','拖連奴','Torino','','images/164869071877.png',0],[559,'维罗纳','維羅納','Verona','','images/164869073462.png',0],[562,'萨勒尼塔纳','沙蘭力坦拿','Salernitana','','images/164869074763.png',0],[1390,'斯佩齐亚','史柏斯亞','Spezia','','images/1jg2yhbkxb1x.png',0],[1419,'那不勒斯','拿玻里','Napoli','','images/1419/1j9ah1053g16.png',0],[2960,'萨索洛','莎索羅','Sassuolo','','images/164869078921.png',0]];
var TotalBs = [[1,182,38,25,4,9,65.8,10.5,23.7],[2,559,38,24,1,13,63.2,2.6,34.2],[3,2960,38,21,5,12,55.3,13.2,31.6],[4,176,38,21,1,16,55.3,2.6,42.1],[5,187,38,21,0,17,55.3,0,44.7],[6,562,38,20,2,16,52.6,5.3,42.1],[7,179,38,20,2,16,52.6,5.3,42.1],[8,523,38,19,1,18,50,2.6,47.4],[9,1390,38,18,5,15,47.4,13.2,39.5],[10,1419,38,17,2,19,44.7,5.3,50],[11,183,38,17,2,19,44.7,5.3,50],[12,154,38,17,2,19,44.7,5.3,50],[13,557,38,17,1,20,44.7,2.6,52.6],[14,152,38,16,5,17,42.1,13.2,44.7],[15,185,38,16,2,20,42.1,5.3,52.6],[16,174,38,15,3,20,39.5,7.9,52.6],[17,552,38,15,1,22,39.5,2.6,57.9],[18,558,38,15,0,23,39.5,0,60.5],[19,150,38,14,3,21,36.8,7.9,55.3],[20,166,38,12,2,24,31.6,5.3,63.2]];
var HomeBs = [[1,523,19,14,0,5,73.7,0,26.3],[2,559,19,13,1,5,68.4,5.3,26.3],[3,179,19,12,2,5,63.2,10.5,26.3],[4,182,19,11,2,6,57.9,10.5,31.6],[5,176,19,11,1,7,57.9,5.3,36.8],[6,562,19,11,0,8,57.9,0,42.1],[7,558,19,11,0,8,57.9,0,42.1],[8,187,19,10,0,9,52.6,0,47.4],[9,557,19,10,0,9,52.6,0,47.4],[10,2960,19,9,3,7,47.4,15.8,36.8],[11,183,19,9,2,8,47.4,10.5,42.1],[12,154,19,9,0,10,47.4,0,52.6],[13,152,19,8,2,9,42.1,10.5,47.4],[14,1390,19,8,2,9,42.1,10.5,47.4],[15,185,19,8,1,10,42.1,5.3,52.6],[16,1419,19,8,0,11,42.1,0,57.9],[17,552,19,7,1,11,36.8,5.3,57.9],[18,174,19,5,2,12,26.3,10.5,63.2],[19,150,19,4,1,14,21.1,5.3,73.7],[20,166,19,2,2,15,10.5,10.5,78.9]];
var GuestBs = [[1,182,19,14,2,3,73.7,10.5,15.8],[2,2960,19,12,2,5,63.2,10.5,26.3],[3,559,19,11,0,8,57.9,0,42.1],[4,187,19,11,0,8,57.9,0,42.1],[5,1390,19,10,3,6,52.6,15.8,31.6],[6,150,19,10,2,7,52.6,10.5,36.8],[7,174,19,10,1,8,52.6,5.3,42.1],[8,176,19,10,0,9,52.6,0,47.4],[9,166,19,10,0,9,52.6,0,47.4],[10,562,19,9,2,8,47.4,10.5,42.1],[11,1419,19,9,2,8,47.4,10.5,42.1],[12,152,19,8,3,8,42.1,15.8,42.1],[13,154,19,8,2,9,42.1,10.5,47.4],[14,185,19,8,1,10,42.1,5.3,52.6],[15,183,19,8,0,11,42.1,0,57.9],[16,179,19,8,0,11,42.1,0,57.9],[17,552,19,8,0,11,42.1,0,57.9],[18,557,19,7,1,11,36.8,5.3,57.9],[19,523,19,5,1,13,26.3,5.3,68.4],[20,558,19,4,0,15,21.1,0,78.9]];
var TotalBsHalf = [[1,182,38,21,3,14,55.3,7.9,36.8],[2,179,38,18,11,9,47.4,28.9,23.7],[3,2960,38,18,2,18,47.4,5.3,47.4],[4,559,38,17,13,8,44.7,34.2,21.1],[5,152,38,17,4,17,44.7,10.5,44.7],[6,154,38,17,1,20,44.7,2.6,52.6],[7,187,38,16,12,10,42.1,31.6,26.3],[8,562,38,16,7,15,42.1,18.4,39.5],[9,150,38,14,9,15,36.8,23.7,39.5],[10,185,38,13,4,21,34.2,10.5,55.3],[11,1419,38,12,10,16,31.6,26.3,42.1],[12,523,38,12,8,18,31.6,21.1,47.4],[13,176,38,12,8,18,31.6,21.1,47.4],[14,174,38,12,5,21,31.6,13.2,55.3],[15,1390,38,12,5,21,31.6,13.2,55.3],[16,557,38,11,14,13,28.9,36.8,34.2],[17,166,38,11,12,15,28.9,31.6,39.5],[18,183,38,9,8,21,23.7,21.1,55.3],[19,558,38,8,16,14,21.1,42.1,36.8],[20,552,38,8,8,22,21.1,21.1,57.9]];
var HomeBsHalf = [[1,179,19,12,6,1,63.2,31.6,5.3],[2,152,19,11,1,7,57.9,5.3,36.8],[3,187,19,9,6,4,47.4,31.6,21.1],[4,562,19,9,4,6,47.4,21.1,31.6],[5,176,19,9,3,7,47.4,15.8,36.8],[6,154,19,9,0,10,47.4,0,52.6],[7,557,19,7,8,4,36.8,42.1,21.1],[8,559,19,7,7,5,36.8,36.8,26.3],[9,523,19,7,5,7,36.8,26.3,36.8],[10,2960,19,7,0,12,36.8,0,63.2],[11,558,19,6,8,5,31.6,42.1,26.3],[12,1419,19,6,5,8,31.6,26.3,42.1],[13,150,19,6,4,9,31.6,21.1,47.4],[14,182,19,6,3,10,31.6,15.8,52.6],[15,185,19,6,2,11,31.6,10.5,57.9],[16,183,19,5,6,8,26.3,31.6,42.1],[17,552,19,4,4,11,21.1,21.1,57.9],[18,1390,19,4,1,14,21.1,5.3,73.7],[19,174,19,4,1,14,21.1,5.3,73.7],[20,166,19,3,6,10,15.8,31.6,52.6]];
var GuestBsHalf = [[1,182,19,15,0,4,78.9,0,21.1],[2,2960,19,11,2,6,57.9,10.5,31.6],[3,559,19,10,6,3,52.6,31.6,15.8],[4,166,19,8,6,5,42.1,31.6,26.3],[5,150,19,8,5,6,42.1,26.3,31.6],[6,1390,19,8,4,7,42.1,21.1,36.8],[7,174,19,8,4,7,42.1,21.1,36.8],[8,154,19,8,1,10,42.1,5.3,52.6],[9,187,19,7,6,6,36.8,31.6,31.6],[10,562,19,7,3,9,36.8,15.8,47.4],[11,185,19,7,2,10,36.8,10.5,52.6],[12,1419,19,6,5,8,31.6,26.3,42.1],[13,179,19,6,5,8,31.6,26.3,42.1],[14,152,19,6,3,10,31.6,15.8,52.6],[15,523,19,5,3,11,26.3,15.8,57.9],[16,557,19,4,6,9,21.1,31.6,47.4],[17,552,19,4,4,11,21.1,21.1,57.9],[18,183,19,4,2,13,21.1,10.5,68.4],[19,176,19,3,5,11,15.8,26.3,57.9],[20,558,19,2,8,9,10.5,42.1,47.4]];
var addUp = [360,47.4,44,5.8,356,46.8,[65.8,182],[63.2,166],[73.7,523],[78.9,166],[73.7,182],[78.9,558]];
var addUpHalf = [274,36.1,160,21.1,326,42.9,[55.3,182],[57.9,552],[63.2,179],[73.7,1390,174],[78.9,182],[68.4,183]];
var lastUpdateTime = '2025-01-18 15:35:59';
