var arrLeague = [8,'德国甲组联赛','德國甲組聯賽','German Bundesliga','2020-2021','#990099','league_match/images/166674997937.png','德甲','德甲','GER D1'];
var arrTeam = [[88,'拜仁慕尼黑','拜仁慕尼黑','Bayern Munchen','','images/1jarzw1r4wn.png',0],[90,'比勒菲尔德','比勒費爾德','Arminia Bielefeld','','images/164870990786.png',0],[99,'多特蒙德','多蒙特','Borussia Dortmund','','images/164870996363.png',0],[128,'门兴格拉德巴赫','慕遜加柏','Borussia Monchengladbach','','images/16487114506.png',0],[132,'云达不莱梅','雲達不萊梅','Werder Bremen','','images/2013119144220.jpg',0],[139,'柏林赫塔','哈化柏林','Hertha Berlin','','images/16487114635.png',0],[149,'沃尔夫斯堡','沃爾夫斯堡','VfL Wolfsburg','','images/164871147946.png',0],[151,'沙尔克04','史浩克零四','Schalke 04','','images/2013119145317.jpg',0],[155,'斯图加特','史特加','VfB Stuttgart','','images/164871149852.png',0],[162,'美因茨','緬恩斯','FSV Mainz 05','','images/164871151364.png',0],[165,'勒沃库森','利華古遜','Bayer Leverkusen','','images/164871152472.png',0],[172,'弗赖堡','費雷堡','SC Freiburg','','images/164871154089.png',0],[423,'法兰克福','法蘭克福','Eintracht Frankfurt','','images/164871155563.png',0],[490,'科隆','科隆','FC Koln','','images/164871158236.png',0],[1078,'霍芬海姆','賀芬咸','TSG Hoffenheim','','images/164871159920.png',0],[1087,'柏林联合','柏林聯','Union Berlin','','images/164871161365.png',0],[1135,'奥格斯堡','奧格斯堡','Augsburg','','images/164871162622.png',0],[13201,'RB莱比锡','RB萊比錫','RB Leipzig','','images/164871164178.png',0]];
var TotalBs = [[1,151,34,20,2,12,58.8,5.9,35.3],[2,88,34,20,1,13,58.8,2.9,38.2],[3,128,34,20,1,13,58.8,2.9,38.2],[4,423,34,18,2,14,52.9,5.9,41.2],[5,99,34,17,4,13,50,11.8,38.2],[6,172,34,17,4,13,50,11.8,38.2],[7,490,34,17,1,16,50,2.9,47.1],[8,155,34,16,3,15,47.1,8.8,44.1],[9,149,34,16,2,16,47.1,5.9,47.1],[10,1087,34,16,1,17,47.1,2.9,50],[11,1078,34,15,5,14,44.1,14.7,41.2],[12,139,34,15,2,17,44.1,5.9,50],[13,1135,34,14,2,18,41.2,5.9,52.9],[14,162,34,14,2,18,41.2,5.9,52.9],[15,165,34,13,5,16,38.2,14.7,47.1],[16,132,34,13,1,20,38.2,2.9,58.8],[17,13201,34,12,5,17,35.3,14.7,50],[18,90,34,11,1,22,32.4,2.9,64.7]];
var HomeBs = [[1,88,17,12,0,5,70.6,0,29.4],[2,490,17,10,0,7,58.8,0,41.2],[3,1078,17,9,3,5,52.9,17.6,29.4],[4,172,17,9,2,6,52.9,11.8,35.3],[5,139,17,9,2,6,52.9,11.8,35.3],[6,149,17,9,1,7,52.9,5.9,41.2],[7,151,17,9,1,7,52.9,5.9,41.2],[8,1087,17,9,1,7,52.9,5.9,41.2],[9,99,17,8,1,8,47.1,5.9,47.1],[10,1135,17,8,0,9,47.1,0,52.9],[11,165,17,7,4,6,41.2,23.5,35.3],[12,155,17,7,2,8,41.2,11.8,47.1],[13,128,17,7,1,9,41.2,5.9,52.9],[14,132,17,7,1,9,41.2,5.9,52.9],[15,423,17,6,1,10,35.3,5.9,58.8],[16,90,17,6,0,11,35.3,0,64.7],[17,13201,17,5,2,10,29.4,11.8,58.8],[18,162,17,5,0,12,29.4,0,70.6]];
var GuestBs = [[1,128,17,13,0,4,76.5,0,23.5],[2,423,17,12,1,4,70.6,5.9,23.5],[3,151,17,11,1,5,64.7,5.9,29.4],[4,99,17,9,3,5,52.9,17.6,29.4],[5,162,17,9,2,6,52.9,11.8,35.3],[6,155,17,9,1,7,52.9,5.9,41.2],[7,172,17,8,2,7,47.1,11.8,41.2],[8,88,17,8,1,8,47.1,5.9,47.1],[9,13201,17,7,3,7,41.2,17.6,41.2],[10,490,17,7,1,9,41.2,5.9,52.9],[11,149,17,7,1,9,41.2,5.9,52.9],[12,1087,17,7,0,10,41.2,0,58.8],[13,1135,17,6,2,9,35.3,11.8,52.9],[14,1078,17,6,2,9,35.3,11.8,52.9],[15,165,17,6,1,10,35.3,5.9,58.8],[16,132,17,6,0,11,35.3,0,64.7],[17,139,17,6,0,11,35.3,0,64.7],[18,90,17,5,1,11,29.4,5.9,64.7]];
var TotalBsHalf = [[1,88,34,25,0,9,73.5,0,26.5],[2,1078,34,19,1,14,55.9,2.9,41.2],[3,149,34,17,5,12,50,14.7,35.3],[4,490,34,16,3,15,47.1,8.8,44.1],[5,172,34,16,2,16,47.1,5.9,47.1],[6,128,34,15,0,19,44.1,0,55.9],[7,151,34,14,6,14,41.2,17.6,41.2],[8,162,34,14,5,15,41.2,14.7,44.1],[9,132,34,14,3,17,41.2,8.8,50],[10,155,34,14,1,19,41.2,2.9,55.9],[11,423,34,14,0,20,41.2,0,58.8],[12,99,34,12,0,22,35.3,0,64.7],[13,13201,34,12,0,22,35.3,0,64.7],[14,1087,34,11,7,16,32.4,20.6,47.1],[15,139,34,11,6,17,32.4,17.6,50],[16,165,34,10,4,20,29.4,11.8,58.8],[17,1135,34,9,6,19,26.5,17.6,55.9],[18,90,34,9,3,22,26.5,8.8,64.7]];
var HomeBsHalf = [[1,88,17,13,0,4,76.5,0,23.5],[2,172,17,10,2,5,58.8,11.8,29.4],[3,490,17,10,0,7,58.8,0,41.2],[4,1078,17,10,0,7,58.8,0,41.2],[5,1087,17,7,3,7,41.2,17.6,41.2],[6,132,17,7,3,7,41.2,17.6,41.2],[7,162,17,7,2,8,41.2,11.8,47.1],[8,13201,17,7,0,10,41.2,0,58.8],[9,139,17,6,3,8,35.3,17.6,47.1],[10,149,17,6,3,8,35.3,17.6,47.1],[11,151,17,6,3,8,35.3,17.6,47.1],[12,155,17,6,0,11,35.3,0,64.7],[13,99,17,6,0,11,35.3,0,64.7],[14,128,17,6,0,11,35.3,0,64.7],[15,423,17,6,0,11,35.3,0,64.7],[16,165,17,5,2,10,29.4,11.8,58.8],[17,1135,17,4,3,10,23.5,17.6,58.8],[18,90,17,4,2,11,23.5,11.8,64.7]];
var GuestBsHalf = [[1,88,17,12,0,5,70.6,0,29.4],[2,149,17,11,2,4,64.7,11.8,23.5],[3,1078,17,9,1,7,52.9,5.9,41.2],[4,128,17,9,0,8,52.9,0,47.1],[5,151,17,8,3,6,47.1,17.6,35.3],[6,155,17,8,1,8,47.1,5.9,47.1],[7,423,17,8,0,9,47.1,0,52.9],[8,162,17,7,3,7,41.2,17.6,41.2],[9,132,17,7,0,10,41.2,0,58.8],[10,490,17,6,3,8,35.3,17.6,47.1],[11,99,17,6,0,11,35.3,0,64.7],[12,172,17,6,0,11,35.3,0,64.7],[13,1135,17,5,3,9,29.4,17.6,52.9],[14,139,17,5,3,9,29.4,17.6,52.9],[15,165,17,5,2,10,29.4,11.8,58.8],[16,90,17,5,1,11,29.4,5.9,64.7],[17,13201,17,5,0,12,29.4,0,70.6],[18,1087,17,4,4,9,23.5,23.5,52.9]];
var addUp = [284,46.4,44,7.2,284,46.4,[58.8,151,88,128],[64.7,90],[70.6,88],[70.6,162],[76.5,128],[64.7,132,139,90]];
var addUpHalf = [252,41.2,52,8.5,308,50.3,[73.5,88],[64.7,99,13201,90],[76.5,88],[64.7,155,99,128,423,90],[70.6,88],[70.6,13201]];
var lastUpdateTime = '2025-01-18 16:50:08';
