var arrLeague = [12,'法国乙组联赛','法國乙組聯賽','France Ligue 2','2023-2024','#B1A7A7','league_match/images/1j5w0bknv81g.png','法乙','法乙','FRA D2'];
var arrTeam = [[194,'阿雅克肖','阿些斯奧','Ajaccio','','images/194/1h71ky6nm62v.png',0],[208,'波尔多','波爾多','Bordeaux','','images/164871171447.png',0],[214,'梅斯','梅斯','Metz','','images/214/1h51a55zp72q.png',0],[215,'欧塞尔','歐塞爾','AJ Auxerre','','images/215/1h71ky6nmw2f.png',0],[245,'巴斯蒂亚','巴斯蒂亞','Bastia','','images/245/1h71kxn4152z.png',0],[255,'圣埃蒂安','聖伊天','Saint Etienne','','images/16487117719.png',0],[257,'卡昂','卡昂','Caen','','images/257/1h71ky6nm3g.png',0],[304,'昂热','昂熱','Angers','','images/304/1h71kxn41qn.png',0],[330,'拉瓦勒','拉瓦勒','Stade Lavallois MFC','','images/330/1h71kxn4191q.png',0],[362,'甘冈','吉英坎','Guingamp','','images/362/1h71kxn4hte.png',0],[366,'特鲁瓦','特魯瓦','Troyes','','images/164871194730.png',0],[382,'亚眠','阿美恩斯','Amiens','','images/382/1h71kxn41t2.png',0],[393,'格勒诺布尔','格勒諾布爾','Grenoble','','images/393/1h71ky6nmac.png',0],[1740,'罗德兹','羅德茲','Rodez Aveyron','','images/1740/1h71kxn41hh.png',0],[1796,'巴黎足球会','巴黎FC','Paris FC','','images/1796/1h56c0xwvqd.png',0],[2102,'波城','波城','Pau FC','','images/2102/1gqbpjxvd41d.png',0],[2104,'瓦朗谢纳','華倫西恩斯','Valenciennes','','images/2104/1h71kxn4hy7.png',0],[5003,'USL敦刻尔克','USL敦克爾克','USL Dunkerque','','images/5003/1h71kxn41g14.png',0],[5012,'孔卡诺','干卡紐','Concarneau','','images/5012/1h71kxn3jx2v.png',0],[7165,'阿纳西','安納西','FC Annecy','','images/7165/1gqbpjxvd41.png',0],[15372,'克维伊','奎維利魯昂','Quevilly','','images/15372/1jcpr585p85.png',0]];
var TotalBs = [[1,2102,38,23,1,14,60.5,2.6,36.8],[2,7165,38,23,0,15,60.5,0,39.5],[3,1740,40,23,1,16,57.5,2.5,40],[4,15372,38,22,0,16,57.9,0,42.1],[5,1796,39,19,2,18,48.7,5.1,46.2],[6,366,38,19,0,19,50,0,50],[7,208,38,19,0,19,50,0,50],[8,215,38,19,0,19,50,0,50],[9,257,38,19,0,19,50,0,50],[10,362,38,18,0,20,47.4,0,52.6],[11,5012,38,18,0,20,47.4,0,52.6],[12,194,38,17,7,14,44.7,18.4,36.8],[13,330,38,17,7,14,44.7,18.4,36.8],[14,304,38,17,2,19,44.7,5.3,50],[15,245,38,17,1,20,44.7,2.6,52.6],[16,393,38,17,1,20,44.7,2.6,52.6],[17,5003,38,16,2,20,42.1,5.3,52.6],[18,2104,38,16,1,21,42.1,2.6,55.3],[19,255,41,16,1,24,39,2.4,58.5],[20,382,38,11,2,25,28.9,5.3,65.8],[21,214,2,2,0,0,100,0,0]];
var HomeBs = [[1,366,19,12,0,7,63.2,0,36.8],[2,1796,19,12,0,7,63.2,0,36.8],[3,1740,20,12,0,8,60,0,40],[4,2102,19,11,1,7,57.9,5.3,36.8],[5,5012,19,11,0,8,57.9,0,42.1],[6,7165,19,11,0,8,57.9,0,42.1],[7,330,19,10,2,7,52.6,10.5,36.8],[8,362,19,10,0,9,52.6,0,47.4],[9,15372,19,10,0,9,52.6,0,47.4],[10,304,19,9,1,9,47.4,5.3,47.4],[11,215,19,9,0,10,47.4,0,52.6],[12,245,19,9,0,10,47.4,0,52.6],[13,194,19,8,5,6,42.1,26.3,31.6],[14,5003,19,8,2,9,42.1,10.5,47.4],[15,393,19,8,1,10,42.1,5.3,52.6],[16,208,19,8,0,11,42.1,0,57.9],[17,255,21,8,0,13,38.1,0,61.9],[18,2104,19,6,1,12,31.6,5.3,63.2],[19,257,19,6,0,13,31.6,0,68.4],[20,382,19,5,1,13,26.3,5.3,68.4],[21,214,1,1,0,0,100,0,0]];
var GuestBs = [[1,257,19,13,0,6,68.4,0,31.6],[2,2102,19,12,0,7,63.2,0,36.8],[3,7165,19,12,0,7,63.2,0,36.8],[4,15372,19,12,0,7,63.2,0,36.8],[5,1740,20,11,1,8,55,5,40],[6,208,19,11,0,8,57.9,0,42.1],[7,215,19,10,0,9,52.6,0,47.4],[8,2104,19,10,0,9,52.6,0,47.4],[9,194,19,9,2,8,47.4,10.5,42.1],[10,393,19,9,0,10,47.4,0,52.6],[11,245,19,8,1,10,42.1,5.3,52.6],[12,304,19,8,1,10,42.1,5.3,52.6],[13,362,19,8,0,11,42.1,0,57.9],[14,255,20,8,1,11,40,5,55],[15,5003,19,8,0,11,42.1,0,57.9],[16,330,19,7,5,7,36.8,26.3,36.8],[17,1796,20,7,2,11,35,10,55],[18,5012,19,7,0,12,36.8,0,63.2],[19,366,19,7,0,12,36.8,0,63.2],[20,382,19,6,1,12,31.6,5.3,63.2],[21,214,1,1,0,0,100,0,0]];
var TotalBsHalf = [[1,194,38,25,1,12,65.8,2.6,31.6],[2,15372,38,22,4,12,57.9,10.5,31.6],[3,208,38,19,7,12,50,18.4,31.6],[4,304,38,18,10,10,47.4,26.3,26.3],[5,215,38,18,9,11,47.4,23.7,28.9],[6,1740,40,17,13,10,42.5,32.5,25],[7,2104,38,16,9,13,42.1,23.7,34.2],[8,7165,38,16,9,13,42.1,23.7,34.2],[9,362,38,16,7,15,42.1,18.4,39.5],[10,382,38,16,6,16,42.1,15.8,42.1],[11,330,38,16,5,17,42.1,13.2,44.7],[12,2102,38,15,15,8,39.5,39.5,21.1],[13,245,38,15,12,11,39.5,31.6,28.9],[14,393,38,15,10,13,39.5,26.3,34.2],[15,5012,38,14,7,17,36.8,18.4,44.7],[16,255,41,13,10,18,31.7,24.4,43.9],[17,1796,39,12,14,13,30.8,35.9,33.3],[18,5003,38,11,12,15,28.9,31.6,39.5],[19,257,38,10,18,10,26.3,47.4,26.3],[20,366,38,10,14,14,26.3,36.8,36.8],[21,214,2,2,0,0,100,0,0]];
var HomeBsHalf = [[1,194,19,12,1,6,63.2,5.3,31.6],[2,362,19,10,2,7,52.6,10.5,36.8],[3,2102,19,9,8,2,47.4,42.1,10.5],[4,304,19,9,7,3,47.4,36.8,15.8],[5,215,19,9,4,6,47.4,21.1,31.6],[6,2104,19,9,4,6,47.4,21.1,31.6],[7,15372,19,9,4,6,47.4,21.1,31.6],[8,393,19,9,3,7,47.4,15.8,36.8],[9,1740,20,8,6,6,40,30,30],[10,245,19,8,5,6,42.1,26.3,31.6],[11,208,19,8,4,7,42.1,21.1,36.8],[12,366,19,7,9,3,36.8,47.4,15.8],[13,1796,19,7,6,6,36.8,31.6,31.6],[14,7165,19,7,6,6,36.8,31.6,31.6],[15,5012,19,7,3,9,36.8,15.8,47.4],[16,330,19,7,3,9,36.8,15.8,47.4],[17,382,19,7,2,10,36.8,10.5,52.6],[18,5003,19,6,6,7,31.6,31.6,36.8],[19,255,21,6,4,11,28.6,19,52.4],[20,257,19,3,9,7,15.8,47.4,36.8],[21,214,1,1,0,0,100,0,0]];
var GuestBsHalf = [[1,194,19,13,0,6,68.4,0,31.6],[2,15372,19,13,0,6,68.4,0,31.6],[3,208,19,11,3,5,57.9,15.8,26.3],[4,1740,20,9,7,4,45,35,20],[5,215,19,9,5,5,47.4,26.3,26.3],[6,382,19,9,4,6,47.4,21.1,31.6],[7,304,19,9,3,7,47.4,15.8,36.8],[8,7165,19,9,3,7,47.4,15.8,36.8],[9,330,19,9,2,8,47.4,10.5,42.1],[10,257,19,7,9,3,36.8,47.4,15.8],[11,245,19,7,7,5,36.8,36.8,26.3],[12,255,20,7,6,7,35,30,35],[13,2104,19,7,5,7,36.8,26.3,36.8],[14,5012,19,7,4,8,36.8,21.1,42.1],[15,2102,19,6,7,6,31.6,36.8,31.6],[16,393,19,6,7,6,31.6,36.8,31.6],[17,362,19,6,5,8,31.6,26.3,42.1],[18,1796,20,5,8,7,25,40,35],[19,5003,19,5,6,8,26.3,31.6,42.1],[20,366,19,3,5,11,15.8,26.3,57.9],[21,214,1,1,0,0,100,0,0]];
var addUp = [368,47.9,28,3.6,372,48.4,[100,214],[65.8,382],[100,214],[68.4,257,382],[100,214],[63.2,5012,366,382]];
var addUpHalf = [316,41.1,192,25,260,33.9,[100,214],[44.7,330,5012],[100,214],[52.6,382],[100,214],[57.9,366]];
var lastUpdateTime = '2025-01-18 10:07:11';
