var arrLeague = [26,'瑞典超级联赛','瑞典超級聯賽','Swedish Allsvenskan','2021','#004488','league_match/images/20200420031221.jpg','瑞典超','瑞典超','SWE D1'];
var arrTeam = [[400,'索尔纳','AIK蘇納','AIK Solna','','images/400/1h8asp945qp.png',0],[408,'马尔默','馬模','Malmo FF','','images/408/1hptap45j3v.png',0],[410,'哈马比','哈馬比','Hammarby','','images/410/1h6wfe05rw26.png',0],[413,'哥德堡','哥登堡','IFK Goteborg','','images/413/1hg209brnt23.png',0],[417,'埃尔夫斯堡','艾夫斯堡','Elfsborg','','images/417/1h8wtxnzmc2g.png',0],[419,'奥雷布洛','奧雷布洛','Orebro','','images/419/1htbmr8n137.png',0],[421,'尤尔加登','佐加頓斯','Djurgardens','','images/421/1gv1yreqw82.png',0],[424,'哈尔姆斯塔德','咸史泰斯','Halmstads','','images/424/1grmna9rvh24.png',0],[426,'卡尔马','卡馬亞','Kalmar','','images/426/1h6wfe05rcg.png',0],[1518,'赫根','赫根','Hacken','','images/1518/1h53w2zt69f.png',0],[2088,'迪格弗斯','迪加科斯','Degerfors IF','','images/2088/1h8fzpmyv32k.png',0],[2091,'米亚尔比','米贊比','Mjallby AIF','','images/2091/1h8fzp9swxp.png',0],[2156,'奥斯特桑斯','奧斯達辛斯','Ostersunds FK','','images/2156/1h8fzp9swx2r.png',0],[2165,'北雪平','諾高平','IFK Norrkoping FK','','images/2165/1ht6ehmpr52t.png',0],[2782,'天狼星','天狼星','IK Sirius FK','','images/2782/1h8wtxnzmj9.png',0],[4242,'瓦尔贝里','華保斯FC','Varbergs BoIS FC','','images/4242/1hrgc61tqk0.png',0]];
var TotalPanLu = [[1,400,30,20,4,6,19,1,10,9,63.3,3.3,33.3],[2,417,30,19,3,8,16,3,11,5,53.3,10,36.7],[3,4242,30,5,5,20,16,2,12,4,53.3,6.7,40],[4,426,30,9,7,14,15,4,11,4,50,13.3,36.7],[5,2091,30,7,5,18,15,3,12,3,50,10,40],[6,410,30,20,3,7,15,3,12,3,50,10,40],[7,421,30,25,3,2,15,2,13,2,50,6.7,43.3],[8,2782,30,7,4,19,15,2,13,2,50,6.7,43.3],[9,2165,30,18,5,7,14,1,15,-1,46.7,3.3,50],[10,408,30,30,0,0,13,1,16,-3,43.3,3.3,53.3],[11,2088,30,6,2,22,13,0,17,-4,43.3,0,56.7],[12,413,30,15,5,10,12,4,14,-2,40,13.3,46.7],[13,424,30,7,7,16,12,3,15,-3,40,10,50],[14,419,30,2,5,23,11,4,15,-4,36.7,13.3,50],[15,1518,30,17,5,8,11,3,16,-5,36.7,10,53.3],[16,2156,30,1,1,28,10,0,20,-10,33.3,0,66.7]];
var HomePanLu = [[1,400,15,13,1,1,14,0,1,13,93.3,0,6.7],[2,410,15,13,0,2,10,0,5,5,66.7,0,33.3],[3,421,15,14,0,1,8,1,6,2,53.3,6.7,40],[4,2165,15,13,1,1,8,1,6,2,53.3,6.7,40],[5,2782,15,6,2,7,8,1,6,2,53.3,6.7,40],[6,417,15,12,2,1,7,1,7,0,46.7,6.7,46.7],[7,2091,15,6,3,6,7,1,7,0,46.7,6.7,46.7],[8,2088,15,5,2,8,7,0,8,-1,46.7,0,53.3],[9,419,15,2,4,9,6,3,6,0,40,20,40],[10,4242,15,5,3,7,6,2,7,-1,40,13.3,46.7],[11,424,15,6,3,6,6,2,7,-1,40,13.3,46.7],[12,426,15,7,5,3,6,2,7,-1,40,13.3,46.7],[13,413,15,10,3,2,6,2,7,-1,40,13.3,46.7],[14,408,15,15,0,0,6,1,8,-2,40,6.7,53.3],[15,1518,15,11,2,2,6,1,8,-2,40,6.7,53.3],[16,2156,15,1,1,13,6,0,9,-3,40,0,60]];
var GuestPanLu = [[1,4242,15,0,2,13,10,0,5,5,66.7,0,33.3],[2,426,15,2,2,11,9,2,4,5,60,13.3,26.7],[3,417,15,7,1,7,9,2,4,5,60,13.3,26.7],[4,2091,15,1,2,12,8,2,5,3,53.3,13.3,33.3],[5,2782,15,1,2,12,7,1,7,0,46.7,6.7,46.7],[6,421,15,11,3,1,7,1,7,0,46.7,6.7,46.7],[7,408,15,15,0,0,7,0,8,-1,46.7,0,53.3],[8,413,15,5,2,8,6,2,7,-1,40,13.3,46.7],[9,424,15,1,4,10,6,1,8,-2,40,6.7,53.3],[10,2088,15,1,0,14,6,0,9,-3,40,0,60],[11,2165,15,5,4,6,6,0,9,-3,40,0,60],[12,410,15,7,3,5,5,3,7,-2,33.3,20,46.7],[13,1518,15,6,3,6,5,2,8,-3,33.3,13.3,53.3],[14,400,15,7,3,5,5,1,9,-4,33.3,6.7,60],[15,419,15,0,1,14,5,1,9,-4,33.3,6.7,60],[16,2156,15,0,0,15,4,0,11,-7,26.7,0,73.3]];
var TotalHalfPanLu = [[1,417,30,14,13,3,17,5,8,9,56.7,16.7,26.7],[2,4242,30,3,11,16,15,7,8,7,50,23.3,26.7],[3,2165,30,11,14,5,14,6,10,4,46.7,20,33.3],[4,2091,30,7,11,12,14,5,11,3,46.7,16.7,36.7],[5,2156,30,0,4,26,14,3,13,1,46.7,10,43.3],[6,408,30,27,3,0,14,2,14,0,46.7,6.7,46.7],[7,421,30,24,5,1,14,1,15,-1,46.7,3.3,50],[8,424,30,5,13,12,13,7,10,3,43.3,23.3,33.3],[9,2088,30,4,8,18,13,1,16,-3,43.3,3.3,53.3],[10,2782,30,2,13,15,12,5,13,-1,40,16.7,43.3],[11,400,30,16,11,3,11,7,12,-1,36.7,23.3,40],[12,419,30,1,6,23,11,3,16,-5,36.7,10,53.3],[13,426,30,9,11,10,10,7,13,-3,33.3,23.3,43.3],[14,413,30,9,13,8,10,6,14,-4,33.3,20,46.7],[15,1518,30,13,11,6,9,8,13,-4,30,26.7,43.3],[16,410,30,16,11,3,9,7,14,-5,30,23.3,46.7]];
var HomeHalfPanLu = [[1,417,15,10,5,0,10,1,4,6,66.7,6.7,26.7],[2,400,15,11,3,1,9,2,4,5,60,13.3,26.7],[3,424,15,5,7,3,8,2,5,3,53.3,13.3,33.3],[4,2156,15,0,4,11,8,2,5,3,53.3,13.3,33.3],[5,408,15,15,0,0,8,0,7,1,53.3,0,46.7],[6,2782,15,2,9,4,7,4,4,3,46.7,26.7,26.7],[7,421,15,14,1,0,7,0,8,-1,46.7,0,53.3],[8,4242,15,3,7,5,6,4,5,1,40,26.7,33.3],[9,2165,15,8,6,1,6,4,5,1,40,26.7,33.3],[10,2091,15,6,6,3,6,3,6,0,40,20,40],[11,2088,15,3,6,6,6,1,8,-2,40,6.7,53.3],[12,1518,15,9,4,2,5,4,6,-1,33.3,26.7,40],[13,413,15,7,7,1,5,3,7,-2,33.3,20,46.7],[14,410,15,11,3,1,5,2,8,-3,33.3,13.3,53.3],[15,419,15,1,5,9,4,3,8,-4,26.7,20,53.3],[16,426,15,7,6,2,3,5,7,-4,20,33.3,46.7]];
var GuestHalfPanLu = [[1,4242,15,0,4,11,9,3,3,6,60,20,20],[2,2165,15,3,8,4,8,2,5,3,53.3,13.3,33.3],[3,2091,15,1,5,9,8,2,5,3,53.3,13.3,33.3],[4,417,15,4,8,3,7,4,4,3,46.7,26.7,26.7],[5,426,15,2,5,8,7,2,6,1,46.7,13.3,40],[6,421,15,10,4,1,7,1,7,0,46.7,6.7,46.7],[7,419,15,0,1,14,7,0,8,-1,46.7,0,53.3],[8,2088,15,1,2,12,7,0,8,-1,46.7,0,53.3],[9,408,15,12,3,0,6,2,7,-1,40,13.3,46.7],[10,2156,15,0,0,15,6,1,8,-2,40,6.7,53.3],[11,424,15,0,6,9,5,5,5,0,33.3,33.3,33.3],[12,413,15,2,6,7,5,3,7,-2,33.3,20,46.7],[13,2782,15,0,4,11,5,1,9,-4,33.3,6.7,60],[14,410,15,5,8,2,4,5,6,-2,26.7,33.3,40],[15,1518,15,4,7,4,4,4,7,-3,26.7,26.7,46.7],[16,400,15,5,8,2,2,5,8,-6,13.3,33.3,53.3]];
var addUp = [117,48.8,18,7.5,105,43.8,[63.3,400],[66.7,2156],[93.3,400],[60,2156],[66.7,4242],[73.3,2156],[13.3,426,413,419],[0,2088,2156]];
var addUpHalf = [103,42.9,40,16.7,97,40.4,[56.7,417],[53.3,2088,419],[66.7,417],[53.3,421,2088,410,419],[60,4242],[60,2782],[26.7,1518],[3.3,421,2088]];
var lastUpdateTime = '2025-01-18 16:23:18';
