var arrLeague = [26,'瑞典超级联赛','瑞典超級聯賽','Swedish Allsvenskan','2021','#004488','league_match/images/20200420031221.jpg','瑞典超','瑞典超','SWE D1'];
var arrTeam = [[400,'索尔纳','AIK蘇納','AIK Solna','','images/400/1h8asp945qp.png',0],[408,'马尔默','馬模','Malmo FF','','images/408/1hptap45j3v.png',0],[410,'哈马比','哈馬比','Hammarby','','images/410/1h6wfe05rw26.png',0],[413,'哥德堡','哥登堡','IFK Goteborg','','images/413/1hg209brnt23.png',0],[417,'埃尔夫斯堡','艾夫斯堡','Elfsborg','','images/417/1h8wtxnzmc2g.png',0],[419,'奥雷布洛','奧雷布洛','Orebro','','images/419/1htbmr8n137.png',0],[421,'尤尔加登','佐加頓斯','Djurgardens','','images/421/1gv1yreqw82.png',0],[424,'哈尔姆斯塔德','咸史泰斯','Halmstads','','images/424/1grmna9rvh24.png',0],[426,'卡尔马','卡馬亞','Kalmar','','images/426/1h6wfe05rcg.png',0],[1518,'赫根','赫根','Hacken','','images/1518/1h53w2zt69f.png',0],[2088,'迪格弗斯','迪加科斯','Degerfors IF','','images/2088/1h8fzpmyv32k.png',0],[2091,'米亚尔比','米贊比','Mjallby AIF','','images/2091/1h8fzp9swxp.png',0],[2156,'奥斯特桑斯','奧斯達辛斯','Ostersunds FK','','images/2156/1h8fzp9swx2r.png',0],[2165,'北雪平','諾高平','IFK Norrkoping FK','','images/2165/1ht6ehmpr52t.png',0],[2782,'天狼星','天狼星','IK Sirius FK','','images/2782/1h8wtxnzmj9.png',0],[4242,'瓦尔贝里','華保斯FC','Varbergs BoIS FC','','images/4242/1hrgc61tqk0.png',0]];
var TotalBs = [[1,1518,30,17,1,12,56.7,3.3,40],[2,2782,30,17,1,12,56.7,3.3,40],[3,417,30,16,2,12,53.3,6.7,40],[4,2165,30,15,4,11,50,13.3,36.7],[5,4242,30,15,1,14,50,3.3,46.7],[6,2088,30,15,1,14,50,3.3,46.7],[7,2156,30,15,1,14,50,3.3,46.7],[8,410,30,15,1,14,50,3.3,46.7],[9,413,30,15,0,15,50,0,50],[10,419,30,14,3,13,46.7,10,43.3],[11,408,30,14,2,14,46.7,6.7,46.7],[12,426,30,14,1,15,46.7,3.3,50],[13,421,30,13,1,16,43.3,3.3,53.3],[14,400,30,10,0,20,33.3,0,66.7],[15,2091,30,10,0,20,33.3,0,66.7],[16,424,30,5,1,24,16.7,3.3,80]];
var HomeBs = [[1,1518,15,10,0,5,66.7,0,33.3],[2,2088,15,10,0,5,66.7,0,33.3],[3,421,15,9,1,5,60,6.7,33.3],[4,2165,15,9,1,5,60,6.7,33.3],[5,2156,15,9,0,6,60,0,40],[6,417,15,8,1,6,53.3,6.7,40],[7,410,15,8,1,6,53.3,6.7,40],[8,408,15,7,1,7,46.7,6.7,46.7],[9,413,15,7,0,8,46.7,0,53.3],[10,419,15,6,2,7,40,13.3,46.7],[11,2782,15,6,1,8,40,6.7,53.3],[12,426,15,6,1,8,40,6.7,53.3],[13,4242,15,5,1,9,33.3,6.7,60],[14,400,15,5,0,10,33.3,0,66.7],[15,2091,15,4,0,11,26.7,0,73.3],[16,424,15,1,0,14,6.7,0,93.3]];
var GuestBs = [[1,2782,15,11,0,4,73.3,0,26.7],[2,4242,15,10,0,5,66.7,0,33.3],[3,419,15,8,1,6,53.3,6.7,40],[4,417,15,8,1,6,53.3,6.7,40],[5,426,15,8,0,7,53.3,0,46.7],[6,413,15,8,0,7,53.3,0,46.7],[7,408,15,7,1,7,46.7,6.7,46.7],[8,1518,15,7,1,7,46.7,6.7,46.7],[9,410,15,7,0,8,46.7,0,53.3],[10,2165,15,6,3,6,40,20,40],[11,2156,15,6,1,8,40,6.7,53.3],[12,2091,15,6,0,9,40,0,60],[13,2088,15,5,1,9,33.3,6.7,60],[14,400,15,5,0,10,33.3,0,66.7],[15,424,15,4,1,10,26.7,6.7,66.7],[16,421,15,4,0,11,26.7,0,73.3]];
var TotalBsHalf = [[1,1518,30,14,5,11,46.7,16.7,36.7],[2,413,30,13,10,7,43.3,33.3,23.3],[3,2088,30,12,7,11,40,23.3,36.7],[4,2165,30,12,5,13,40,16.7,43.3],[5,410,30,12,4,14,40,13.3,46.7],[6,426,30,11,7,12,36.7,23.3,40],[7,2156,30,11,7,12,36.7,23.3,40],[8,4242,30,11,7,12,36.7,23.3,40],[9,408,30,11,6,13,36.7,20,43.3],[10,2782,30,10,10,10,33.3,33.3,33.3],[11,417,30,10,7,13,33.3,23.3,43.3],[12,400,30,9,11,10,30,36.7,33.3],[13,419,30,9,5,16,30,16.7,53.3],[14,421,30,8,10,12,26.7,33.3,40],[15,424,30,8,7,15,26.7,23.3,50],[16,2091,30,5,10,15,16.7,33.3,50]];
var HomeBsHalf = [[1,1518,15,9,2,4,60,13.3,26.7],[2,2165,15,7,2,6,46.7,13.3,40],[3,413,15,6,6,3,40,40,20],[4,2088,15,6,5,4,40,33.3,26.7],[5,2156,15,6,2,7,40,13.3,46.7],[6,408,15,6,2,7,40,13.3,46.7],[7,410,15,6,2,7,40,13.3,46.7],[8,2782,15,5,4,6,33.3,26.7,40],[9,417,15,5,4,6,33.3,26.7,40],[10,4242,15,5,4,6,33.3,26.7,40],[11,421,15,5,3,7,33.3,20,46.7],[12,426,15,5,2,8,33.3,13.3,53.3],[13,400,15,4,8,3,26.7,53.3,20],[14,424,15,4,4,7,26.7,26.7,46.7],[15,419,15,3,3,9,20,20,60],[16,2091,15,1,6,8,6.7,40,53.3]];
var GuestBsHalf = [[1,413,15,7,4,4,46.7,26.7,26.7],[2,426,15,6,5,4,40,33.3,26.7],[3,4242,15,6,3,6,40,20,40],[4,410,15,6,2,7,40,13.3,46.7],[5,419,15,6,2,7,40,13.3,46.7],[6,2088,15,6,2,7,40,13.3,46.7],[7,2782,15,5,6,4,33.3,40,26.7],[8,2156,15,5,5,5,33.3,33.3,33.3],[9,408,15,5,4,6,33.3,26.7,40],[10,400,15,5,3,7,33.3,20,46.7],[11,417,15,5,3,7,33.3,20,46.7],[12,1518,15,5,3,7,33.3,20,46.7],[13,2165,15,5,3,7,33.3,20,46.7],[14,2091,15,4,4,7,26.7,26.7,46.7],[15,424,15,4,3,8,26.7,20,53.3],[16,421,15,3,7,5,20,46.7,33.3]];
var addUp = [220,45.8,20,4.2,240,50,[56.7,1518,2782],[80,424],[66.7,1518,2088],[93.3,424],[73.3,2782],[73.3,421]];
var addUpHalf = [166,34.6,118,24.6,196,40.8,[46.7,1518],[53.3,419],[60,1518],[60,419],[46.7,413],[53.3,424]];
var lastUpdateTime = '2025-01-18 16:23:27';
