var arrLeague = [273,'澳洲甲组联赛','澳洲甲組聯賽','Australia A-League','2018-2019','#FF7000','league_match/images/167305577951.png','澳洲甲','澳洲甲','AUS D1'];
var arrTeam = [[2900,'阿德莱德联','阿德萊德聯','Adelaide United','','images/2900/1hd5avvjts1y.png',0],[2901,'墨尔本胜利','墨爾本勝利','Melbourne Victory','','images/2901/1jaekt97145.png',0],[2909,'悉尼FC','悉尼FC','Sydney FC','','images/2909/1gq92j83knp.png',0],[2910,'中央海岸水手','中岸水手','Central Coast Mariners','','images/2910/1hd5avvjt32h.png',0],[2913,'珀斯光荣','珀斯光輝','Perth Glory','','images/2913/1h5bja71yq6.png',0],[2914,'布里斯班狮吼','布里斯本獅吼','Brisbane Roar','','images/2914/1j63q4e1gy18.png',0],[2915,'纽卡斯尔喷气机','紐卡素噴射機','Newcastle Jets','','images/2915/1hdajpw3vks.png',0],[5953,'惠灵顿凤凰','威靈頓鳳凰','Wellington Phoenix','','images/5953/1h6z210pqs2n.png',0],[14549,'墨尔本城','墨爾本城','Melbourne City','','images/14549/1gq92j83kv7.png',0],[20394,'西悉尼流浪者','西悉尼流浪者','Western Sydney','','images/20130923112441.png',0]];
var TotalPanLu = [[1,2913,29,18,6,5,18,3,8,10,62.1,10.3,27.6],[2,5953,28,7,4,17,17,1,10,7,60.7,3.6,35.7],[3,2909,29,23,4,2,16,2,11,5,55.2,6.9,37.9],[4,2900,29,14,6,9,15,2,12,3,51.7,6.9,41.4],[5,14549,28,14,5,9,13,2,13,0,46.4,7.1,46.4],[6,2901,29,21,4,4,13,1,15,-2,44.8,3.4,51.7],[7,2915,27,10,6,11,11,3,13,-2,40.7,11.1,48.1],[8,20394,27,6,7,14,10,1,16,-6,37,3.7,59.3],[9,2910,27,0,1,26,9,4,14,-5,33.3,14.8,51.9],[10,2914,27,3,5,19,7,3,17,-10,25.9,11.1,63]];
var HomePanLu = [[1,2909,14,14,0,0,9,1,4,5,64.3,7.1,28.6],[2,5953,14,5,4,5,9,1,4,5,64.3,7.1,28.6],[3,2913,16,13,3,0,9,2,5,4,56.2,12.5,31.2],[4,14549,13,10,1,2,7,2,4,3,53.8,15.4,30.8],[5,2900,15,10,3,2,6,0,9,-3,40,0,60],[6,2901,15,15,0,0,6,0,9,-3,40,0,60],[7,2915,13,7,5,1,5,2,6,-1,38.5,15.4,46.2],[8,20394,14,5,4,5,5,0,9,-4,35.7,0,64.3],[9,2910,13,0,1,12,4,2,7,-3,30.8,15.4,53.8],[10,2914,13,2,3,8,3,1,9,-6,23.1,7.7,69.2]];
var GuestPanLu = [[1,2913,13,5,3,5,9,1,3,6,69.2,7.7,23.1],[2,2900,14,4,3,7,9,2,3,6,64.3,14.3,21.4],[3,5953,14,2,0,12,8,0,6,2,57.1,0,42.9],[4,2901,14,6,4,4,7,1,6,1,50,7.1,42.9],[5,2909,15,9,4,2,7,1,7,0,46.7,6.7,46.7],[6,2915,14,3,1,10,6,1,7,-1,42.9,7.1,50],[7,14549,15,4,4,7,6,0,9,-3,40,0,60],[8,20394,13,1,3,9,5,1,7,-2,38.5,7.7,53.8],[9,2910,14,0,0,14,5,2,7,-2,35.7,14.3,50],[10,2914,14,1,2,11,4,2,8,-4,28.6,14.3,57.1]];
var TotalHalfPanLu = [[1,5953,28,5,8,15,16,2,10,6,57.1,7.1,35.7],[2,2913,29,15,13,1,15,4,10,5,51.7,13.8,34.5],[3,2910,27,0,2,25,14,1,12,2,51.9,3.7,44.4],[4,2901,29,17,8,4,13,5,11,2,44.8,17.2,37.9],[5,2909,29,20,9,0,13,1,15,-2,44.8,3.4,51.7],[6,20394,27,4,11,12,12,0,15,-3,44.4,0,55.6],[7,2915,27,8,11,8,11,3,13,-2,40.7,11.1,48.1],[8,14549,28,9,15,4,11,6,11,0,39.3,21.4,39.3],[9,2900,29,11,13,5,11,6,12,-1,37.9,20.7,41.4],[10,2914,27,2,8,17,9,2,16,-7,33.3,7.4,59.3]];
var HomeHalfPanLu = [[1,5953,14,3,8,3,9,2,3,6,64.3,14.3,21.4],[2,2913,16,12,4,0,9,1,6,3,56.2,6.2,37.5],[3,14549,13,7,6,0,7,3,3,4,53.8,23.1,23.1],[4,2909,14,13,1,0,7,0,7,0,50,0,50],[5,2910,13,0,2,11,6,1,6,0,46.2,7.7,46.2],[6,2901,15,12,3,0,6,2,7,-1,40,13.3,46.7],[7,2915,13,6,6,1,5,2,6,-1,38.5,15.4,46.2],[8,2914,13,2,4,7,5,0,8,-3,38.5,0,61.5],[9,20394,14,3,7,4,5,0,9,-4,35.7,0,64.3],[10,2900,15,7,8,0,4,4,7,-3,26.7,26.7,46.7]];
var GuestHalfPanLu = [[1,2910,14,0,0,14,8,0,6,2,57.1,0,42.9],[2,20394,13,1,4,8,7,0,6,1,53.8,0,46.2],[3,2901,14,5,5,4,7,3,4,3,50,21.4,28.6],[4,2900,14,4,5,5,7,2,5,2,50,14.3,35.7],[5,5953,14,2,0,12,7,0,7,0,50,0,50],[6,2913,13,3,9,1,6,3,4,2,46.2,23.1,30.8],[7,2915,14,2,5,7,6,1,7,-1,42.9,7.1,50],[8,2909,15,7,8,0,6,1,8,-2,40,6.7,53.3],[9,2914,14,0,4,10,4,2,8,-4,28.6,14.3,57.1],[10,14549,15,2,9,4,4,3,8,-4,26.7,20,53.3]];
var addUp = [63,45,11,7.9,66,47.1,[62.1,2913],[63,2914],[64.3,2909,5953],[69.2,2914],[69.2,2913],[60,14549],[14.8,2910],[3.4,2901]];
var addUpHalf = [63,45,15,10.7,62,44.3,[57.1,5953],[59.3,2914],[64.3,5953],[64.3,20394],[57.1,2910],[57.1,2914],[21.4,14549],[0,20394]];
var lastUpdateTime = '2025-01-19 10:39:22';
