var arrLeague = [273,'澳洲甲组联赛','澳洲甲組聯賽','Australia A-League','2018-2019','#FF7000','league_match/images/167305577951.png','澳洲甲','澳洲甲','AUS D1'];
var arrTeam = [[2900,'阿德莱德联','阿德萊德聯','Adelaide United','','images/2900/1hd5avvjts1y.png',0],[2901,'墨尔本胜利','墨爾本勝利','Melbourne Victory','','images/2901/1jaekt97145.png',0],[2909,'悉尼FC','悉尼FC','Sydney FC','','images/2909/1gq92j83knp.png',0],[2910,'中央海岸水手','中岸水手','Central Coast Mariners','','images/2910/1hd5avvjt32h.png',0],[2913,'珀斯光荣','珀斯光輝','Perth Glory','','images/2913/1h5bja71yq6.png',0],[2914,'布里斯班狮吼','布里斯本獅吼','Brisbane Roar','','images/2914/1j63q4e1gy18.png',0],[2915,'纽卡斯尔喷气机','紐卡素噴射機','Newcastle Jets','','images/2915/1hdajpw3vks.png',0],[5953,'惠灵顿凤凰','威靈頓鳳凰','Wellington Phoenix','','images/5953/1h6z210pqs2n.png',0],[14549,'墨尔本城','墨爾本城','Melbourne City','','images/14549/1gq92j83kv7.png',0],[20394,'西悉尼流浪者','西悉尼流浪者','Western Sydney','','images/20130923112441.png',0]];
var TotalBs = [[1,2914,27,16,5,6,59.3,18.5,22.2],[2,20394,27,16,2,9,59.3,7.4,33.3],[3,2901,29,16,1,12,55.2,3.4,41.4],[4,2910,27,14,3,10,51.9,11.1,37],[5,5953,28,14,3,11,50,10.7,39.3],[6,2913,29,13,2,14,44.8,6.9,48.3],[7,2909,29,13,2,14,44.8,6.9,48.3],[8,2915,27,12,1,14,44.4,3.7,51.9],[9,14549,28,11,1,16,39.3,3.6,57.1],[10,2900,29,11,2,16,37.9,6.9,55.2]];
var HomeBs = [[1,2901,15,9,1,5,60,6.7,33.3],[2,2914,13,8,2,3,61.5,15.4,23.1],[3,2910,13,8,2,3,61.5,15.4,23.1],[4,2913,16,8,1,7,50,6.2,43.8],[5,14549,13,7,0,6,53.8,0,46.2],[6,5953,14,6,2,6,42.9,14.3,42.9],[7,20394,14,6,1,7,42.9,7.1,50],[8,2909,14,6,1,7,42.9,7.1,50],[9,2915,13,5,0,8,38.5,0,61.5],[10,2900,15,5,1,9,33.3,6.7,60]];
var GuestBs = [[1,20394,13,10,1,2,76.9,7.7,15.4],[2,2914,14,8,3,3,57.1,21.4,21.4],[3,5953,14,8,1,5,57.1,7.1,35.7],[4,2915,14,7,1,6,50,7.1,42.9],[5,2909,15,7,1,7,46.7,6.7,46.7],[6,2901,14,7,0,7,50,0,50],[7,2910,14,6,1,7,42.9,7.1,50],[8,2900,14,6,1,7,42.9,7.1,50],[9,2913,13,5,1,7,38.5,7.7,53.8],[10,14549,15,4,1,10,26.7,6.7,66.7]];
var TotalBsHalf = [[1,2914,27,15,4,8,55.6,14.8,29.6],[2,5953,28,14,5,9,50,17.9,32.1],[3,2910,27,13,2,12,48.1,7.4,44.4],[4,2901,29,12,4,13,41.4,13.8,44.8],[5,20394,27,11,6,10,40.7,22.2,37],[6,2913,29,11,7,11,37.9,24.1,37.9],[7,2909,29,8,13,8,27.6,44.8,27.6],[8,14549,28,8,10,10,28.6,35.7,35.7],[9,2900,29,7,11,11,24.1,37.9,37.9],[10,2915,27,5,10,12,18.5,37,44.4]];
var HomeBsHalf = [[1,2910,13,8,2,3,61.5,15.4,23.1],[2,2914,13,7,1,5,53.8,7.7,38.5],[3,5953,14,6,3,5,42.9,21.4,35.7],[4,2901,15,6,4,5,40,26.7,33.3],[5,2909,14,5,6,3,35.7,42.9,21.4],[6,14549,13,5,3,5,38.5,23.1,38.5],[7,20394,14,5,3,6,35.7,21.4,42.9],[8,2913,16,5,3,8,31.2,18.8,50],[9,2900,15,4,5,6,26.7,33.3,40],[10,2915,13,1,6,6,7.7,46.2,46.2]];
var GuestBsHalf = [[1,2914,14,8,3,3,57.1,21.4,21.4],[2,5953,14,8,2,4,57.1,14.3,28.6],[3,2913,13,6,4,3,46.2,30.8,23.1],[4,20394,13,6,3,4,46.2,23.1,30.8],[5,2901,14,6,0,8,42.9,0,57.1],[6,2910,14,5,0,9,35.7,0,64.3],[7,2915,14,4,4,6,28.6,28.6,42.9],[8,14549,15,3,7,5,20,46.7,33.3],[9,2900,14,3,6,5,21.4,42.9,35.7],[10,2909,15,3,7,5,20,46.7,33.3]];
var addUp = [136,48.6,22,7.9,122,43.6,[59.3,2914,20394],[57.1,14549],[61.5,2914,2910],[61.5,2915],[76.9,20394],[66.7,14549]];
var addUpHalf = [104,37.1,72,25.7,104,37.1,[55.6,2914],[44.8,2901],[61.5,2910],[50,2913],[57.1,2914,5953],[64.3,2910]];
var lastUpdateTime = '2025-01-19 10:39:34';
