var arrLeague = [60,'中国超级联赛','中國超級聯賽','Chinese Super League','2026','#0066FF','league_match/images/166674992094.png','中超','中超','CHA CSL'];
var arrTeam = [[39,'上海申花','上海申花','Shanghai Shenhua','','images/39/1gy3vjsrhn1p.png',0],[40,'山东泰山','山東泰山','Shandong Taishan','','images/1kja2fh2n4b.png',0],[43,'北京国安','北京國安','Beijing Guoan','','images/1jr565tbs5z.png',0],[44,'青岛海牛','青島海牛','Qingdao Manatee','','images/44/1gy3vkgfwg2p.png',0],[89,'天津津门虎','天津津門虎','Tianjin Tigers','','images/89/1gy3vkgfwn2t.png',0],[541,'河南队','河南隊','Henan Football Club','','images/1kja29fa4f1x.png',0],[542,'浙江俱乐部绿城','浙江俱樂部綠城','Zhejiang Professional FC','','images/542/1h8qpaemwc10.png',0],[7642,'上海海港','上海海港','Shanghai Port','','images/7642/1h8n2nv7tw23.png',0],[22873,'大连英博','大連英博','Dalian Zhixing','','images/1jr56cj6pv19.png',0],[26511,'辽宁铁人','遼寧鐵人','Liaoning Tieren','','images/26511/1hrgchqnbje.png',0],[37340,'深圳新鹏城','深圳新鵬城','Shenzhen Xinpengcheng','','images/37340/1j0ytnk9yw25.png',0],[40347,'成都蓉城','成都蓉城','Chengdu Rongcheng FC','','images/40347/1gy3vkgfwve.PNG',0],[42492,'武汉三镇','武漢三鎮','Wuhan Three Towns','','images/42492/1hd5at5b6g1y.png',0],[45272,'青岛西海岸','青島西海岸','Qingdao West Coast','','images/45272/1kk5pbavmvs.png',0],[65961,'云南玉昆','雲南玉昆','Yunnan Yukun','','images/65961/1k0qw9nssh1n.png',0],[65972,'重庆铜梁龙','重慶銅梁龍','Chongqing Tonglianglong','','images/65972/1hysdzw5hv1f.png',0]];
var TotalPanLu = [[1,65972,15,4,3,8,9,2,4,5,60,13.3,26.7],[2,42492,15,2,1,12,8,1,6,2,53.3,6.7,40],[3,542,15,7,2,6,8,1,6,2,53.3,6.7,40],[4,65961,15,5,5,5,7,4,4,3,46.7,26.7,26.7],[5,40347,15,13,0,2,7,2,6,1,46.7,13.3,40],[6,45272,15,4,2,9,7,2,6,1,46.7,13.3,40],[7,22873,15,5,4,6,7,1,7,0,46.7,6.7,46.7],[8,26511,15,2,3,10,7,1,7,0,46.7,6.7,46.7],[9,40,15,13,1,1,7,0,8,-1,46.7,0,53.3],[10,44,15,1,2,12,7,0,8,-1,46.7,0,53.3],[11,39,14,11,4,0,6,2,6,0,42.9,14.3,42.9],[12,541,15,6,4,5,6,2,7,-1,40,13.3,46.7],[13,89,15,4,2,9,6,1,8,-2,40,6.7,53.3],[14,37340,14,2,3,10,5,1,8,-3,35.7,7.1,57.1],[15,43,15,11,3,1,5,3,7,-2,33.3,20,46.7],[16,7642,15,10,1,4,5,1,9,-4,33.3,6.7,60]];
var HomePanLu = [[1,22873,7,3,2,2,5,0,2,3,71.4,0,28.6],[2,40347,8,8,0,0,5,0,3,2,62.5,0,37.5],[3,26511,7,2,2,3,4,1,2,2,57.1,14.3,28.6],[4,39,7,8,0,0,4,0,3,1,57.1,0,42.9],[5,44,7,1,2,4,4,0,3,1,57.1,0,42.9],[6,65972,8,4,2,2,4,2,2,2,50,25,25],[7,37340,8,2,3,3,4,1,3,1,50,12.5,37.5],[8,542,8,5,1,2,4,1,3,1,50,12.5,37.5],[9,40,8,7,1,0,4,0,4,0,50,0,50],[10,42492,7,2,1,4,3,1,3,0,42.9,14.3,42.9],[11,65961,7,4,2,1,3,1,3,0,42.9,14.3,42.9],[12,541,7,5,0,2,3,0,4,-1,42.9,0,57.1],[13,45272,7,4,2,1,2,2,3,-1,28.6,28.6,42.9],[14,43,7,6,1,0,2,1,4,-2,28.6,14.3,57.1],[15,7642,8,8,0,0,2,1,5,-3,25,12.5,62.5],[16,89,8,3,1,4,1,1,6,-5,12.5,12.5,75]];
var GuestPanLu = [[1,89,7,1,1,5,5,0,2,3,71.4,0,28.6],[2,65972,7,0,1,6,5,0,2,3,71.4,0,28.6],[3,42492,8,0,0,8,5,0,3,2,62.5,0,37.5],[4,45272,8,0,0,8,5,0,3,2,62.5,0,37.5],[5,542,7,2,1,4,4,0,3,1,57.1,0,42.9],[6,65961,8,1,3,4,4,3,1,3,50,37.5,12.5],[7,7642,7,2,1,4,3,0,4,-1,42.9,0,57.1],[8,40,7,6,0,1,3,0,4,-1,42.9,0,57.1],[9,43,8,5,2,1,3,2,3,0,37.5,25,37.5],[10,541,8,1,4,3,3,2,3,0,37.5,25,37.5],[11,44,8,0,0,8,3,0,5,-2,37.5,0,62.5],[12,26511,8,0,1,7,3,0,5,-2,37.5,0,62.5],[13,39,7,3,4,0,2,2,3,-1,28.6,28.6,42.9],[14,40347,7,5,0,2,2,2,3,-1,28.6,28.6,42.9],[15,22873,8,2,2,4,2,1,5,-3,25,12.5,62.5],[16,37340,6,0,0,7,1,0,5,-4,16.7,0,83.3]];
var TotalHalfPanLu = [[1,37340,15,2,5,8,9,3,3,6,60,20,20],[2,44,15,0,6,9,9,2,4,5,60,13.3,26.7],[3,45272,15,1,6,8,8,5,2,6,53.3,33.3,13.3],[4,89,15,3,5,7,8,2,5,3,53.3,13.3,33.3],[5,65961,15,3,7,5,7,4,4,3,46.7,26.7,26.7],[6,42492,15,0,4,11,7,1,7,0,46.7,6.7,46.7],[7,65972,15,3,4,8,6,4,5,1,40,26.7,33.3],[8,43,15,10,4,1,6,3,6,0,40,20,40],[9,39,15,10,5,0,6,3,6,0,40,20,40],[10,40347,15,13,1,1,6,1,8,-2,40,6.7,53.3],[11,40,15,12,2,1,6,0,9,-3,40,0,60],[12,26511,15,0,9,6,5,3,7,-2,33.3,20,46.7],[13,7642,15,10,2,3,5,2,8,-3,33.3,13.3,53.3],[14,22873,15,3,7,5,5,2,8,-3,33.3,13.3,53.3],[15,541,15,6,4,5,5,2,8,-3,33.3,13.3,53.3],[16,542,15,6,5,4,3,1,11,-8,20,6.7,73.3]];
var HomeHalfPanLu = [[1,44,7,0,4,3,5,2,0,5,71.4,28.6,0],[2,40347,8,8,0,0,5,0,3,2,62.5,0,37.5],[3,26511,7,0,5,2,4,2,1,3,57.1,28.6,14.3],[4,42492,7,0,4,3,4,1,2,2,57.1,14.3,28.6],[5,37340,8,2,4,2,4,2,2,2,50,25,25],[6,39,8,7,1,0,4,1,3,1,50,12.5,37.5],[7,89,8,3,2,3,4,0,4,0,50,0,50],[8,45272,7,1,5,1,3,4,0,3,42.9,57.1,0],[9,65961,7,3,3,1,3,2,2,1,42.9,28.6,28.6],[10,43,7,5,2,0,3,1,3,0,42.9,14.3,42.9],[11,22873,7,3,2,2,3,0,4,-1,42.9,0,57.1],[12,40,8,7,1,0,3,0,5,-2,37.5,0,62.5],[13,541,7,5,0,2,2,0,5,-3,28.6,0,71.4],[14,7642,8,8,0,0,2,0,6,-4,25,0,75],[15,65972,8,3,3,2,1,3,4,-3,12.5,37.5,50],[16,542,8,5,2,1,1,1,6,-5,12.5,12.5,75]];
var GuestHalfPanLu = [[1,37340,7,0,1,6,5,1,1,4,71.4,14.3,14.3],[2,65972,7,0,1,6,5,1,1,4,71.4,14.3,14.3],[3,45272,8,0,1,7,5,1,2,3,62.5,12.5,25],[4,89,7,0,3,4,4,2,1,3,57.1,28.6,14.3],[5,65961,8,0,4,4,4,2,2,2,50,25,25],[6,44,8,0,2,6,4,0,4,0,50,0,50],[7,7642,7,2,2,3,3,2,2,1,42.9,28.6,28.6],[8,40,7,5,1,1,3,0,4,-1,42.9,0,57.1],[9,43,8,5,2,1,3,2,3,0,37.5,25,37.5],[10,541,8,1,4,3,3,2,3,0,37.5,25,37.5],[11,42492,8,0,0,8,3,0,5,-2,37.5,0,62.5],[12,39,7,3,4,0,2,2,3,-1,28.6,28.6,42.9],[13,542,7,1,3,3,2,0,5,-3,28.6,0,71.4],[14,22873,8,0,5,3,2,2,4,-2,25,25,50],[15,40347,7,5,1,1,1,1,5,-4,14.3,14.3,71.4],[16,26511,8,0,4,4,1,1,6,-5,12.5,12.5,75]];
var addUp = [54,45.4,12,10.1,53,44.5,[60,65972],[60,7642],[71.4,22873],[75,89],[71.4,89,65972],[83.3,37340],[26.7,65961],[0,40,44]];
var addUpHalf = [51,42.5,19,15.8,50,41.7,[60,37340,44],[73.3,542],[71.4,44],[75,7642,542],[71.4,37340,65972],[75,26511],[33.3,45272],[0,40]];
var lastUpdateTime = '2026-06-01 23:00:11';
