var arrLeague = [60,'中国超级联赛','中國超級聯賽','Chinese Super League','2026','#0066FF','league_match/images/166674992094.png','中超','中超','CHA CSL'];
var arrTeam = [[39,'上海申花','上海申花','Shanghai Shenhua','','images/39/1gy3vjsrhn1p.png',0],[40,'山东泰山','山東泰山','Shandong Taishan','','images/1kja2fh2n4b.png',0],[43,'北京国安','北京國安','Beijing Guoan','','images/1jr565tbs5z.png',0],[44,'青岛海牛','青島海牛','Qingdao Manatee','','images/44/1gy3vkgfwg2p.png',0],[89,'天津津门虎','天津津門虎','Tianjin Tigers','','images/89/1gy3vkgfwn2t.png',0],[541,'河南队','河南隊','Henan Football Club','','images/1kja29fa4f1x.png',0],[542,'浙江俱乐部绿城','浙江俱樂部綠城','Zhejiang Professional FC','','images/542/1h8qpaemwc10.png',0],[7642,'上海海港','上海海港','Shanghai Port','','images/7642/1h8n2nv7tw23.png',0],[22873,'大连英博','大連英博','Dalian Zhixing','','images/1jr56cj6pv19.png',0],[26511,'辽宁铁人','遼寧鐵人','Liaoning Tieren','','images/26511/1hrgchqnbje.png',0],[37340,'深圳新鹏城','深圳新鵬城','Shenzhen Xinpengcheng','','images/37340/1j0ytnk9yw25.png',0],[40347,'成都蓉城','成都蓉城','Chengdu Rongcheng FC','','images/40347/1gy3vkgfwve.PNG',0],[42492,'武汉三镇','武漢三鎮','Wuhan Three Towns','','images/42492/1hd5at5b6g1y.png',0],[45272,'青岛西海岸','青島西海岸','Qingdao West Coast','','images/45272/1kk5pbavmvs.png',0],[65961,'云南玉昆','雲南玉昆','Yunnan Yukun','','images/65961/1k0qw9nssh1n.png',0],[65972,'重庆铜梁龙','重慶銅梁龍','Chongqing Tonglianglong','','images/65972/1hysdzw5hv1f.png',0]];
var TotalBs = [[1,26511,15,9,1,5,60,6.7,33.3],[2,39,15,9,0,6,60,0,40],[3,44,15,9,0,6,60,0,40],[4,42492,15,9,0,6,60,0,40],[5,40,15,8,1,6,53.3,6.7,40],[6,89,15,8,0,7,53.3,0,46.7],[7,65961,15,7,4,4,46.7,26.7,26.7],[8,7642,15,7,0,8,46.7,0,53.3],[9,43,15,6,3,6,40,20,40],[10,40347,15,6,3,6,40,20,40],[11,542,15,6,2,7,40,13.3,46.7],[12,22873,15,6,2,7,40,13.3,46.7],[13,65972,15,6,0,9,40,0,60],[14,37340,15,5,1,9,33.3,6.7,60],[15,45272,15,5,0,10,33.3,0,66.7],[16,541,15,4,3,8,26.7,20,53.3]];
var HomeBs = [[1,65961,7,5,1,1,71.4,14.3,14.3],[2,39,8,5,0,3,62.5,0,37.5],[3,89,8,5,0,3,62.5,0,37.5],[4,26511,7,4,1,2,57.1,14.3,28.6],[5,44,7,4,0,3,57.1,0,42.9],[6,7642,8,4,0,4,50,0,50],[7,40,8,4,0,4,50,0,50],[8,43,7,3,3,1,42.9,42.9,14.3],[9,22873,7,3,1,3,42.9,14.3,42.9],[10,40347,8,3,2,3,37.5,25,37.5],[11,42492,7,3,0,4,42.9,0,57.1],[12,37340,8,3,1,4,37.5,12.5,50],[13,65972,8,3,0,5,37.5,0,62.5],[14,542,8,3,0,5,37.5,0,62.5],[15,541,7,2,1,4,28.6,14.3,57.1],[16,45272,7,1,0,6,14.3,0,85.7]];
var GuestBs = [[1,42492,8,6,0,2,75,0,25],[2,44,8,5,0,3,62.5,0,37.5],[3,26511,8,5,0,3,62.5,0,37.5],[4,40,7,4,1,2,57.1,14.3,28.6],[5,39,7,4,0,3,57.1,0,42.9],[6,45272,8,4,0,4,50,0,50],[7,542,7,3,2,2,42.9,28.6,28.6],[8,40347,7,3,1,3,42.9,14.3,42.9],[9,65972,7,3,0,4,42.9,0,57.1],[10,7642,7,3,0,4,42.9,0,57.1],[11,22873,8,3,1,4,37.5,12.5,50],[12,89,7,3,0,4,42.9,0,57.1],[13,43,8,3,0,5,37.5,0,62.5],[14,65961,8,2,3,3,25,37.5,37.5],[15,541,8,2,2,4,25,25,50],[16,37340,7,2,0,5,28.6,0,71.4]];
var TotalBsHalf = [[1,39,15,9,0,6,60,0,40],[2,26511,15,7,4,4,46.7,26.7,26.7],[3,45272,15,6,3,6,40,20,40],[4,37340,15,6,2,7,40,13.3,46.7],[5,42492,15,6,1,8,40,6.7,53.3],[6,65972,15,6,1,8,40,6.7,53.3],[7,40347,15,6,0,9,40,0,60],[8,65961,15,6,0,9,40,0,60],[9,40,15,6,0,9,40,0,60],[10,22873,15,5,3,7,33.3,20,46.7],[11,542,15,5,0,10,33.3,0,66.7],[12,89,15,4,3,8,26.7,20,53.3],[13,44,15,4,2,9,26.7,13.3,60],[14,43,15,4,1,10,26.7,6.7,66.7],[15,7642,15,4,0,11,26.7,0,73.3],[16,541,15,2,2,11,13.3,13.3,73.3]];
var HomeBsHalf = [[1,39,8,6,0,2,75,0,25],[2,65961,7,4,0,3,57.1,0,42.9],[3,40,8,4,0,4,50,0,50],[4,37340,8,3,2,3,37.5,25,37.5],[5,65972,8,3,1,4,37.5,12.5,50],[6,40347,8,3,0,5,37.5,0,62.5],[7,542,8,3,0,5,37.5,0,62.5],[8,7642,8,3,0,5,37.5,0,62.5],[9,26511,7,2,2,3,28.6,28.6,42.9],[10,45272,7,2,2,3,28.6,28.6,42.9],[11,89,8,2,2,4,25,25,50],[12,43,7,2,0,5,28.6,0,71.4],[13,44,7,2,0,5,28.6,0,71.4],[14,42492,7,2,0,5,28.6,0,71.4],[15,22873,7,1,2,4,14.3,28.6,57.1],[16,541,7,1,0,6,14.3,0,85.7]];
var GuestBsHalf = [[1,26511,8,5,2,1,62.5,25,12.5],[2,42492,8,4,1,3,50,12.5,37.5],[3,45272,8,4,1,3,50,12.5,37.5],[4,22873,8,4,1,3,50,12.5,37.5],[5,65972,7,3,0,4,42.9,0,57.1],[6,37340,7,3,0,4,42.9,0,57.1],[7,40347,7,3,0,4,42.9,0,57.1],[8,39,7,3,0,4,42.9,0,57.1],[9,44,8,2,2,4,25,25,50],[10,89,7,2,1,4,28.6,14.3,57.1],[11,40,7,2,0,5,28.6,0,71.4],[12,43,8,2,1,5,25,12.5,62.5],[13,542,7,2,0,5,28.6,0,71.4],[14,65961,8,2,0,6,25,0,75],[15,541,8,1,2,5,12.5,25,62.5],[16,7642,7,1,0,6,14.3,0,85.7]];
var addUp = [110,45.8,20,8.3,110,45.8,[60,26511,39,44,42492],[66.7,45272],[71.4,65961],[85.7,45272],[75,42492],[71.4,37340]];
var addUpHalf = [86,35.8,22,9.2,132,55,[60,39],[73.3,7642,541],[75,39],[85.7,541],[62.5,26511],[85.7,7642]];
var lastUpdateTime = '2026-06-01 23:00:04';
