var arrLeague = [26,'瑞典超级联赛','瑞典超級聯賽','Swedish Allsvenskan','2015','#004488','league_match/images/20200420031221.jpg','瑞典超','瑞典超','SWE D1'];
var arrTeam = [[400,'索尔纳','AIK蘇納','AIK Solna','','images/400/1h8asp945qp.png',0],[404,'赫尔辛堡','希爾星堡','Helsingborg','','images/404/1h4yn3a5rr27.png',0],[406,'松兹瓦尔','辛斯華爾','GIF Sundsvall','','images/406/1h8fzp9tbvz.png',0],[408,'马尔默','馬模','Malmo FF','','images/408/1hptap45j3v.png',0],[410,'哈马比','哈馬比','Hammarby','','images/410/1h6wfe05rw26.png',0],[413,'哥德堡','哥登堡','IFK Goteborg','','images/413/1hg209brnt23.png',0],[417,'埃尔夫斯堡','艾夫斯堡','Elfsborg','','images/417/1h8wtxnzmc2g.png',0],[419,'奥雷布洛','奧雷布洛','Orebro','','images/419/1htbmr8n137.png',0],[421,'尤尔加登','佐加頓斯','Djurgardens','','images/421/1gv1yreqw82.png',0],[424,'哈尔姆斯塔德','咸史泰斯','Halmstads','','images/424/1grmna9rvh24.png',0],[426,'卡尔马','卡馬亞','Kalmar','','images/426/1h6wfe05rcg.png',0],[1518,'赫根','赫根','Hacken','','images/1518/1h53w2zt69f.png',0],[1519,'耶夫勒','加費萊','Gefle IF','','images/1519/1h8wtya6e20.png',0],[1521,'阿特维达堡','阿維達貝治','Atvidabergs','','images/1521/1htbncf8zd1f.png',0],[1527,'法尔肯堡','科根堡','Falkenberg','','images/1jqgkz50bg14.png',0],[2165,'北雪平','諾高平','IFK Norrkoping FK','','images/2165/1ht6ehmpr52t.png',0]];
var TotalPanLu = [[1,2165,30,17,2,11,23,1,6,17,76.7,3.3,20],[2,421,30,17,5,8,18,0,12,6,60,0,40],[3,417,30,24,3,3,16,1,13,3,53.3,3.3,43.3],[4,419,30,9,1,20,16,0,14,2,53.3,0,46.7],[5,400,30,23,2,5,15,3,12,3,50,10,40],[6,408,30,27,2,1,14,2,14,0,46.7,6.7,46.7],[7,410,30,10,6,14,14,2,14,0,46.7,6.7,46.7],[8,413,30,27,0,3,14,2,14,0,46.7,6.7,46.7],[9,426,30,7,7,16,13,3,14,-1,43.3,10,46.7],[10,1518,30,17,4,9,13,1,16,-3,43.3,3.3,53.3],[11,1519,30,6,3,21,13,1,16,-3,43.3,3.3,53.3],[12,404,30,10,6,14,13,1,16,-3,43.3,3.3,53.3],[13,406,30,6,4,20,13,0,17,-4,43.3,0,56.7],[14,1527,30,3,4,23,13,0,17,-4,43.3,0,56.7],[15,424,30,6,2,22,11,3,16,-5,36.7,10,53.3],[16,1521,30,4,3,23,10,2,18,-8,33.3,6.7,60]];
var HomePanLu = [[1,2165,15,12,0,3,11,1,3,8,73.3,6.7,20],[2,400,15,14,1,0,9,1,5,4,60,6.7,33.3],[3,417,15,14,1,0,9,1,5,4,60,6.7,33.3],[4,1518,15,11,2,2,8,1,6,2,53.3,6.7,40],[5,1519,15,6,2,7,8,1,6,2,53.3,6.7,40],[6,419,15,8,0,7,8,0,7,1,53.3,0,46.7],[7,421,15,12,1,2,8,0,7,1,53.3,0,46.7],[8,408,15,15,0,0,8,0,7,1,53.3,0,46.7],[9,426,15,7,3,5,7,1,7,0,46.7,6.7,46.7],[10,410,15,8,3,4,7,0,8,-1,46.7,0,53.3],[11,404,15,10,1,4,7,0,8,-1,46.7,0,53.3],[12,413,15,15,0,0,6,1,8,-2,40,6.7,53.3],[13,406,15,6,4,5,6,0,9,-3,40,0,60],[14,1527,15,3,4,8,6,0,9,-3,40,0,60],[15,1521,15,4,3,8,5,2,8,-3,33.3,13.3,53.3],[16,424,15,6,2,7,4,2,9,-5,26.7,13.3,60]];
var GuestPanLu = [[1,2165,15,5,2,8,12,0,3,9,80,0,20],[2,421,15,5,4,6,10,0,5,5,66.7,0,33.3],[3,413,15,12,0,3,8,1,6,2,53.3,6.7,40],[4,419,15,1,1,13,8,0,7,1,53.3,0,46.7],[5,410,15,2,3,10,7,2,6,1,46.7,13.3,40],[6,424,15,0,0,15,7,1,7,0,46.7,6.7,46.7],[7,1527,15,0,0,15,7,0,8,-1,46.7,0,53.3],[8,417,15,10,2,3,7,0,8,-1,46.7,0,53.3],[9,406,15,0,0,15,7,0,8,-1,46.7,0,53.3],[10,408,15,12,2,1,6,2,7,-1,40,13.3,46.7],[11,400,15,9,1,5,6,2,7,-1,40,13.3,46.7],[12,426,15,0,4,11,6,2,7,-1,40,13.3,46.7],[13,404,15,0,5,10,6,1,8,-2,40,6.7,53.3],[14,1518,15,6,2,7,5,0,10,-5,33.3,0,66.7],[15,1519,15,0,1,14,5,0,10,-5,33.3,0,66.7],[16,1521,15,0,0,15,5,0,10,-5,33.3,0,66.7]];
var TotalHalfPanLu = [[1,2165,30,13,11,6,18,1,11,7,60,3.3,36.7],[2,1527,30,1,8,21,16,3,11,5,53.3,10,36.7],[3,426,30,6,11,13,15,5,10,5,50,16.7,33.3],[4,419,30,8,9,13,15,2,13,2,50,6.7,43.3],[5,1521,30,3,4,23,15,2,13,2,50,6.7,43.3],[6,400,30,16,11,3,14,6,10,4,46.7,20,33.3],[7,404,30,9,8,13,14,3,13,1,46.7,10,43.3],[8,1519,30,3,6,21,14,2,14,0,46.7,6.7,46.7],[9,410,30,8,12,10,12,8,10,2,40,26.7,33.3],[10,421,30,14,11,5,12,7,11,1,40,23.3,36.7],[11,408,30,24,6,0,12,4,14,-2,40,13.3,46.7],[12,406,30,6,7,17,10,6,14,-4,33.3,20,46.7],[13,413,30,22,7,1,10,5,15,-5,33.3,16.7,50],[14,424,30,4,8,18,10,5,15,-5,33.3,16.7,50],[15,417,30,20,8,2,10,4,16,-6,33.3,13.3,53.3],[16,1518,30,15,9,6,8,7,15,-7,26.7,23.3,50]];
var HomeHalfPanLu = [[1,2165,15,10,4,1,10,1,4,6,66.7,6.7,26.7],[2,1519,15,3,5,7,9,2,4,5,60,13.3,26.7],[3,400,15,11,4,0,8,3,4,4,53.3,20,26.7],[4,410,15,8,5,2,7,2,6,1,46.7,13.3,40],[5,419,15,7,6,2,7,2,6,1,46.7,13.3,40],[6,1521,15,3,4,8,7,2,6,1,46.7,13.3,40],[7,408,15,14,1,0,7,0,8,-1,46.7,0,53.3],[8,1527,15,1,8,6,6,3,6,0,40,20,40],[9,426,15,6,6,3,6,3,6,0,40,20,40],[10,421,15,11,4,0,6,2,7,-1,40,13.3,46.7],[11,404,15,9,3,3,6,2,7,-1,40,13.3,46.7],[12,413,15,14,1,0,6,0,9,-3,40,0,60],[13,417,15,12,3,0,5,2,8,-3,33.3,13.3,53.3],[14,1518,15,11,4,0,4,4,7,-3,26.7,26.7,46.7],[15,424,15,4,5,6,4,3,8,-4,26.7,20,53.3],[16,406,15,6,5,4,3,4,8,-5,20,26.7,53.3]];
var GuestHalfPanLu = [[1,1527,15,0,0,15,10,0,5,5,66.7,0,33.3],[2,426,15,0,5,10,9,2,4,5,60,13.3,26.7],[3,404,15,0,5,10,8,1,6,2,53.3,6.7,40],[4,419,15,1,3,11,8,0,7,1,53.3,0,46.7],[5,1521,15,0,0,15,8,0,7,1,53.3,0,46.7],[6,2165,15,3,7,5,8,0,7,1,53.3,0,46.7],[7,406,15,0,2,13,7,2,6,1,46.7,13.3,40],[8,421,15,3,7,5,6,5,4,2,40,33.3,26.7],[9,400,15,5,7,3,6,3,6,0,40,20,40],[10,424,15,0,3,12,6,2,7,-1,40,13.3,46.7],[11,410,15,0,7,8,5,6,4,1,33.3,40,26.7],[12,408,15,10,5,0,5,4,6,-1,33.3,26.7,40],[13,417,15,8,5,2,5,2,8,-3,33.3,13.3,53.3],[14,1519,15,0,1,14,5,0,10,-5,33.3,0,66.7],[15,413,15,8,6,1,4,5,6,-2,26.7,33.3,40],[16,1518,15,4,5,6,4,3,8,-4,26.7,20,53.3]];
var addUp = [117,48.8,11,4.6,112,46.7,[76.7,2165],[60,1521],[73.3,2165],[60,406,1527,424],[80,2165],[66.7,1518,1519,1521],[10,400,426,424],[0,421,419,406,1527]];
var addUpHalf = [101,42.1,35,14.6,104,43.3,[60,2165],[53.3,417],[66.7,2165],[60,413],[66.7,1527],[66.7,1519],[26.7,410],[3.3,2165]];
var lastUpdateTime = '2026-04-08 08:55:47';
