var arrLeague = [26,'瑞典超级联赛','瑞典超級聯賽','Swedish Allsvenskan','2015','#004488','league_match/images/20200420031221.jpg','瑞典超','瑞典超','SWE D1'];
var arrTeam = [[400,'索尔纳','AIK蘇納','AIK Solna','','images/400/1h8asp945qp.png',0],[404,'赫尔辛堡','希爾星堡','Helsingborg','','images/404/1h4yn3a5rr27.png',0],[406,'松兹瓦尔','辛斯華爾','GIF Sundsvall','','images/406/1h8fzp9tbvz.png',0],[408,'马尔默','馬模','Malmo FF','','images/408/1hptap45j3v.png',0],[410,'哈马比','哈馬比','Hammarby','','images/410/1h6wfe05rw26.png',0],[413,'哥德堡','哥登堡','IFK Goteborg','','images/413/1hg209brnt23.png',0],[417,'埃尔夫斯堡','艾夫斯堡','Elfsborg','','images/417/1h8wtxnzmc2g.png',0],[419,'奥雷布洛','奧雷布洛','Orebro','','images/419/1htbmr8n137.png',0],[421,'尤尔加登','佐加頓斯','Djurgardens','','images/421/1gv1yreqw82.png',0],[424,'哈尔姆斯塔德','咸史泰斯','Halmstads','','images/424/1grmna9rvh24.png',0],[426,'卡尔马','卡馬亞','Kalmar','','images/426/1h6wfe05rcg.png',0],[1518,'赫根','赫根','Hacken','','images/1518/1h53w2zt69f.png',0],[1519,'耶夫勒','加費萊','Gefle IF','','images/1519/1h8wtya6e20.png',0],[1521,'阿特维达堡','阿維達貝治','Atvidabergs','','images/1521/1htbncf8zd1f.png',0],[1527,'法尔肯堡','科根堡','Falkenberg','','images/1jqgkz50bg14.png',0],[2165,'北雪平','諾高平','IFK Norrkoping FK','','images/2165/1ht6ehmpr52t.png',0]];
var TotalBs = [[1,404,30,22,0,8,73.3,0,26.7],[2,417,30,20,0,10,66.7,0,33.3],[3,400,30,19,0,11,63.3,0,36.7],[4,2165,30,19,0,11,63.3,0,36.7],[5,426,30,17,1,12,56.7,3.3,40],[6,1519,30,17,1,12,56.7,3.3,40],[7,1521,30,17,1,12,56.7,3.3,40],[8,408,30,16,3,11,53.3,10,36.7],[9,410,30,16,0,14,53.3,0,46.7],[10,421,30,16,0,14,53.3,0,46.7],[11,419,31,16,0,15,51.6,0,48.4],[12,406,30,15,1,14,50,3.3,46.7],[13,1527,30,15,1,14,50,3.3,46.7],[14,1518,30,15,0,15,50,0,50],[15,413,30,14,2,14,46.7,6.7,46.7],[16,424,30,12,0,18,40,0,60]];
var HomeBs = [[1,2165,15,12,0,3,80,0,20],[2,400,15,12,0,3,80,0,20],[3,421,15,10,0,5,66.7,0,33.3],[4,417,15,10,0,5,66.7,0,33.3],[5,426,15,9,0,6,60,0,40],[6,404,15,9,0,6,60,0,40],[7,1519,15,9,0,6,60,0,40],[8,410,15,8,0,7,53.3,0,46.7],[9,1518,15,8,0,7,53.3,0,46.7],[10,1521,15,8,0,7,53.3,0,46.7],[11,408,15,7,3,5,46.7,20,33.3],[12,419,15,7,0,8,46.7,0,53.3],[13,1527,15,7,0,8,46.7,0,53.3],[14,413,15,6,2,7,40,13.3,46.7],[15,424,15,6,0,9,40,0,60],[16,406,15,5,0,10,33.3,0,66.7],[17,419,0,0,0,0,0,0,0]];
var GuestBs = [[1,404,15,13,0,2,86.7,0,13.3],[2,406,15,10,1,4,66.7,6.7,26.7],[3,417,15,10,0,5,66.7,0,33.3],[4,1521,15,9,1,5,60,6.7,33.3],[5,419,15,9,0,6,60,0,40],[6,408,15,9,0,6,60,0,40],[7,1527,15,8,1,6,53.3,6.7,40],[8,1519,15,8,1,6,53.3,6.7,40],[9,426,15,8,1,6,53.3,6.7,40],[10,413,15,8,0,7,53.3,0,46.7],[11,410,15,8,0,7,53.3,0,46.7],[12,1518,15,7,0,8,46.7,0,53.3],[13,400,15,7,0,8,46.7,0,53.3],[14,2165,15,7,0,8,46.7,0,53.3],[15,424,15,6,0,9,40,0,60],[16,421,15,6,0,9,40,0,60],[17,413,0,0,0,0,0,0,0],[18,2165,0,0,0,0,0,0,0],[19,419,1,0,0,1,0,0,100]];
var TotalBsHalf = [[1,419,30,15,8,7,50,26.7,23.3],[2,408,30,15,3,12,50,10,40],[3,1519,30,13,12,5,43.3,40,16.7],[4,417,30,13,8,9,43.3,26.7,30],[5,1527,29,12,9,8,41.4,31,27.6],[6,404,30,12,8,10,40,26.7,33.3],[7,400,29,12,6,11,41.4,20.7,37.9],[8,1521,29,12,6,11,41.4,20.7,37.9],[9,2165,29,11,9,9,37.9,31,31],[10,1518,29,11,7,11,37.9,24.1,37.9],[11,410,29,10,8,11,34.5,27.6,37.9],[12,406,29,10,6,13,34.5,20.7,44.8],[13,421,30,9,7,14,30,23.3,46.7],[14,426,29,8,10,11,27.6,34.5,37.9],[15,413,30,8,9,13,26.7,30,43.3],[16,424,30,5,10,15,16.7,33.3,50]];
var HomeBsHalf = [[1,400,15,10,1,4,66.7,6.7,26.7],[2,408,15,8,0,7,53.3,0,46.7],[3,1519,15,7,5,3,46.7,33.3,20],[4,417,15,7,4,4,46.7,26.7,26.7],[5,1518,15,7,3,5,46.7,20,33.3],[6,419,15,7,3,5,46.7,20,33.3],[7,421,15,7,2,6,46.7,13.3,40],[8,2165,15,6,4,5,40,26.7,33.3],[9,410,15,6,4,5,40,26.7,33.3],[10,1527,15,5,6,4,33.3,40,26.7],[11,1521,15,5,5,5,33.3,33.3,33.3],[12,426,15,4,7,4,26.7,46.7,26.7],[13,404,15,4,5,6,26.7,33.3,40],[14,413,15,4,4,7,26.7,26.7,46.7],[15,406,15,2,3,10,13.3,20,66.7],[16,424,15,1,7,7,6.7,46.7,46.7]];
var GuestBsHalf = [[1,419,15,8,5,2,53.3,33.3,13.3],[2,406,14,8,3,3,57.1,21.4,21.4],[3,404,15,8,3,4,53.3,20,26.7],[4,1527,14,7,3,4,50,21.4,28.6],[5,408,15,7,3,5,46.7,20,33.3],[6,1521,14,7,1,6,50,7.1,42.9],[7,1519,15,6,7,2,40,46.7,13.3],[8,417,15,6,4,5,40,26.7,33.3],[9,2165,14,5,5,4,35.7,35.7,28.6],[10,413,15,4,5,6,26.7,33.3,40],[11,410,14,4,4,6,28.6,28.6,42.9],[12,1518,14,4,4,6,28.6,28.6,42.9],[13,426,14,4,3,7,28.6,21.4,50],[14,424,15,4,3,8,26.7,20,53.3],[15,400,14,2,5,7,14.3,35.7,50],[16,421,15,2,5,8,13.3,33.3,53.3]];
var addUp = [266,55.3,10,2.1,205,42.6,[73.3,404],[60,424],[80,2165,400],[66.7,406],[86.7,404],[100,419]];
var addUpHalf = [176,37.3,126,26.7,170,36,[50,419,408],[50,424],[66.7,400],[66.7,406],[57.1,406],[53.3,424,421]];
var lastUpdateTime = '2026-04-08 08:56:01';
