var arrLeague = [5,'比利时甲组联赛','比利時甲組聯賽','Belgian Pro League','2019-2020','#FC9B0A','league_match/images/1j5w1nybsp9.png','比甲','比甲','BEL D1'];
var arrTeam = [[122,'沙勒罗瓦','查內爾','Charleroi','','images/122/1j3veftrymp.png',0],[130,'标准列日','標準列治','Standard Liege','','images/130/1j3veftre2e.png',0],[140,'根特','真特','KAA Gent','','images/140/1gv1yqjs390.png',0],[147,'亨克','亨克','Racing Genk','','images/147/1h54k7bfph11.png',0],[148,'布鲁日','布魯日','Club Brugge','','images/148/1hxqrpwvs12q.png',0],[153,'安德莱赫特','安德列治','Anderlecht','','images/153/1gv1yqjs302r.png',0],[156,'圣图尔登','聖圖爾登','Sint-Truidense','','images/156/1hcgsmb1gpc.png',0],[164,'色格拉布鲁日','色格拉布魯日','Cercle Brugge','','images/164/1gq1zqkdtp6.png',0],[170,'奥斯坦德','奧斯坦德','Oostende','','images/170/1gq201wpefs.png',0],[1242,'科特赖克','哥積克','Kortrijk','','images/1242/1j22rz4and1t.png',0],[1244,'梅赫伦','梅赫倫','Mechelen','','images/1244/1gtqkzv9ys23.png',0],[1245,'华斯兰德','華斯蘭比華倫','Red Star Waasland','','images/1245/1gqbpxar3q1m.png',0],[1316,'欧本','歐本','KAS Eupen','','images/1316/1j5hhgvw2cv.png',0],[1319,'威尔郡','威爾郡','Zulte-Waregem','','images/1319/1j5hhgvw2dj.png',0],[1686,'安特卫普','安特衛普','Royal Antwerp','','images/1686/1gtqkzv9yt13.png',0],[8564,'摩斯高伦','苗斯干','Mouscron Peruwelz','','images/20130403150504.jpg',0]];
var TotalPanLu = [[1,122,29,12,7,10,22,2,5,17,75.9,6.9,17.2],[2,8564,29,9,3,17,15,4,10,5,51.7,13.8,34.5],[3,1316,29,6,1,22,15,1,13,2,51.7,3.4,44.8],[4,1686,29,20,2,7,14,3,12,2,48.3,10.3,41.4],[5,140,29,23,2,4,14,3,12,2,48.3,10.3,41.4],[6,1244,29,12,6,11,14,2,13,1,48.3,6.9,44.8],[7,164,29,2,2,25,14,1,14,0,48.3,3.4,48.3],[8,156,29,7,4,18,14,0,15,-1,48.3,0,51.7],[9,1242,29,9,3,17,13,2,14,-1,44.8,6.9,48.3],[10,1319,29,11,2,16,13,2,14,-1,44.8,6.9,48.3],[11,130,29,22,2,5,13,2,14,-1,44.8,6.9,48.3],[12,153,29,19,4,6,12,3,14,-2,41.4,10.3,48.3],[13,148,29,29,0,0,12,2,15,-3,41.4,6.9,51.7],[14,147,29,23,0,6,11,2,16,-5,37.9,6.9,55.2],[15,1245,29,1,3,25,10,2,17,-7,34.5,6.9,58.6],[16,170,29,4,5,20,9,3,17,-8,31,10.3,58.6]];
var HomePanLu = [[1,122,14,8,3,3,12,0,2,10,85.7,0,14.3],[2,140,15,14,0,1,10,1,4,6,66.7,6.7,26.7],[3,8564,15,7,2,6,10,1,4,6,66.7,6.7,26.7],[4,1319,14,8,1,5,8,0,6,2,57.1,0,42.9],[5,156,14,7,2,5,8,0,6,2,57.1,0,42.9],[6,1686,14,12,1,1,7,2,5,2,50,14.3,35.7],[7,1316,14,6,0,8,7,1,6,1,50,7.1,42.9],[8,164,14,2,2,10,6,1,7,-1,42.9,7.1,50],[9,130,15,14,0,1,6,2,7,-1,40,13.3,46.7],[10,170,15,4,4,7,6,2,7,-1,40,13.3,46.7],[11,1244,15,9,2,4,6,1,8,-2,40,6.7,53.3],[12,1242,15,8,1,6,6,0,9,-3,40,0,60],[13,148,15,15,0,0,5,2,8,-3,33.3,13.3,53.3],[14,153,15,12,2,1,5,2,8,-3,33.3,13.3,53.3],[15,147,14,13,0,1,4,2,8,-4,28.6,14.3,57.1],[16,1245,14,1,3,10,4,0,10,-6,28.6,0,71.4]];
var GuestPanLu = [[1,122,15,4,4,7,10,2,3,7,66.7,13.3,20],[2,1244,14,3,4,7,8,1,5,3,57.1,7.1,35.7],[3,164,15,0,0,15,8,0,7,1,53.3,0,46.7],[4,1316,15,0,1,14,8,0,7,1,53.3,0,46.7],[5,1242,14,1,2,11,7,2,5,2,50,14.3,35.7],[6,153,14,7,2,5,7,1,6,1,50,7.1,42.9],[7,148,14,14,0,0,7,0,7,0,50,0,50],[8,130,14,8,2,4,7,0,7,0,50,0,50],[9,1686,15,8,1,6,7,1,7,0,46.7,6.7,46.7],[10,147,15,10,0,5,7,0,8,-1,46.7,0,53.3],[11,1245,15,0,0,15,6,2,7,-1,40,13.3,46.7],[12,156,15,0,2,13,6,0,9,-3,40,0,60],[13,8564,14,2,1,11,5,3,6,-1,35.7,21.4,42.9],[14,1319,15,3,1,11,5,2,8,-3,33.3,13.3,53.3],[15,140,14,9,2,3,4,2,8,-4,28.6,14.3,57.1],[16,170,14,0,1,13,3,1,10,-7,21.4,7.1,71.4]];
var TotalHalfPanLu = [[1,170,29,3,6,20,18,3,8,10,62.1,10.3,27.6],[2,148,29,28,1,0,17,1,11,6,58.6,3.4,37.9],[3,164,29,2,6,21,15,0,14,1,51.7,0,48.3],[4,1244,29,9,11,9,14,4,11,3,48.3,13.8,37.9],[5,130,29,18,8,3,14,2,13,1,48.3,6.9,44.8],[6,1319,29,8,8,13,14,1,14,0,48.3,3.4,48.3],[7,8564,29,8,5,16,14,1,14,0,48.3,3.4,48.3],[8,122,29,12,10,7,13,5,11,2,44.8,17.2,37.9],[9,153,29,16,7,6,13,4,12,1,44.8,13.8,41.4],[10,1686,29,16,7,6,13,3,13,0,44.8,10.3,44.8],[11,140,29,22,6,1,11,4,14,-3,37.9,13.8,48.3],[12,147,29,19,7,3,11,4,14,-3,37.9,13.8,48.3],[13,156,29,5,7,17,11,3,15,-4,37.9,10.3,51.7],[14,1316,29,3,8,18,11,2,16,-5,37.9,6.9,55.2],[15,1245,29,0,5,24,11,1,17,-6,37.9,3.4,58.6],[16,1242,29,7,10,12,10,6,13,-3,34.5,20.7,44.8]];
var HomeHalfPanLu = [[1,148,15,15,0,0,11,0,4,7,73.3,0,26.7],[2,164,14,2,4,8,10,0,4,6,71.4,0,28.6],[3,170,15,3,5,7,9,3,3,6,60,20,20],[4,1319,14,7,4,3,8,0,6,2,57.1,0,42.9],[5,130,15,12,2,1,8,2,5,3,53.3,13.3,33.3],[6,140,15,14,1,0,8,1,6,2,53.3,6.7,40],[7,8564,15,6,3,6,8,0,7,1,53.3,0,46.7],[8,122,14,8,5,1,7,3,4,3,50,21.4,28.6],[9,1686,14,10,3,1,7,1,6,1,50,7.1,42.9],[10,1316,14,3,6,5,6,2,6,0,42.9,14.3,42.9],[11,147,14,11,2,1,6,0,8,-2,42.9,0,57.1],[12,1244,15,8,4,3,6,2,7,-1,40,13.3,46.7],[13,153,15,11,3,1,6,2,7,-1,40,13.3,46.7],[14,156,14,5,4,5,5,3,6,-1,35.7,21.4,42.9],[15,1242,15,7,5,3,5,2,8,-3,33.3,13.3,53.3],[16,1245,14,0,5,9,4,1,9,-5,28.6,7.1,64.3]];
var GuestHalfPanLu = [[1,170,14,0,1,13,9,0,5,4,64.3,0,35.7],[2,1244,14,1,7,6,8,2,4,4,57.1,14.3,28.6],[3,153,14,5,4,5,7,2,5,2,50,14.3,35.7],[4,1245,15,0,0,15,7,0,8,-1,46.7,0,53.3],[5,148,14,13,1,0,6,1,7,-1,42.9,7.1,50],[6,8564,14,2,2,10,6,1,7,-1,42.9,7.1,50],[7,130,14,6,6,2,6,0,8,-2,42.9,0,57.1],[8,122,15,4,5,6,6,2,7,-1,40,13.3,46.7],[9,1686,15,6,4,5,6,2,7,-1,40,13.3,46.7],[10,1319,15,1,4,10,6,1,8,-2,40,6.7,53.3],[11,156,15,0,3,12,6,0,9,-3,40,0,60],[12,1242,14,0,5,9,5,4,5,0,35.7,28.6,35.7],[13,147,15,8,5,2,5,4,6,-1,33.3,26.7,40],[14,1316,15,0,2,13,5,0,10,-5,33.3,0,66.7],[15,164,15,0,2,13,5,0,10,-5,33.3,0,66.7],[16,140,14,8,5,1,3,3,8,-5,21.4,21.4,57.1]];
var addUp = [110,47.4,17,7.3,105,45.3,[75.9,122],[58.6,1245,170],[85.7,122],[71.4,1245],[66.7,122],[71.4,170],[13.8,8564],[0,156]];
var addUpHalf = [114,49.1,22,9.5,96,41.4,[62.1,170],[58.6,1245],[73.3,148],[64.3,1245],[64.3,170],[66.7,1316,164],[20.7,1242],[0,164]];
var lastUpdateTime = '2025-01-19 09:03:27';
