var arrLeague = [5,'比利时甲组联赛','比利時甲組聯賽','Belgian Pro League','2019-2020','#FC9B0A','league_match/images/1j5w1nybsp9.png','比甲','比甲','BEL D1'];
var arrTeam = [[122,'沙勒罗瓦','查內爾','Charleroi','','images/122/1j3veftrymp.png',0],[130,'标准列日','標準列治','Standard Liege','','images/130/1j3veftre2e.png',0],[140,'根特','真特','KAA Gent','','images/140/1gv1yqjs390.png',0],[147,'亨克','亨克','Racing Genk','','images/147/1h54k7bfph11.png',0],[148,'布鲁日','布魯日','Club Brugge','','images/148/1hxqrpwvs12q.png',0],[153,'安德莱赫特','安德列治','Anderlecht','','images/153/1gv1yqjs302r.png',0],[156,'圣图尔登','聖圖爾登','Sint-Truidense','','images/156/1hcgsmb1gpc.png',0],[164,'色格拉布鲁日','色格拉布魯日','Cercle Brugge','','images/164/1gq1zqkdtp6.png',0],[170,'奥斯坦德','奧斯坦德','Oostende','','images/170/1gq201wpefs.png',0],[1242,'科特赖克','哥積克','Kortrijk','','images/1242/1j22rz4and1t.png',0],[1244,'梅赫伦','梅赫倫','Mechelen','','images/1244/1gtqkzv9ys23.png',0],[1245,'华斯兰德','華斯蘭比華倫','Red Star Waasland','','images/1245/1gqbpxar3q1m.png',0],[1316,'欧本','歐本','KAS Eupen','','images/1316/1j5hhgvw2cv.png',0],[1319,'威尔郡','威爾郡','Zulte-Waregem','','images/1319/1j5hhgvw2dj.png',0],[1686,'安特卫普','安特衛普','Royal Antwerp','','images/1686/1gtqkzv9yt13.png',0],[8564,'摩斯高伦','苗斯干','Mouscron Peruwelz','','images/20130403150504.jpg',0]];
var TotalBs = [[1,1244,29,16,3,10,55.2,10.3,34.5],[2,8564,29,15,2,12,51.7,6.9,41.4],[3,170,29,15,2,12,51.7,6.9,41.4],[4,1242,29,15,2,12,51.7,6.9,41.4],[5,1686,29,15,1,13,51.7,3.4,44.8],[6,1319,29,14,2,13,48.3,6.9,44.8],[7,140,29,14,2,13,48.3,6.9,44.8],[8,130,29,13,4,12,44.8,13.8,41.4],[9,1245,29,13,2,14,44.8,6.9,48.3],[10,147,29,12,6,11,41.4,20.7,37.9],[11,164,29,12,5,12,41.4,17.2,41.4],[12,156,29,11,5,13,37.9,17.2,44.8],[13,153,29,11,3,15,37.9,10.3,51.7],[14,122,29,11,3,15,37.9,10.3,51.7],[15,1316,29,10,3,16,34.5,10.3,55.2],[16,148,29,9,3,17,31,10.3,58.6]];
var HomeBs = [[1,1244,15,9,1,5,60,6.7,33.3],[2,170,15,9,0,6,60,0,40],[3,1245,14,8,2,4,57.1,14.3,28.6],[4,1319,14,8,1,5,57.1,7.1,35.7],[5,1686,14,8,0,6,57.1,0,42.9],[6,1242,15,8,1,6,53.3,6.7,40],[7,8564,15,7,1,7,46.7,6.7,46.7],[8,140,15,7,1,7,46.7,6.7,46.7],[9,164,14,6,3,5,42.9,21.4,35.7],[10,122,14,6,2,6,42.9,14.3,42.9],[11,153,15,6,1,8,40,6.7,53.3],[12,147,14,5,4,5,35.7,28.6,35.7],[13,1316,14,5,0,9,35.7,0,64.3],[14,130,15,4,3,8,26.7,20,53.3],[15,156,14,4,2,8,28.6,14.3,57.1],[16,148,15,3,2,10,20,13.3,66.7]];
var GuestBs = [[1,130,14,9,1,4,64.3,7.1,28.6],[2,8564,14,8,1,5,57.1,7.1,35.7],[3,1244,14,7,2,5,50,14.3,35.7],[4,156,15,7,3,5,46.7,20,33.3],[5,147,15,7,2,6,46.7,13.3,40],[6,1242,14,7,1,6,50,7.1,42.9],[7,140,14,7,1,6,50,7.1,42.9],[8,1686,15,7,1,7,46.7,6.7,46.7],[9,170,14,6,2,6,42.9,14.3,42.9],[10,148,14,6,1,7,42.9,7.1,50],[11,164,15,6,2,7,40,13.3,46.7],[12,1319,15,6,1,8,40,6.7,53.3],[13,153,14,5,2,7,35.7,14.3,50],[14,1316,15,5,3,7,33.3,20,46.7],[15,122,15,5,1,9,33.3,6.7,60],[16,1245,15,5,0,10,33.3,0,66.7]];
var TotalBsHalf = [[1,140,29,15,0,14,51.7,0,48.3],[2,1316,29,12,7,10,41.4,24.1,34.5],[3,147,29,11,3,15,37.9,10.3,51.7],[4,153,29,11,2,16,37.9,6.9,55.2],[5,1319,29,11,0,18,37.9,0,62.1],[6,1686,29,10,6,13,34.5,20.7,44.8],[7,170,29,10,3,16,34.5,10.3,55.2],[8,148,29,10,2,17,34.5,6.9,58.6],[9,1244,29,9,6,14,31,20.7,48.3],[10,1245,29,9,6,14,31,20.7,48.3],[11,164,29,9,3,17,31,10.3,58.6],[12,156,29,9,2,18,31,6.9,62.1],[13,8564,29,8,9,12,27.6,31,41.4],[14,1242,29,8,4,17,27.6,13.8,58.6],[15,122,29,7,8,14,24.1,27.6,48.3],[16,130,29,7,7,15,24.1,24.1,51.7]];
var HomeBsHalf = [[1,140,15,8,0,7,53.3,0,46.7],[2,153,15,7,0,8,46.7,0,53.3],[3,1316,14,6,3,5,42.9,21.4,35.7],[4,1686,14,6,2,6,42.9,14.3,42.9],[5,170,15,6,2,7,40,13.3,46.7],[6,1319,14,6,0,8,42.9,0,57.1],[7,1244,15,5,3,7,33.3,20,46.7],[8,147,14,5,2,7,35.7,14.3,50],[9,148,15,5,2,8,33.3,13.3,53.3],[10,8564,15,4,6,5,26.7,40,33.3],[11,1242,15,4,3,8,26.7,20,53.3],[12,164,14,4,1,9,28.6,7.1,64.3],[13,1245,14,3,5,6,21.4,35.7,42.9],[14,130,15,3,3,9,20,20,60],[15,156,14,3,1,10,21.4,7.1,71.4],[16,122,14,3,1,10,21.4,7.1,71.4]];
var GuestBsHalf = [[1,140,14,7,0,7,50,0,50],[2,1316,15,6,4,5,40,26.7,33.3],[3,1245,15,6,1,8,40,6.7,53.3],[4,147,15,6,1,8,40,6.7,53.3],[5,156,15,6,1,8,40,6.7,53.3],[6,164,15,5,2,8,33.3,13.3,53.3],[7,148,14,5,0,9,35.7,0,64.3],[8,1319,15,5,0,10,33.3,0,66.7],[9,122,15,4,7,4,26.7,46.7,26.7],[10,130,14,4,4,6,28.6,28.6,42.9],[11,1244,14,4,3,7,28.6,21.4,50],[12,8564,14,4,3,7,28.6,21.4,50],[13,1686,15,4,4,7,26.7,26.7,46.7],[14,153,14,4,2,8,28.6,14.3,57.1],[15,170,14,4,1,9,28.6,7.1,64.3],[16,1242,14,4,1,9,28.6,7.1,64.3]];
var addUp = [206,44.4,48,10.3,210,45.3,[55.2,1244],[58.6,148],[60,1244,170],[66.7,148],[64.3,130],[66.7,1245]];
var addUpHalf = [156,33.6,68,14.7,240,51.7,[51.7,140],[62.1,1319,156],[53.3,140],[71.4,156,122],[50,140],[66.7,1319]];
var lastUpdateTime = '2025-01-19 09:03:41';
