var arrLeague = [273,'澳洲甲组联赛','澳洲甲組聯賽','Australia A-League','2020-2021','#FF7000','league_match/images/167305577951.png','澳洲甲','澳洲甲','AUS D1'];
var arrTeam = [[2900,'阿德莱德联','阿德萊德聯','Adelaide United','','images/2900/1hd5avvjts1y.png',0],[2901,'墨尔本胜利','墨爾本勝利','Melbourne Victory','','images/2901/1jaekt97145.png',0],[2909,'悉尼FC','悉尼FC','Sydney FC','','images/2909/1gq92j83knp.png',0],[2910,'中央海岸水手','中岸水手','Central Coast Mariners','','images/2910/1hd5avvjt32h.png',0],[2913,'珀斯光荣','珀斯光輝','Perth Glory','','images/2913/1h5bja71yq6.png',0],[2914,'布里斯班狮吼','布里斯本獅吼','Brisbane Roar','','images/2914/1j63q4e1gy18.png',0],[2915,'纽卡斯尔喷气机','紐卡素噴射機','Newcastle Jets','','images/2915/1hdajpw3vks.png',0],[5953,'惠灵顿凤凰','威靈頓鳳凰','Wellington Phoenix','','images/5953/1h6z210pqs2n.png',0],[14549,'墨尔本城','墨爾本城','Melbourne City','','images/14549/1gq92j83kv7.png',0],[20394,'西悉尼流浪者','西悉尼流浪者','Western Sydney','','images/20130923112441.png',0],[24502,'西部联','西部聯','Western United FC','','images/24502/1j3h5y5j79d.png',0],[51511,'麦克阿瑟FC','麥克阿瑟FC','FC Macarthur','','images/51511/1gq6jzjepr13.png',0]];
var TotalPanLu = [[1,2910,27,8,6,13,16,0,11,5,59.3,0,40.7],[2,5953,26,7,6,13,15,1,10,5,57.7,3.8,38.5],[3,20394,26,11,5,10,15,1,10,5,57.7,3.8,38.5],[4,14549,28,25,3,0,15,1,12,3,53.6,3.6,42.9],[5,51511,28,12,4,12,15,0,13,2,53.6,0,46.4],[6,2900,28,9,5,14,14,0,14,0,50,0,50],[7,2909,28,23,3,2,13,2,13,0,46.4,7.1,46.4],[8,2913,26,9,6,11,12,1,13,-1,46.2,3.8,50],[9,2914,27,11,7,9,12,3,12,0,44.4,11.1,44.4],[10,2901,26,2,4,20,10,1,15,-5,38.5,3.8,57.7],[11,2915,26,6,6,14,10,0,16,-6,38.5,0,61.5],[12,24502,26,8,5,13,9,0,17,-8,34.6,0,65.4]];
var HomePanLu = [[1,14549,15,14,1,0,10,1,4,6,66.7,6.7,26.7],[2,2913,13,8,2,3,7,1,5,2,53.8,7.7,38.5],[3,2900,13,8,2,3,7,0,6,1,53.8,0,46.2],[4,2909,14,13,0,1,7,1,6,1,50,7.1,42.9],[5,2910,14,7,2,5,7,0,7,0,50,0,50],[6,20394,13,9,3,1,6,0,7,-1,46.2,0,53.8],[7,24502,13,6,4,3,6,0,7,-1,46.2,0,53.8],[8,5953,13,6,5,2,5,1,7,-2,38.5,7.7,53.8],[9,51511,13,10,1,2,5,0,8,-3,38.5,0,61.5],[10,2901,13,2,4,7,5,0,8,-3,38.5,0,61.5],[11,2914,14,10,3,1,5,1,8,-3,35.7,7.1,57.1],[12,2915,13,6,3,4,3,0,10,-7,23.1,0,76.9]];
var GuestPanLu = [[1,5953,13,1,1,11,10,0,3,7,76.9,0,23.1],[2,20394,13,2,2,9,9,1,3,6,69.2,7.7,23.1],[3,2910,13,1,4,8,9,0,4,5,69.2,0,30.8],[4,51511,15,2,3,10,10,0,5,5,66.7,0,33.3],[5,2914,13,1,4,8,7,2,4,3,53.8,15.4,30.8],[6,2915,13,0,3,10,7,0,6,1,53.8,0,46.2],[7,2900,15,1,3,11,7,0,8,-1,46.7,0,53.3],[8,2909,14,10,3,1,6,1,7,-1,42.9,7.1,50],[9,2901,13,0,0,13,5,1,7,-2,38.5,7.7,53.8],[10,2913,13,1,4,8,5,0,8,-3,38.5,0,61.5],[11,14549,13,11,2,0,5,0,8,-3,38.5,0,61.5],[12,24502,13,2,1,10,3,0,10,-7,23.1,0,76.9]];
var TotalHalfPanLu = [[1,5953,26,5,14,7,13,8,5,8,50,30.8,19.2],[2,14549,28,19,9,0,13,2,13,0,46.4,7.1,46.4],[3,51511,28,8,14,6,12,8,8,4,42.9,28.6,28.6],[4,2900,28,4,15,9,12,7,9,3,42.9,25,32.1],[5,20394,26,3,18,5,11,4,11,0,42.3,15.4,42.3],[6,2910,27,5,15,7,11,7,9,2,40.7,25.9,33.3],[7,2913,26,3,17,6,10,6,10,0,38.5,23.1,38.5],[8,2914,27,6,18,3,10,8,9,1,37,29.6,33.3],[9,2909,28,16,12,0,9,4,15,-6,32.1,14.3,53.6],[10,24502,26,2,16,8,8,8,10,-2,30.8,30.8,38.5],[11,2915,26,3,15,8,8,4,14,-6,30.8,15.4,53.8],[12,2901,26,0,11,15,7,8,11,-4,26.9,30.8,42.3]];
var HomeHalfPanLu = [[1,14549,15,13,2,0,7,0,8,-1,46.7,0,53.3],[2,5953,13,5,7,1,6,4,3,3,46.2,30.8,23.1],[3,51511,13,7,5,1,6,2,5,1,46.2,15.4,38.5],[4,2909,14,12,2,0,6,2,6,0,42.9,14.3,42.9],[5,2913,13,3,10,0,5,4,4,1,38.5,30.8,30.8],[6,24502,13,2,9,2,5,4,4,1,38.5,30.8,30.8],[7,20394,13,2,10,1,5,2,6,-1,38.5,15.4,46.2],[8,2914,14,6,7,1,5,3,6,-1,35.7,21.4,42.9],[9,2900,13,3,9,1,4,5,4,0,30.8,38.5,30.8],[10,2910,14,5,8,1,4,3,7,-3,28.6,21.4,50],[11,2901,13,0,9,4,3,6,4,-1,23.1,46.2,30.8],[12,2915,13,3,9,1,3,2,8,-5,23.1,15.4,61.5]];
var GuestHalfPanLu = [[1,2910,13,0,7,6,7,4,2,5,53.8,30.8,15.4],[2,5953,13,0,7,6,7,4,2,5,53.8,30.8,15.4],[3,2900,15,1,6,8,8,2,5,3,53.3,13.3,33.3],[4,14549,13,6,7,0,6,2,5,1,46.2,15.4,38.5],[5,20394,13,1,8,4,6,2,5,1,46.2,15.4,38.5],[6,51511,15,1,9,5,6,6,3,3,40,40,20],[7,2914,13,0,11,2,5,5,3,2,38.5,38.5,23.1],[8,2915,13,0,6,7,5,2,6,-1,38.5,15.4,46.2],[9,2913,13,0,7,6,5,2,6,-1,38.5,15.4,46.2],[10,2901,13,0,2,11,4,2,7,-3,30.8,15.4,53.8],[11,24502,13,0,7,6,3,4,6,-3,23.1,30.8,46.2],[12,2909,14,4,10,0,3,2,9,-6,21.4,14.3,64.3]];
var addUp = [73,45.3,5,3.1,83,51.6,[59.3,2910],[65.4,24502],[66.7,14549],[76.9,2915],[76.9,5953],[76.9,24502],[11.1,2914],[0,2910,51511,2900,2915,24502]];
var addUpHalf = [59,36.6,37,23,65,40.4,[50,5953],[53.8,2915],[46.7,14549],[61.5,2915],[53.8,2910,5953],[64.3,2909],[30.8,5953,24502,2901],[7.1,14549]];
var lastUpdateTime = '2025-01-18 16:49:58';
