var arrLeague = [273,'澳洲甲组联赛','澳洲甲組聯賽','Australia A-League','2020-2021','#FF7000','league_match/images/167305577951.png','澳洲甲','澳洲甲','AUS D1'];
var arrTeam = [[2900,'阿德莱德联','阿德萊德聯','Adelaide United','','images/2900/1hd5avvjts1y.png',0],[2901,'墨尔本胜利','墨爾本勝利','Melbourne Victory','','images/2901/1jaekt97145.png',0],[2909,'悉尼FC','悉尼FC','Sydney FC','','images/2909/1gq92j83knp.png',0],[2910,'中央海岸水手','中岸水手','Central Coast Mariners','','images/2910/1hd5avvjt32h.png',0],[2913,'珀斯光荣','珀斯光輝','Perth Glory','','images/2913/1h5bja71yq6.png',0],[2914,'布里斯班狮吼','布里斯本獅吼','Brisbane Roar','','images/2914/1j63q4e1gy18.png',0],[2915,'纽卡斯尔喷气机','紐卡素噴射機','Newcastle Jets','','images/2915/1hdajpw3vks.png',0],[5953,'惠灵顿凤凰','威靈頓鳳凰','Wellington Phoenix','','images/5953/1h6z210pqs2n.png',0],[14549,'墨尔本城','墨爾本城','Melbourne City','','images/14549/1gq92j83kv7.png',0],[20394,'西悉尼流浪者','西悉尼流浪者','Western Sydney','','images/20130923112441.png',0],[24502,'西部联','西部聯','Western United FC','','images/24502/1j3h5y5j79d.png',0],[51511,'麦克阿瑟FC','麥克阿瑟FC','FC Macarthur','','images/51511/1gq6jzjepr13.png',0]];
var TotalBs = [[1,2900,28,16,3,9,57.1,10.7,32.1],[2,5953,26,16,1,9,61.5,3.8,34.6],[3,2913,26,15,4,7,57.7,15.4,26.9],[4,14549,28,15,3,10,53.6,10.7,35.7],[5,20394,26,14,1,11,53.8,3.8,42.3],[6,51511,28,14,1,13,50,3.6,46.4],[7,2901,26,13,2,11,50,7.7,42.3],[8,24502,26,13,1,12,50,3.8,46.2],[9,2914,27,13,1,13,48.1,3.7,48.1],[10,2915,26,13,0,13,50,0,50],[11,2909,28,12,0,16,42.9,0,57.1],[12,2910,27,10,1,16,37,3.7,59.3]];
var HomeBs = [[1,14549,15,11,1,3,73.3,6.7,20],[2,5953,13,9,1,3,69.2,7.7,23.1],[3,51511,13,9,0,4,69.2,0,30.8],[4,2913,13,8,2,3,61.5,15.4,23.1],[5,2901,13,7,1,5,53.8,7.7,38.5],[6,20394,13,7,1,5,53.8,7.7,38.5],[7,2900,13,6,0,7,46.2,0,53.8],[8,2910,14,6,1,7,42.9,7.1,50],[9,2915,13,6,0,7,46.2,0,53.8],[10,2914,14,5,1,8,35.7,7.1,57.1],[11,24502,13,4,1,8,30.8,7.7,61.5],[12,2909,14,4,0,10,28.6,0,71.4]];
var GuestBs = [[1,2900,15,10,3,2,66.7,20,13.3],[2,24502,13,9,0,4,69.2,0,30.8],[3,2914,13,8,0,5,61.5,0,38.5],[4,2909,14,8,0,6,57.1,0,42.9],[5,2913,13,7,2,4,53.8,15.4,30.8],[6,2915,13,7,0,6,53.8,0,46.2],[7,5953,13,7,0,6,53.8,0,46.2],[8,20394,13,7,0,6,53.8,0,46.2],[9,2901,13,6,1,6,46.2,7.7,46.2],[10,51511,15,5,1,9,33.3,6.7,60],[11,14549,13,4,2,7,30.8,15.4,53.8],[12,2910,13,4,0,9,30.8,0,69.2]];
var TotalBsHalf = [[1,14549,28,14,0,14,50,0,50],[2,51511,28,12,6,10,42.9,21.4,35.7],[3,2913,26,12,2,12,46.2,7.7,46.2],[4,2900,28,12,2,14,42.9,7.1,50],[5,2901,26,11,3,12,42.3,11.5,46.2],[6,24502,26,11,2,13,42.3,7.7,50],[7,20394,26,10,6,10,38.5,23.1,38.5],[8,2910,27,10,5,12,37,18.5,44.4],[9,5953,26,9,8,9,34.6,30.8,34.6],[10,2914,27,9,7,11,33.3,25.9,40.7],[11,2915,26,8,10,8,30.8,38.5,30.8],[12,2909,28,6,7,15,21.4,25,53.6]];
var HomeBsHalf = [[1,14549,15,10,0,5,66.7,0,33.3],[2,2913,13,8,0,5,61.5,0,38.5],[3,2910,14,7,3,4,50,21.4,28.6],[4,20394,13,6,2,5,46.2,15.4,38.5],[5,51511,13,5,4,4,38.5,30.8,30.8],[6,5953,13,5,4,4,38.5,30.8,30.8],[7,2901,13,5,2,6,38.5,15.4,46.2],[8,24502,13,4,2,7,30.8,15.4,53.8],[9,2900,13,4,2,7,30.8,15.4,53.8],[10,2914,14,4,2,8,28.6,14.3,57.1],[11,2915,13,3,5,5,23.1,38.5,38.5],[12,2909,14,1,3,10,7.1,21.4,71.4]];
var GuestBsHalf = [[1,2900,15,8,0,7,53.3,0,46.7],[2,24502,13,7,0,6,53.8,0,46.2],[3,51511,15,7,2,6,46.7,13.3,40],[4,2901,13,6,1,6,46.2,7.7,46.2],[5,2915,13,5,5,3,38.5,38.5,23.1],[6,2914,13,5,5,3,38.5,38.5,23.1],[7,2909,14,5,4,5,35.7,28.6,35.7],[8,20394,13,4,4,5,30.8,30.8,38.5],[9,5953,13,4,4,5,30.8,30.8,38.5],[10,2913,13,4,2,7,30.8,15.4,53.8],[11,14549,13,4,0,9,30.8,0,69.2],[12,2910,13,3,2,8,23.1,15.4,61.5]];
var addUp = [164,50.9,18,5.6,140,43.5,[61.5,5953],[59.3,2910],[73.3,14549],[71.4,2909],[69.2,24502],[69.2,2910]];
var addUpHalf = [124,38.5,58,18,140,43.5,[50,14549],[53.6,2909],[66.7,14549],[71.4,2909],[53.8,24502],[69.2,14549]];
var lastUpdateTime = '2025-01-18 16:50:11';
