var arrLeague = [273,'澳洲甲组联赛','澳洲甲組聯賽','Australia A-League','2023-2024','#FF7000','league_match/images/167305577951.png','澳洲甲','澳洲甲','AUS D1'];
var arrTeam = [[2900,'阿德莱德联','阿德萊德聯','Adelaide United','','images/2900/1hd5avvjts1y.png',0],[2901,'墨尔本胜利','墨爾本勝利','Melbourne Victory','','images/2901/1jaekt97145.png',0],[2909,'悉尼FC','悉尼FC','Sydney FC','','images/2909/1gq92j83knp.png',0],[2910,'中央海岸水手','中岸水手','Central Coast Mariners','','images/2910/1hd5avvjt32h.png',0],[2913,'珀斯光荣','珀斯光輝','Perth Glory','','images/2913/1h5bja71yq6.png',0],[2914,'布里斯班狮吼','布里斯本獅吼','Brisbane Roar','','images/2914/1j63q4e1gy18.png',0],[2915,'纽卡斯尔喷气机','紐卡素噴射機','Newcastle Jets','','images/2915/1hdajpw3vks.png',0],[5953,'惠灵顿凤凰','威靈頓鳳凰','Wellington Phoenix','','images/5953/1h6z210pqs2n.png',0],[14549,'墨尔本城','墨爾本城','Melbourne City','','images/14549/1gq92j83kv7.png',0],[20394,'西悉尼流浪者','西悉尼流浪者','Western Sydney','','images/20130923112441.png',0],[24502,'西部联','西部聯','Western United FC','','images/24502/1j3h5y5j79d.png',0],[51511,'麦克阿瑟FC','麥克阿瑟FC','FC Macarthur','','images/51511/1gq6jzjepr13.png',0]];
var TotalPanLu = [[1,5953,29,6,7,16,21,4,4,17,72.4,13.8,13.8],[2,2910,30,21,3,6,19,1,10,9,63.3,3.3,33.3],[3,51511,28,6,4,18,15,1,12,3,53.6,3.6,42.9],[4,24502,27,5,2,20,13,1,13,0,48.1,3.7,48.1],[5,2915,27,5,3,19,13,1,13,0,48.1,3.7,48.1],[6,2909,30,22,2,6,14,1,15,-1,46.7,3.3,50],[7,20394,27,13,7,7,11,2,14,-3,40.7,7.4,51.9],[8,14549,28,22,2,4,11,2,15,-4,39.3,7.1,53.6],[9,2914,27,8,6,13,10,3,14,-4,37,11.1,51.9],[10,2913,27,4,5,18,10,1,16,-6,37,3.7,59.3],[11,2900,27,9,7,11,10,1,16,-6,37,3.7,59.3],[12,2901,31,22,4,5,11,4,16,-5,35.5,12.9,51.6]];
var HomePanLu = [[1,5953,14,6,3,5,12,1,1,11,85.7,7.1,7.1],[2,2910,16,15,1,0,9,1,6,3,56.2,6.2,37.5],[3,2909,15,15,0,0,8,1,6,2,53.3,6.7,40],[4,24502,13,5,2,6,6,1,6,0,46.2,7.7,46.2],[5,51511,14,6,3,5,6,1,7,-1,42.9,7.1,50],[6,14549,14,13,1,0,6,1,7,-1,42.9,7.1,50],[7,2915,13,5,2,6,5,1,7,-2,38.5,7.7,53.8],[8,2914,14,7,4,3,5,2,7,-2,35.7,14.3,50],[9,2913,14,4,5,5,5,1,8,-3,35.7,7.1,57.1],[10,2900,14,9,2,3,5,0,9,-4,35.7,0,64.3],[11,20394,13,10,2,1,4,0,9,-5,30.8,0,69.2],[12,2901,15,14,1,0,4,1,10,-6,26.7,6.7,66.7]];
var GuestPanLu = [[1,2910,14,6,2,6,10,0,4,6,71.4,0,28.6],[2,51511,14,0,1,13,9,0,5,4,64.3,0,35.7],[3,5953,15,0,4,11,9,3,3,6,60,20,20],[4,2915,14,0,1,13,8,0,6,2,57.1,0,42.9],[5,20394,14,3,5,6,7,2,5,2,50,14.3,35.7],[6,24502,14,0,0,14,7,0,7,0,50,0,50],[7,2901,16,8,3,5,7,3,6,1,43.8,18.8,37.5],[8,2909,15,7,2,6,6,0,9,-3,40,0,60],[9,2900,13,0,5,8,5,1,7,-2,38.5,7.7,53.8],[10,2914,13,1,2,10,5,1,7,-2,38.5,7.7,53.8],[11,2913,13,0,0,13,5,0,8,-3,38.5,0,61.5],[12,14549,14,9,1,4,5,1,8,-3,35.7,7.1,57.1]];
var TotalHalfPanLu = [[1,5953,29,6,13,10,17,8,4,13,58.6,27.6,13.8],[2,2915,27,1,9,17,15,2,10,5,55.6,7.4,37],[3,2909,30,19,7,4,15,4,11,4,50,13.3,36.7],[4,51511,28,4,12,12,12,7,9,3,42.9,25,32.1],[5,2910,30,15,12,3,12,6,12,0,40,20,40],[6,14549,28,19,7,2,11,5,12,-1,39.3,17.9,42.9],[7,20394,27,9,12,6,10,5,12,-2,37,18.5,44.4],[8,24502,27,1,10,16,10,5,12,-2,37,18.5,44.4],[9,2900,27,8,11,8,10,3,14,-4,37,11.1,51.9],[10,2914,27,5,13,9,9,5,13,-4,33.3,18.5,48.1],[11,2901,31,15,14,2,10,9,12,-2,32.3,29,38.7],[12,2913,27,2,10,15,6,5,16,-10,22.2,18.5,59.3]];
var HomeHalfPanLu = [[1,2909,15,13,2,0,8,2,5,3,53.3,13.3,33.3],[2,2915,13,1,7,5,7,2,4,3,53.8,15.4,30.8],[3,5953,14,6,6,2,7,5,2,5,50,35.7,14.3],[4,14549,14,12,2,0,7,2,5,2,50,14.3,35.7],[5,2900,14,8,5,1,7,0,7,0,50,0,50],[6,24502,13,1,8,4,5,3,5,0,38.5,23.1,38.5],[7,2910,16,12,4,0,5,3,8,-3,31.2,18.8,50],[8,20394,13,9,3,1,4,0,9,-5,30.8,0,69.2],[9,2901,15,12,3,0,4,2,9,-5,26.7,13.3,60],[10,51511,14,4,9,1,3,6,5,-2,21.4,42.9,35.7],[11,2913,14,2,8,4,3,4,7,-4,21.4,28.6,50],[12,2914,14,5,8,1,3,3,8,-5,21.4,21.4,57.1]];
var GuestHalfPanLu = [[1,5953,15,0,7,8,10,3,2,8,66.7,20,13.3],[2,51511,14,0,3,11,9,1,4,5,64.3,7.1,28.6],[3,2915,14,0,2,12,8,0,6,2,57.1,0,42.9],[4,2910,14,3,8,3,7,3,4,3,50,21.4,28.6],[5,2909,15,6,5,4,7,2,6,1,46.7,13.3,40],[6,2914,13,0,5,8,6,2,5,1,46.2,15.4,38.5],[7,20394,14,0,9,5,6,5,3,3,42.9,35.7,21.4],[8,2901,16,3,11,2,6,7,3,3,37.5,43.8,18.8],[9,24502,14,0,2,12,5,2,7,-2,35.7,14.3,50],[10,14549,14,7,5,2,4,3,7,-3,28.6,21.4,50],[11,2900,13,0,6,7,3,3,7,-4,23.1,23.1,53.8],[12,2913,13,0,2,11,3,1,9,-6,23.1,7.7,69.2]];
var addUp = [75,44.4,11,6.5,83,49.1,[72.4,5953],[59.3,2913,2900],[85.7,5953],[69.2,20394],[71.4,2910],[61.5,2913],[13.8,5953],[3.3,2910,2909]];
var addUpHalf = [63,37.3,32,18.9,74,43.8,[58.6,5953],[59.3,2913],[53.8,2915],[69.2,20394],[66.7,5953],[69.2,2913],[29,2901],[7.4,2915]];
var lastUpdateTime = '2025-01-18 10:06:59';
