var arrLeague = [273,'澳洲甲组联赛','澳洲甲組聯賽','Australia A-League','2023-2024','#FF7000','league_match/images/167305577951.png','澳洲甲','澳洲甲','AUS D1'];
var arrTeam = [[2900,'阿德莱德联','阿德萊德聯','Adelaide United','','images/2900/1hd5avvjts1y.png',0],[2901,'墨尔本胜利','墨爾本勝利','Melbourne Victory','','images/2901/1jaekt97145.png',0],[2909,'悉尼FC','悉尼FC','Sydney FC','','images/2909/1gq92j83knp.png',0],[2910,'中央海岸水手','中岸水手','Central Coast Mariners','','images/2910/1hd5avvjt32h.png',0],[2913,'珀斯光荣','珀斯光輝','Perth Glory','','images/2913/1h5bja71yq6.png',0],[2914,'布里斯班狮吼','布里斯本獅吼','Brisbane Roar','','images/2914/1j63q4e1gy18.png',0],[2915,'纽卡斯尔喷气机','紐卡素噴射機','Newcastle Jets','','images/2915/1hdajpw3vks.png',0],[5953,'惠灵顿凤凰','威靈頓鳳凰','Wellington Phoenix','','images/5953/1h6z210pqs2n.png',0],[14549,'墨尔本城','墨爾本城','Melbourne City','','images/14549/1gq92j83kv7.png',0],[20394,'西悉尼流浪者','西悉尼流浪者','Western Sydney','','images/20130923112441.png',0],[24502,'西部联','西部聯','Western United FC','','images/24502/1j3h5y5j79d.png',0],[51511,'麦克阿瑟FC','麥克阿瑟FC','FC Macarthur','','images/51511/1gq6jzjepr13.png',0]];
var TotalBs = [[1,2913,27,16,4,7,59.3,14.8,25.9],[2,2915,27,14,2,11,51.9,7.4,40.7],[3,2900,27,14,2,11,51.9,7.4,40.7],[4,24502,27,13,3,11,48.1,11.1,40.7],[5,51511,28,13,3,12,46.4,10.7,42.9],[6,2909,30,13,4,13,43.3,13.3,43.3],[7,20394,27,12,2,13,44.4,7.4,48.1],[8,2914,27,11,6,10,40.7,22.2,37],[9,2910,30,9,6,15,30,20,50],[10,14549,28,9,4,15,32.1,14.3,53.6],[11,2901,31,9,2,20,29,6.5,64.5],[12,5953,29,7,6,16,24.1,20.7,55.2]];
var HomeBs = [[1,2913,14,9,2,3,64.3,14.3,21.4],[2,2900,14,8,2,4,57.1,14.3,28.6],[3,2914,14,7,4,3,50,28.6,21.4],[4,51511,14,6,2,6,42.9,14.3,42.9],[5,2915,13,6,1,6,46.2,7.7,46.2],[6,20394,13,6,1,6,46.2,7.7,46.2],[7,2909,15,6,1,8,40,6.7,53.3],[8,2910,16,6,2,8,37.5,12.5,50],[9,24502,13,5,2,6,38.5,15.4,46.2],[10,14549,14,5,0,9,35.7,0,64.3],[11,2901,15,4,1,10,26.7,6.7,66.7],[12,5953,14,2,4,8,14.3,28.6,57.1]];
var GuestBs = [[1,24502,14,8,1,5,57.1,7.1,35.7],[2,2915,14,8,1,5,57.1,7.1,35.7],[3,2913,13,7,2,4,53.8,15.4,30.8],[4,2909,15,7,3,5,46.7,20,33.3],[5,51511,14,7,1,6,50,7.1,42.9],[6,2900,13,6,0,7,46.2,0,53.8],[7,20394,14,6,1,7,42.9,7.1,50],[8,5953,15,5,2,8,33.3,13.3,53.3],[9,2901,16,5,1,10,31.2,6.2,62.5],[10,14549,14,4,4,6,28.6,28.6,42.9],[11,2914,13,4,2,7,30.8,15.4,53.8],[12,2910,14,3,4,7,21.4,28.6,50]];
var TotalBsHalf = [[1,2913,27,15,0,12,55.6,0,44.4],[2,2909,30,14,0,16,46.7,0,53.3],[3,20394,27,13,0,14,48.1,0,51.9],[4,2900,27,12,0,15,44.4,0,55.6],[5,2914,27,11,0,16,40.7,0,59.3],[6,51511,28,10,1,17,35.7,3.6,60.7],[7,2901,31,10,0,21,32.3,0,67.7],[8,24502,27,9,0,18,33.3,0,66.7],[9,14549,28,9,0,19,32.1,0,67.9],[10,2910,30,8,0,22,26.7,0,73.3],[11,2915,27,7,0,20,25.9,0,74.1],[12,5953,29,6,1,22,20.7,3.4,75.9]];
var HomeBsHalf = [[1,2913,14,10,0,4,71.4,0,28.6],[2,2900,14,8,0,6,57.1,0,42.9],[3,2914,14,7,0,7,50,0,50],[4,20394,13,6,0,7,46.2,0,53.8],[5,2901,15,6,0,9,40,0,60],[6,2910,16,5,0,11,31.2,0,68.8],[7,51511,14,4,1,9,28.6,7.1,64.3],[8,2909,15,4,0,11,26.7,0,73.3],[9,24502,13,3,0,10,23.1,0,76.9],[10,2915,13,3,0,10,23.1,0,76.9],[11,5953,14,3,0,11,21.4,0,78.6],[12,14549,14,3,0,11,21.4,0,78.6]];
var GuestBsHalf = [[1,2909,15,10,0,5,66.7,0,33.3],[2,20394,14,7,0,7,50,0,50],[3,14549,14,6,0,8,42.9,0,57.1],[4,24502,14,6,0,8,42.9,0,57.1],[5,51511,14,6,0,8,42.9,0,57.1],[6,2913,13,5,0,8,38.5,0,61.5],[7,2914,13,4,0,9,30.8,0,69.2],[8,2900,13,4,0,9,30.8,0,69.2],[9,2915,14,4,0,10,28.6,0,71.4],[10,2901,16,4,0,12,25,0,75],[11,2910,14,3,0,11,21.4,0,78.6],[12,5953,15,3,1,11,20,6.7,73.3]];
var addUp = [140,41.4,44,13,154,45.6,[59.3,2913],[64.5,2901],[64.3,2913],[66.7,2901],[57.1,24502,2915],[62.5,2901]];
var addUpHalf = [124,36.7,2,0.6,212,62.7,[55.6,2913],[75.9,5953],[71.4,2913],[78.6,5953,14549],[66.7,2909],[78.6,2910]];
var lastUpdateTime = '2025-01-18 10:07:14';
