var arrLeague = [17,'荷兰乙组联赛','荷蘭乙組聯賽','Holland Eerste Divisie','2020-2021','#FFC4E1','league_match/images/20200419030037.jpg','荷乙','荷乙','HOL D2'];
var arrTeam = [[232,'布雷达','比達','NAC Breda','','images/232/1grmmyzcmyj.png',0],[233,'罗达JC','洛達','Roda JC','','images/233/1heh20g0cp16.png',0],[239,'奈梅亨','NEC尼美根','NEC Nijmegen','','images/165095704158.png',0],[243,'格拉夫夏普','迪加史卓普','De Graafschap','','images/243/1gtg0nv5p6e.png',0],[258,'邓伯什','丹博斯治','Den Bosch','','images/258/1jh72ghqsq2.png',0],[270,'SBV精英','SBV精英隊','Excelsior SBV','','images/270/1h5bja71et21.png',0],[275,'赫尔蒙德','靴蒙特','Helmond Sport','','images/275/1ht3wd9jt01z.png',0],[279,'特尔斯达','泰斯達','SC Telstar','','images/279/1h51a204km32.png',0],[280,'前进之鹰','伊高斯','Go Ahead Eagles','','images/16509570569.png',0],[281,'奥斯','奧斯','FC Oss','','images/281/1gpyr7b7ta3.png',0],[287,'多德勒支','多德勒支','Dordrecht','','images/287/1hy78m77g92v.png',0],[288,'坎布尔','甘堡爾','SC Cambuur','','images/165095700772.png',0],[290,'马斯特里赫特','馬斯特里赫特','MVV Maastricht','','images/290/1heh20g0cy1q.png',0],[415,'福伦丹','華倫丹','Volendam','','images/415/1h5bja71ejk.png',0],[1092,'FC埃因霍温','FC燕豪芬','FC Eindhoven','','images/1092/1heh20g0c013.png',0],[1093,'安曼','安曼','Emmen','','images/1093/1h5bjb8w50b.png',0],[2596,'阿尔梅勒城','阿梅爾城','Almere City FC','','images/2596/1hj4yssc3c1a.png',0],[7214,'阿贾克斯青年队','阿積士青年隊','Jong Ajax (Youth)','','images/7214/1j523s24jh1f.png',0],[7219,'乌德勒支青年队','烏德勒支青年隊','FC Utrecht (Youth)','','images/7219/1gpyr7b7tc21.png',0],[7416,'阿尔克马尔青年队','艾克馬亞青年隊','AZ Alkmaar (Youth)','','images/7416/1h53w1vand1k.png',0],[7580,'埃因霍温青年队','PSV燕豪芬青年隊','Jong PSV Eindhoven (Youth)','','images/7580/1gpyr7b7tc2n.png',0]];
var TotalBs = [[1,233,40,23,4,13,57.5,10,32.5],[2,415,39,20,3,16,51.3,7.7,41],[3,239,41,19,2,20,46.3,4.9,48.8],[4,258,38,18,4,16,47.4,10.5,42.1],[5,232,41,18,6,17,43.9,14.6,41.5],[6,288,38,18,3,17,47.4,7.9,44.7],[7,7416,38,18,3,17,47.4,7.9,44.7],[8,7219,38,18,2,18,47.4,5.3,47.4],[9,2596,39,18,1,20,46.2,2.6,51.3],[10,287,38,18,0,20,47.4,0,52.6],[11,290,38,17,2,19,44.7,5.3,50],[12,243,39,16,1,22,41,2.6,56.4],[13,270,38,15,3,20,39.5,7.9,52.6],[14,279,38,15,2,21,39.5,5.3,55.3],[15,7214,38,15,0,23,39.5,0,60.5],[16,280,38,14,2,22,36.8,5.3,57.9],[17,7580,38,14,1,23,36.8,2.6,60.5],[18,275,38,13,4,21,34.2,10.5,55.3],[19,1092,38,13,1,24,34.2,2.6,63.2],[20,281,38,12,4,22,31.6,10.5,57.9],[21,1093,1,0,0,1,0,0,100]];
var HomeBs = [[1,232,21,11,4,6,52.4,19,28.6],[2,7416,19,11,2,6,57.9,10.5,31.6],[3,233,19,11,2,6,57.9,10.5,31.6],[4,290,19,11,1,7,57.9,5.3,36.8],[5,279,19,11,1,7,57.9,5.3,36.8],[6,281,19,10,1,8,52.6,5.3,42.1],[7,415,19,9,3,7,47.4,15.8,36.8],[8,288,19,9,1,9,47.4,5.3,47.4],[9,1092,19,9,0,10,47.4,0,52.6],[10,287,19,9,0,10,47.4,0,52.6],[11,258,19,9,0,10,47.4,0,52.6],[12,7219,19,8,0,11,42.1,0,57.9],[13,239,20,8,1,11,40,5,55],[14,270,19,7,2,10,36.8,10.5,52.6],[15,280,19,7,1,11,36.8,5.3,57.9],[16,243,20,7,1,12,35,5,60],[17,7214,19,6,0,13,31.6,0,68.4],[18,2596,20,5,1,14,25,5,70],[19,275,19,4,2,13,21.1,10.5,68.4],[20,7580,19,4,1,14,21.1,5.3,73.7],[21,1093,1,0,0,1,0,0,100]];
var GuestBs = [[1,2596,19,13,0,6,68.4,0,31.6],[2,233,21,12,2,7,57.1,9.5,33.3],[3,415,20,11,0,9,55,0,45],[4,239,21,11,1,9,52.4,4.8,42.9],[5,7219,19,10,2,7,52.6,10.5,36.8],[6,7580,19,10,0,9,52.6,0,47.4],[7,258,19,9,4,6,47.4,21.1,31.6],[8,288,19,9,2,8,47.4,10.5,42.1],[9,275,19,9,2,8,47.4,10.5,42.1],[10,7214,19,9,0,10,47.4,0,52.6],[11,287,19,9,0,10,47.4,0,52.6],[12,243,19,9,0,10,47.4,0,52.6],[13,270,19,8,1,10,42.1,5.3,52.6],[14,232,20,7,2,11,35,10,55],[15,7416,19,7,1,11,36.8,5.3,57.9],[16,280,19,7,1,11,36.8,5.3,57.9],[17,290,19,6,1,12,31.6,5.3,63.2],[18,1092,19,4,1,14,21.1,5.3,73.7],[19,279,19,4,1,14,21.1,5.3,73.7],[20,281,19,2,3,14,10.5,15.8,73.7],[21,1093,0,0,0,0,0,0,0]];
var TotalBsHalf = [[1,7416,38,22,0,16,57.9,0,42.1],[2,233,40,21,1,18,52.5,2.5,45],[3,243,39,19,0,20,48.7,0,51.3],[4,287,38,18,0,20,47.4,0,52.6],[5,7219,38,18,0,20,47.4,0,52.6],[6,2596,39,17,2,20,43.6,5.1,51.3],[7,258,38,17,0,21,44.7,0,55.3],[8,270,38,16,0,22,42.1,0,57.9],[9,239,41,16,3,22,39,7.3,53.7],[10,7214,38,16,0,22,42.1,0,57.9],[11,288,38,16,0,22,42.1,0,57.9],[12,279,38,15,2,21,39.5,5.3,55.3],[13,7580,38,15,1,22,39.5,2.6,57.9],[14,415,39,15,0,24,38.5,0,61.5],[15,290,38,14,0,24,36.8,0,63.2],[16,232,41,14,3,24,34.1,7.3,58.5],[17,275,38,12,1,25,31.6,2.6,65.8],[18,1092,38,11,1,26,28.9,2.6,68.4],[19,280,38,10,7,21,26.3,18.4,55.3],[20,281,38,10,3,25,26.3,7.9,65.8],[21,1093,1,0,0,1,0,0,100]];
var HomeBsHalf = [[1,7416,19,14,0,5,73.7,0,26.3],[2,7219,19,11,0,8,57.9,0,42.1],[3,288,19,10,0,9,52.6,0,47.4],[4,279,19,9,1,9,47.4,5.3,47.4],[5,290,19,9,0,10,47.4,0,52.6],[6,243,20,9,0,11,45,0,55],[7,233,19,8,1,10,42.1,5.3,52.6],[8,287,19,8,0,11,42.1,0,57.9],[9,258,19,8,0,11,42.1,0,57.9],[10,281,19,7,2,10,36.8,10.5,52.6],[11,1092,19,7,1,11,36.8,5.3,57.9],[12,239,20,7,1,12,35,5,60],[13,270,19,7,0,12,36.8,0,63.2],[14,415,19,7,0,12,36.8,0,63.2],[15,7214,19,7,0,12,36.8,0,63.2],[16,232,21,7,1,13,33.3,4.8,61.9],[17,275,19,6,1,12,31.6,5.3,63.2],[18,280,19,5,2,12,26.3,10.5,63.2],[19,7580,19,5,1,13,26.3,5.3,68.4],[20,2596,20,5,1,14,25,5,70],[21,1093,1,0,0,1,0,0,100]];
var GuestBsHalf = [[1,233,21,13,0,8,61.9,0,38.1],[2,2596,19,12,1,6,63.2,5.3,31.6],[3,287,19,10,0,9,52.6,0,47.4],[4,7580,19,10,0,9,52.6,0,47.4],[5,243,19,10,0,9,52.6,0,47.4],[6,258,19,9,0,10,47.4,0,52.6],[7,270,19,9,0,10,47.4,0,52.6],[8,239,21,9,2,10,42.9,9.5,47.6],[9,7214,19,9,0,10,47.4,0,52.6],[10,7416,19,8,0,11,42.1,0,57.9],[11,415,20,8,0,12,40,0,60],[12,232,20,7,2,11,35,10,55],[13,7219,19,7,0,12,36.8,0,63.2],[14,279,19,6,1,12,31.6,5.3,63.2],[15,288,19,6,0,13,31.6,0,68.4],[16,275,19,6,0,13,31.6,0,68.4],[17,280,19,5,5,9,26.3,26.3,47.4],[18,290,19,5,0,14,26.3,0,73.7],[19,1092,19,4,0,15,21.1,0,78.9],[20,281,19,3,1,15,15.8,5.3,78.9],[21,1093,0,0,0,0,0,0,0]];
var addUp = [332,43,48,6.2,392,50.8,[57.5,233],[100,1093],[57.9,7416,233,290,279],[100,1093],[68.4,2596],[73.7,1092,279,281]];
var addUpHalf = [312,40.4,24,3.1,436,56.5,[57.9,7416],[100,1093],[73.7,7416],[100,1093],[63.2,2596],[78.9,1092,281]];
var lastUpdateTime = '2025-01-18 16:50:08';
