var arrLeague = [22,'挪威超级联赛','挪威超級聯賽','Norwegian Tippeligaen','2019','#666666','league_match/images/20200420075346.jpg','挪超','挪超','NOR D1'];
var arrTeam = [[472,'博德闪耀','波杜基林特','Bodo Glimt','','images/472/1gq6j9e9em1s.png',0],[475,'斯塔贝克','史達比克','Stabaek','','images/475/1gq6j9e9y51x.png',0],[479,'奥德格伦兰','奧特格寧蘭','Odd Grenland','','images/479/1hw70bzw2q11.png',0],[485,'瓦勒伦加','華拿倫加','Valerenga','','images/485/1gxmbkap742v.png',0],[495,'维京','維京','Viking','','images/495/1gv9q9y3qv1r.png',0],[498,'布兰','白蘭恩','Brann','','images/498/1gxmbm1ncsv.png',0],[505,'莫尔德','莫迪','Molde','','images/505/1gxmbm1nc618.png',0],[507,'罗森博格','洛辛堡','Rosenborg','','images/507/1gxmbm1ncb32.png',0],[509,'利勒斯特罗姆','利尼史特朗','Lillestrom','','images/509/1gxmbm1nc124.png',0],[514,'特罗姆瑟','特羅素','Tromso IL','','images/514/1gxmbm1ncd32.png',0],[1285,'斯托姆加斯特','史卓加斯特','Stromsgodset','','images/1285/1gxmbm1ncn10.png',0],[2255,'萨普斯堡','薩普斯堡','Sarpsborg 08','','images/2255/1gxmbm1ncd2y.png',0],[2279,'莫达伦','莫達倫','Mjondalen IF','','images/2279/1gxmbp26aa2z.png',0],[2290,'兰黑姆','雲希姆','Ranheim IL','','images/2290/1gtqm3sxjk2v.png',0],[2822,'海于格松','侯格辛特','Haugesund','','images/2822/1gxmbm1nc6q.png',0],[4174,'克里斯蒂安松','基斯迪辛特','Kristiansund BK','','images/4174/1gxmbp26a81v.png',0]];
var TotalPanLu = [[1,495,30,8,5,17,18,2,10,8,60,6.7,33.3],[2,505,30,27,3,0,18,2,10,8,60,6.7,33.3],[3,475,30,7,3,20,16,3,11,5,53.3,10,36.7],[4,2822,30,10,5,15,15,3,12,3,50,10,40],[5,472,30,18,5,7,15,2,13,2,50,6.7,43.3],[6,4174,30,8,8,14,14,4,12,2,46.7,13.3,40],[7,509,30,8,3,19,14,4,12,2,46.7,13.3,40],[8,2279,30,7,4,19,14,2,14,0,46.7,6.7,46.7],[9,1285,30,10,4,16,14,0,16,-2,46.7,0,53.3],[10,479,30,17,8,5,13,4,13,0,43.3,13.3,43.3],[11,507,30,25,2,3,13,2,15,-2,43.3,6.7,50],[12,2290,30,5,4,21,13,1,16,-3,43.3,3.3,53.3],[13,498,30,17,7,6,10,6,14,-4,33.3,20,46.7],[14,485,30,15,6,9,10,4,16,-6,33.3,13.3,53.3],[15,2255,30,10,12,8,9,7,14,-5,30,23.3,46.7],[16,514,30,6,5,19,9,4,17,-8,30,13.3,56.7]];
var HomePanLu = [[1,505,15,15,0,0,10,0,5,5,66.7,0,33.3],[2,495,15,8,5,2,9,2,4,5,60,13.3,26.7],[3,4174,15,8,4,3,9,1,5,4,60,6.7,33.3],[4,507,15,14,1,0,9,1,5,4,60,6.7,33.3],[5,472,15,13,0,2,9,0,6,3,60,0,40],[6,479,15,13,2,0,8,2,5,3,53.3,13.3,33.3],[7,509,15,8,3,4,7,3,5,2,46.7,20,33.3],[8,1285,15,9,3,3,7,0,8,-1,46.7,0,53.3],[9,475,15,7,3,5,6,2,7,-1,40,13.3,46.7],[10,485,15,13,1,1,6,1,8,-2,40,6.7,53.3],[11,2255,15,10,4,1,5,3,7,-2,33.3,20,46.7],[12,2279,15,7,4,4,5,2,8,-3,33.3,13.3,53.3],[13,2822,15,10,2,3,5,2,8,-3,33.3,13.3,53.3],[14,514,15,6,4,5,5,2,8,-3,33.3,13.3,53.3],[15,2290,15,5,4,6,5,0,10,-5,33.3,0,66.7],[16,498,15,12,2,1,3,4,8,-5,20,26.7,53.3]];
var GuestPanLu = [[1,475,15,0,0,15,10,1,4,6,66.7,6.7,26.7],[2,2822,15,0,3,12,10,1,4,6,66.7,6.7,26.7],[3,2279,15,0,0,15,9,0,6,3,60,0,40],[4,495,15,0,0,15,9,0,6,3,60,0,40],[5,505,15,12,3,0,8,2,5,3,53.3,13.3,33.3],[6,2290,15,0,0,15,8,1,6,2,53.3,6.7,40],[7,498,15,5,5,5,7,2,6,1,46.7,13.3,40],[8,509,15,0,0,15,7,1,7,0,46.7,6.7,46.7],[9,1285,15,1,1,13,7,0,8,-1,46.7,0,53.3],[10,472,15,5,5,5,6,2,7,-1,40,13.3,46.7],[11,4174,15,0,4,11,5,3,7,-2,33.3,20,46.7],[12,479,15,4,6,5,5,2,8,-3,33.3,13.3,53.3],[13,2255,15,0,8,7,4,4,7,-3,26.7,26.7,46.7],[14,485,15,2,5,8,4,3,8,-4,26.7,20,53.3],[15,514,15,0,1,14,4,2,9,-5,26.7,13.3,60],[16,507,15,11,1,3,4,1,10,-6,26.7,6.7,66.7]];
var TotalHalfPanLu = [[1,475,30,2,13,15,17,8,5,12,56.7,26.7,16.7],[2,2290,30,0,14,16,16,7,7,9,53.3,23.3,23.3],[3,472,30,11,15,4,16,3,11,5,53.3,10,36.7],[4,505,30,22,8,0,16,3,11,5,53.3,10,36.7],[5,495,30,8,9,13,14,5,11,3,46.7,16.7,36.7],[6,509,30,5,14,11,13,7,10,3,43.3,23.3,33.3],[7,514,30,4,12,14,13,4,13,0,43.3,13.3,43.3],[8,4174,30,6,13,11,13,3,14,-1,43.3,10,46.7],[9,2279,30,3,12,15,12,6,12,0,40,20,40],[10,479,30,12,14,4,12,5,13,-1,40,16.7,43.3],[11,485,30,11,11,8,10,6,14,-4,33.3,20,46.7],[12,498,30,12,15,3,10,6,14,-4,33.3,20,46.7],[13,507,30,22,6,2,10,3,17,-7,33.3,10,56.7],[14,2822,30,8,13,9,9,7,14,-5,30,23.3,46.7],[15,2255,30,10,14,6,9,6,15,-6,30,20,50],[16,1285,30,9,7,14,9,3,18,-9,30,10,60]];
var HomeHalfPanLu = [[1,472,15,11,3,1,10,0,5,5,66.7,0,33.3],[2,505,15,15,0,0,10,0,5,5,66.7,0,33.3],[3,514,15,4,9,2,9,3,3,6,60,20,20],[4,507,15,14,1,0,9,0,6,3,60,0,40],[5,4174,15,6,8,1,8,2,5,3,53.3,13.3,33.3],[6,495,15,8,5,2,7,3,5,2,46.7,20,33.3],[7,479,15,12,3,0,7,1,7,0,46.7,6.7,46.7],[8,2290,15,0,13,2,6,6,3,3,40,40,20],[9,509,15,5,10,0,6,5,4,2,40,33.3,26.7],[10,2255,15,10,4,1,6,2,7,-1,40,13.3,46.7],[11,485,15,11,4,0,6,1,8,-2,40,6.7,53.3],[12,475,15,2,11,2,5,7,3,2,33.3,46.7,20],[13,2279,15,3,10,2,4,4,7,-3,26.7,26.7,46.7],[14,2822,15,8,7,0,3,4,8,-5,20,26.7,53.3],[15,1285,15,9,4,2,3,1,11,-8,20,6.7,73.3],[16,498,15,12,3,0,2,2,11,-9,13.3,13.3,73.3]];
var GuestHalfPanLu = [[1,475,15,0,2,13,12,1,2,10,80,6.7,13.3],[2,2290,15,0,1,14,10,1,4,6,66.7,6.7,26.7],[3,498,15,0,12,3,8,4,3,5,53.3,26.7,20],[4,2279,15,0,2,13,8,2,5,3,53.3,13.3,33.3],[5,509,15,0,4,11,7,2,6,1,46.7,13.3,40],[6,495,15,0,4,11,7,2,6,1,46.7,13.3,40],[7,472,15,0,12,3,6,3,6,0,40,20,40],[8,505,15,7,8,0,6,3,6,0,40,20,40],[9,2822,15,0,6,9,6,3,6,0,40,20,40],[10,1285,15,0,3,12,6,2,7,-1,40,13.3,46.7],[11,479,15,0,11,4,5,4,6,-1,33.3,26.7,40],[12,4174,15,0,5,10,5,1,9,-4,33.3,6.7,60],[13,485,15,0,7,8,4,5,6,-2,26.7,33.3,40],[14,514,15,0,3,12,4,1,10,-6,26.7,6.7,66.7],[15,2255,15,0,10,5,3,4,8,-5,20,26.7,53.3],[16,507,15,8,5,2,1,3,11,-10,6.7,20,73.3]];
var addUp = [108,45,25,10.4,107,44.6,[60,495,505],[56.7,514],[66.7,505],[66.7,2290],[66.7,475,2822],[66.7,507],[23.3,2255],[0,1285]];
var addUpHalf = [101,42.1,41,17.1,98,40.8,[56.7,475],[60,1285],[66.7,472,505],[73.3,1285,498],[80,475],[73.3,507],[26.7,475],[10,472,505,4174,507,1285]];
var lastUpdateTime = '2025-01-19 09:37:57';
