var arrLeague = [22,'挪威超级联赛','挪威超級聯賽','Norwegian Tippeligaen','2019','#666666','league_match/images/20200420075346.jpg','挪超','挪超','NOR D1'];
var arrTeam = [[472,'博德闪耀','波杜基林特','Bodo Glimt','','images/472/1gq6j9e9em1s.png',0],[475,'斯塔贝克','史達比克','Stabaek','','images/475/1gq6j9e9y51x.png',0],[479,'奥德格伦兰','奧特格寧蘭','Odd Grenland','','images/479/1hw70bzw2q11.png',0],[485,'瓦勒伦加','華拿倫加','Valerenga','','images/485/1gxmbkap742v.png',0],[495,'维京','維京','Viking','','images/495/1gv9q9y3qv1r.png',0],[498,'布兰','白蘭恩','Brann','','images/498/1gxmbm1ncsv.png',0],[505,'莫尔德','莫迪','Molde','','images/505/1gxmbm1nc618.png',0],[507,'罗森博格','洛辛堡','Rosenborg','','images/507/1gxmbm1ncb32.png',0],[509,'利勒斯特罗姆','利尼史特朗','Lillestrom','','images/509/1gxmbm1nc124.png',0],[514,'特罗姆瑟','特羅素','Tromso IL','','images/514/1gxmbm1ncd32.png',0],[1285,'斯托姆加斯特','史卓加斯特','Stromsgodset','','images/1285/1gxmbm1ncn10.png',0],[2255,'萨普斯堡','薩普斯堡','Sarpsborg 08','','images/2255/1gxmbm1ncd2y.png',0],[2279,'莫达伦','莫達倫','Mjondalen IF','','images/2279/1gxmbp26aa2z.png',0],[2290,'兰黑姆','雲希姆','Ranheim IL','','images/2290/1gtqm3sxjk2v.png',0],[2822,'海于格松','侯格辛特','Haugesund','','images/2822/1gxmbm1nc6q.png',0],[4174,'克里斯蒂安松','基斯迪辛特','Kristiansund BK','','images/4174/1gxmbp26a81v.png',0]];
var TotalBs = [[1,505,30,20,2,8,66.7,6.7,26.7],[2,472,30,18,1,11,60,3.3,36.7],[3,1285,30,18,1,11,60,3.3,36.7],[4,514,30,17,3,10,56.7,10,33.3],[5,507,30,17,0,13,56.7,0,43.3],[6,479,30,16,1,13,53.3,3.3,43.3],[7,2290,30,16,0,14,53.3,0,46.7],[8,495,30,15,3,12,50,10,40],[9,2822,30,15,0,15,50,0,50],[10,2279,30,15,0,15,50,0,50],[11,509,30,14,2,14,46.7,6.7,46.7],[12,498,30,13,0,17,43.3,0,56.7],[13,475,30,13,0,17,43.3,0,56.7],[14,4174,30,12,1,17,40,3.3,56.7],[15,485,30,12,0,18,40,0,60],[16,2255,30,11,0,19,36.7,0,63.3]];
var HomeBs = [[1,1285,15,11,0,4,73.3,0,26.7],[2,505,15,9,2,4,60,13.3,26.7],[3,472,15,9,1,5,60,6.7,33.3],[4,479,15,9,1,5,60,6.7,33.3],[5,2290,15,9,0,6,60,0,40],[6,507,15,9,0,6,60,0,40],[7,495,15,8,2,5,53.3,13.3,33.3],[8,4174,15,8,1,6,53.3,6.7,40],[9,514,15,8,0,7,53.3,0,46.7],[10,2822,15,7,0,8,46.7,0,53.3],[11,2279,15,7,0,8,46.7,0,53.3],[12,509,15,7,0,8,46.7,0,53.3],[13,485,15,6,0,9,40,0,60],[14,498,15,5,0,10,33.3,0,66.7],[15,475,15,5,0,10,33.3,0,66.7],[16,2255,15,4,0,11,26.7,0,73.3]];
var GuestBs = [[1,505,15,11,0,4,73.3,0,26.7],[2,514,15,9,3,3,60,20,20],[3,472,15,9,0,6,60,0,40],[4,507,15,8,0,7,53.3,0,46.7],[5,475,15,8,0,7,53.3,0,46.7],[6,2822,15,8,0,7,53.3,0,46.7],[7,498,15,8,0,7,53.3,0,46.7],[8,2279,15,8,0,7,53.3,0,46.7],[9,509,15,7,2,6,46.7,13.3,40],[10,495,15,7,1,7,46.7,6.7,46.7],[11,1285,15,7,1,7,46.7,6.7,46.7],[12,2255,15,7,0,8,46.7,0,53.3],[13,2290,15,7,0,8,46.7,0,53.3],[14,479,15,7,0,8,46.7,0,53.3],[15,485,15,6,0,9,40,0,60],[16,4174,15,4,0,11,26.7,0,73.3]];
var TotalBsHalf = [[1,507,30,14,8,8,46.7,26.7,26.7],[2,472,30,14,6,10,46.7,20,33.3],[3,2279,30,14,6,10,46.7,20,33.3],[4,505,30,14,1,15,46.7,3.3,50],[5,1285,30,13,6,11,43.3,20,36.7],[6,475,30,11,5,14,36.7,16.7,46.7],[7,479,30,10,10,10,33.3,33.3,33.3],[8,514,30,10,9,11,33.3,30,36.7],[9,509,30,10,8,12,33.3,26.7,40],[10,498,30,10,8,12,33.3,26.7,40],[11,495,30,10,5,15,33.3,16.7,50],[12,4174,30,8,11,11,26.7,36.7,36.7],[13,2822,30,8,10,12,26.7,33.3,40],[14,485,30,8,7,15,26.7,23.3,50],[15,2255,30,7,13,10,23.3,43.3,33.3],[16,2290,30,7,7,16,23.3,23.3,53.3]];
var HomeBsHalf = [[1,1285,15,8,1,6,53.3,6.7,40],[2,472,15,7,4,4,46.7,26.7,26.7],[3,505,15,7,0,8,46.7,0,53.3],[4,507,15,6,5,4,40,33.3,26.7],[5,4174,15,6,5,4,40,33.3,26.7],[6,479,15,6,4,5,40,26.7,33.3],[7,485,15,6,4,5,40,26.7,33.3],[8,2279,15,6,3,6,40,20,40],[9,509,15,5,5,5,33.3,33.3,33.3],[10,2290,15,5,4,6,33.3,26.7,40],[11,475,15,5,3,7,33.3,20,46.7],[12,495,15,5,0,10,33.3,0,66.7],[13,2822,15,4,4,7,26.7,26.7,46.7],[14,498,15,4,3,8,26.7,20,53.3],[15,2255,15,2,8,5,13.3,53.3,33.3],[16,514,15,2,7,6,13.3,46.7,40]];
var GuestBsHalf = [[1,2279,15,8,3,4,53.3,20,26.7],[2,507,15,8,3,4,53.3,20,26.7],[3,514,15,8,2,5,53.3,13.3,33.3],[4,472,15,7,2,6,46.7,13.3,40],[5,505,15,7,1,7,46.7,6.7,46.7],[6,498,15,6,5,4,40,33.3,26.7],[7,475,15,6,2,7,40,13.3,46.7],[8,495,15,5,5,5,33.3,33.3,33.3],[9,1285,15,5,5,5,33.3,33.3,33.3],[10,2255,15,5,5,5,33.3,33.3,33.3],[11,509,15,5,3,7,33.3,20,46.7],[12,479,15,4,6,5,26.7,40,33.3],[13,2822,15,4,6,5,26.7,40,33.3],[14,4174,15,2,6,7,13.3,40,46.7],[15,485,15,2,3,10,13.3,20,66.7],[16,2290,15,2,3,10,13.3,20,66.7]];
var addUp = [242,50.4,14,2.9,224,46.7,[66.7,505],[63.3,2255],[73.3,1285],[73.3,2255],[73.3,505],[73.3,4174]];
var addUpHalf = [168,35,120,25,192,40,[46.7,507,472,2279,505],[53.3,2290],[53.3,1285],[66.7,495],[53.3,2279,507,514],[66.7,485,2290]];
var lastUpdateTime = '2025-01-19 09:38:06';
