var arrLeague = [15,'南韩K联赛','南韓K聯賽','K League 1','2017','#0542b1','league_match/images/20190423203352.jpg','韩K联','韓K聯','KOR D1'];
var arrTeam = [[480,'蔚山HD','蔚山HD','Ulsan HD FC','','images/1jr576ev8wv.png',0],[481,'浦项制铁','浦項制鐵','Pohang Steelers','','images/481/1h1jgrf3gp0.png',0],[484,'全北现代','全北汽車','Jeonbuk Hyundai Motors','','images/484/1h1jgrf3gr2k.png',0],[491,'大邱FC','大邱FC','Daegu FC','','images/491/1gxsf6qkd41p.png',0],[494,'金泉尚武','金泉尚武','Gimcheon Sangmu FC','','images/494/1grzke26w41a.png',0],[497,'仁川联队','仁川聯','Incheon United','','images/497/1h6swyavg60.png',0],[499,'水原三星','水原三星','Suwon Samsung Bluewings','','images/499/1gxsf6qjy02n.png',0],[506,'全南天龙','全南天龍','Jeonnam Dragons','','images/506/1gxsf6qkd726.png',0],[741,'FC首尔','FC首爾','FC Seoul','','images/741/1gxsf6qjyq26.png',0],[4075,'济州SK','濟州SK','Jeju SK FC','','images/1jr577tbbf8.png',0],[9945,'江原FC','FC江原','Gangwon FC','','images/9945/1gxsf6qkdd19.png',0],[16584,'光州FC','FC光州','Gwangju Football Club','','images/16584/1jnj5r1v732z.png',0]];
var TotalPanLu = [[1,499,38,22,7,9,21,3,14,7,55.3,7.9,36.8],[2,4075,38,27,2,9,21,0,17,4,55.3,0,44.7],[3,491,38,5,5,28,20,2,16,4,52.6,5.3,42.1],[4,484,38,36,2,0,20,1,17,3,52.6,2.6,44.7],[5,480,38,20,6,12,19,5,14,5,50,13.2,36.8],[6,497,38,3,7,28,18,5,15,3,47.4,13.2,39.5],[7,481,38,14,7,17,18,1,19,-1,47.4,2.6,50],[8,741,38,29,3,6,17,2,19,-2,44.7,5.3,50],[9,9945,38,12,5,21,16,4,18,-2,42.1,10.5,47.4],[10,506,38,12,5,21,16,2,20,-4,42.1,5.3,52.6],[11,494,38,12,4,22,14,1,23,-9,36.8,2.6,60.5],[12,16584,38,5,9,24,13,4,21,-8,34.2,10.5,55.3]];
var HomePanLu = [[1,4075,19,17,1,1,11,0,8,3,57.9,0,42.1],[2,480,19,15,2,2,10,3,6,4,52.6,15.8,31.6],[3,484,19,19,0,0,9,1,9,0,47.4,5.3,47.4],[4,491,19,5,4,10,9,1,9,0,47.4,5.3,47.4],[5,499,19,16,1,2,9,0,10,-1,47.4,0,52.6],[6,506,19,11,3,5,8,1,10,-2,42.1,5.3,52.6],[7,481,19,11,4,4,8,1,10,-2,42.1,5.3,52.6],[8,741,19,17,1,1,8,0,11,-3,42.1,0,57.9],[9,497,19,3,6,10,7,4,8,-1,36.8,21.1,42.1],[10,9945,19,10,1,8,7,1,11,-4,36.8,5.3,57.9],[11,16584,19,5,7,7,6,3,10,-4,31.6,15.8,52.6],[12,494,19,11,1,7,5,0,14,-9,26.3,0,73.7]];
var GuestPanLu = [[1,499,19,6,6,7,12,3,4,8,63.2,15.8,21.1],[2,491,19,0,1,18,11,1,7,4,57.9,5.3,36.8],[3,497,19,0,1,18,11,1,7,4,57.9,5.3,36.8],[4,484,19,17,2,0,11,0,8,3,57.9,0,42.1],[5,481,19,3,3,13,10,0,9,1,52.6,0,47.4],[6,4075,19,10,1,8,10,0,9,1,52.6,0,47.4],[7,9945,19,2,4,13,9,3,7,2,47.4,15.8,36.8],[8,480,19,5,4,10,9,2,8,1,47.4,10.5,42.1],[9,741,19,12,2,5,9,2,8,1,47.4,10.5,42.1],[10,494,19,1,3,15,9,1,9,0,47.4,5.3,47.4],[11,506,19,1,2,16,8,1,10,-2,42.1,5.3,52.6],[12,16584,19,0,2,17,7,1,11,-4,36.8,5.3,57.9]];
var TotalHalfPanLu = [[1,484,38,29,9,0,19,4,15,4,50,10.5,39.5],[2,4075,38,19,15,4,18,10,10,8,47.4,26.3,26.3],[3,506,38,1,21,16,18,8,12,6,47.4,21.1,31.6],[4,491,38,0,22,16,16,12,10,6,42.1,31.6,26.3],[5,9945,38,6,16,16,15,9,14,1,39.5,23.7,36.8],[6,16584,38,2,21,15,13,12,13,0,34.2,31.6,34.2],[7,497,38,0,19,19,13,12,13,0,34.2,31.6,34.2],[8,499,38,17,17,4,12,11,15,-3,31.6,28.9,39.5],[9,494,38,3,19,16,12,10,16,-4,31.6,26.3,42.1],[10,481,38,9,19,10,12,6,20,-8,31.6,15.8,52.6],[11,480,38,14,19,5,11,13,14,-3,28.9,34.2,36.8],[12,741,38,23,13,2,11,9,18,-7,28.9,23.7,47.4]];
var HomeHalfPanLu = [[1,484,19,18,1,0,11,0,8,3,57.9,0,42.1],[2,491,19,0,13,6,10,7,2,8,52.6,36.8,10.5],[3,4075,19,13,6,0,10,3,6,4,52.6,15.8,31.6],[4,506,19,1,15,3,8,5,6,2,42.1,26.3,31.6],[5,494,19,3,11,5,7,6,6,1,36.8,31.6,31.6],[6,497,19,0,13,6,6,8,5,1,31.6,42.1,26.3],[7,741,19,13,6,0,6,4,9,-3,31.6,21.1,47.4],[8,499,19,13,6,0,6,3,10,-4,31.6,15.8,52.6],[9,16584,19,2,11,6,5,7,7,-2,26.3,36.8,36.8],[10,9945,19,6,8,5,5,4,10,-5,26.3,21.1,52.6],[11,480,19,12,7,0,4,7,8,-4,21.1,36.8,42.1],[12,481,19,9,8,2,4,4,11,-7,21.1,21.1,57.9]];
var GuestHalfPanLu = [[1,9945,19,0,8,11,10,5,4,6,52.6,26.3,21.1],[2,506,19,0,6,13,10,3,6,4,52.6,15.8,31.6],[3,4075,19,6,9,4,8,7,4,4,42.1,36.8,21.1],[4,16584,19,0,10,9,8,5,6,2,42.1,26.3,31.6],[5,484,19,11,8,0,8,4,7,1,42.1,21.1,36.8],[6,481,19,0,11,8,8,2,9,-1,42.1,10.5,47.4],[7,480,19,2,12,5,7,6,6,1,36.8,31.6,31.6],[8,497,19,0,6,13,7,4,8,-1,36.8,21.1,42.1],[9,499,19,4,11,4,6,8,5,1,31.6,42.1,26.3],[10,491,19,0,9,10,6,5,8,-2,31.6,26.3,42.1],[11,741,19,10,7,2,5,5,9,-4,26.3,26.3,47.4],[12,494,19,0,8,11,5,4,10,-5,26.3,21.1,52.6]];
var addUp = [97,42.5,15,6.6,116,50.9,[55.3,499,4075],[60.5,494],[57.9,4075],[73.7,494],[63.2,499],[57.9,16584],[13.2,480,497],[0,4075]];
var addUpHalf = [82,36,58,25.4,88,38.6,[50,484],[52.6,481],[57.9,484],[57.9,481],[52.6,9945,506],[52.6,494],[34.2,480],[10.5,484]];
var lastUpdateTime = '2026-04-07 16:23:03';
