var arrLeague = [15,'南韩K联赛','南韓K聯賽','K League 1','2017','#0542b1','league_match/images/20190423203352.jpg','韩K联','韓K聯','KOR D1'];
var arrTeam = [[480,'蔚山HD','蔚山HD','Ulsan HD FC','','images/1jr576ev8wv.png',0],[481,'浦项制铁','浦項制鐵','Pohang Steelers','','images/481/1h1jgrf3gp0.png',0],[484,'全北现代','全北汽車','Jeonbuk Hyundai Motors','','images/484/1h1jgrf3gr2k.png',0],[491,'大邱FC','大邱FC','Daegu FC','','images/491/1gxsf6qkd41p.png',0],[494,'金泉尚武','金泉尚武','Gimcheon Sangmu FC','','images/494/1grzke26w41a.png',0],[497,'仁川联队','仁川聯','Incheon United','','images/497/1h6swyavg60.png',0],[499,'水原三星','水原三星','Suwon Samsung Bluewings','','images/499/1gxsf6qjy02n.png',0],[506,'全南天龙','全南天龍','Jeonnam Dragons','','images/506/1gxsf6qkd726.png',0],[741,'FC首尔','FC首爾','FC Seoul','','images/741/1gxsf6qjyq26.png',0],[4075,'济州SK','濟州SK','Jeju SK FC','','images/1jr577tbbf8.png',0],[9945,'江原FC','FC江原','Gangwon FC','','images/9945/1gxsf6qkdd19.png',0],[16584,'光州FC','FC光州','Gwangju Football Club','','images/16584/1jnj5r1v732z.png',0]];
var TotalBs = [[1,481,38,26,1,11,68.4,2.6,28.9],[2,9945,38,26,0,12,68.4,0,31.6],[3,506,38,24,1,13,63.2,2.6,34.2],[4,741,38,21,0,17,55.3,0,44.7],[5,4075,38,21,0,17,55.3,0,44.7],[6,484,38,21,0,17,55.3,0,44.7],[7,491,38,21,0,17,55.3,0,44.7],[8,494,38,21,0,17,55.3,0,44.7],[9,499,38,20,1,17,52.6,2.6,44.7],[10,16584,38,17,2,19,44.7,5.3,50],[11,480,38,17,1,20,44.7,2.6,52.6],[12,497,38,15,0,23,39.5,0,60.5]];
var HomeBs = [[1,506,19,15,0,4,78.9,0,21.1],[2,481,19,14,1,4,73.7,5.3,21.1],[3,491,19,12,0,7,63.2,0,36.8],[4,494,19,11,0,8,57.9,0,42.1],[5,9945,19,11,0,8,57.9,0,42.1],[6,484,19,11,0,8,57.9,0,42.1],[7,4075,19,11,0,8,57.9,0,42.1],[8,741,19,10,0,9,52.6,0,47.4],[9,499,19,9,1,9,47.4,5.3,47.4],[10,16584,19,8,1,10,42.1,5.3,52.6],[11,480,19,7,0,12,36.8,0,63.2],[12,497,19,6,0,13,31.6,0,68.4]];
var GuestBs = [[1,9945,19,15,0,4,78.9,0,21.1],[2,481,19,12,0,7,63.2,0,36.8],[3,741,19,11,0,8,57.9,0,42.1],[4,499,19,11,0,8,57.9,0,42.1],[5,480,19,10,1,8,52.6,5.3,42.1],[6,484,19,10,0,9,52.6,0,47.4],[7,494,19,10,0,9,52.6,0,47.4],[8,4075,19,10,0,9,52.6,0,47.4],[9,506,19,9,1,9,47.4,5.3,47.4],[10,16584,19,9,1,9,47.4,5.3,47.4],[11,491,19,9,0,10,47.4,0,52.6],[12,497,19,9,0,10,47.4,0,52.6]];
var TotalBsHalf = [[1,481,38,18,12,8,47.4,31.6,21.1],[2,499,38,17,8,13,44.7,21.1,34.2],[3,491,38,15,11,12,39.5,28.9,31.6],[4,484,38,15,10,13,39.5,26.3,34.2],[5,506,38,15,8,15,39.5,21.1,39.5],[6,16584,38,14,10,14,36.8,26.3,36.8],[7,9945,38,13,14,11,34.2,36.8,28.9],[8,494,38,13,11,14,34.2,28.9,36.8],[9,741,38,13,10,15,34.2,26.3,39.5],[10,497,38,13,7,18,34.2,18.4,47.4],[11,480,38,12,10,16,31.6,26.3,42.1],[12,4075,38,10,11,17,26.3,28.9,44.7]];
var HomeBsHalf = [[1,499,19,10,3,6,52.6,15.8,31.6],[2,481,19,9,6,4,47.4,31.6,21.1],[3,484,19,8,7,4,42.1,36.8,21.1],[4,16584,19,8,5,6,42.1,26.3,31.6],[5,506,19,8,4,7,42.1,21.1,36.8],[6,494,19,7,5,7,36.8,26.3,36.8],[7,480,19,7,3,9,36.8,15.8,47.4],[8,491,19,6,6,7,31.6,31.6,36.8],[9,4075,19,6,6,7,31.6,31.6,36.8],[10,497,19,6,2,11,31.6,10.5,57.9],[11,741,19,5,6,8,26.3,31.6,42.1],[12,9945,19,4,8,7,21.1,42.1,36.8]];
var GuestBsHalf = [[1,9945,19,9,6,4,47.4,31.6,21.1],[2,481,19,9,6,4,47.4,31.6,21.1],[3,491,19,9,5,5,47.4,26.3,26.3],[4,741,19,8,4,7,42.1,21.1,36.8],[5,497,19,7,5,7,36.8,26.3,36.8],[6,499,19,7,5,7,36.8,26.3,36.8],[7,506,19,7,4,8,36.8,21.1,42.1],[8,484,19,7,3,9,36.8,15.8,47.4],[9,494,19,6,6,7,31.6,31.6,36.8],[10,16584,19,6,5,8,31.6,26.3,42.1],[11,480,19,5,7,7,26.3,36.8,36.8],[12,4075,19,4,5,10,21.1,26.3,52.6]];
var addUp = [250,54.8,6,1.3,200,43.9,[68.4,481,9945],[60.5,497],[78.9,506],[68.4,497],[78.9,9945],[52.6,491,497]];
var addUpHalf = [168,36.8,122,26.8,166,36.4,[47.4,481],[47.4,497],[52.6,499],[57.9,497],[47.4,9945,481,491],[52.6,4075]];
var lastUpdateTime = '2026-04-07 16:23:21';
