var arrLeague = [22,'挪威超级联赛','挪威超級聯賽','Norway Eliteserien','2025','#666666','league_match/images/20200420075346.jpg','挪超','挪超','NOR D1'];
var arrTeam = [[472,'博德闪耀','波杜基林特','Bodo Glimt','','images/472/1gq6j9e9em1s.png',0],[478,'腓特烈斯塔','費德列斯達','Fredrikstad','','images/478/1gxmbn8q2v1f.png',0],[485,'瓦勒伦加','華拿倫加','Valerenga','','images/485/1gxmbkap742v.png',0],[495,'维京','維京','Viking','','images/495/1gv9q9y3qv1r.png',0],[496,'汉坎','咸卡姆','Ham-Kam','','images/496/1gxmbm1ncxw.png',0],[498,'布兰','白蘭恩','Brann','','images/498/1gxmbm1ncsv.png',0],[505,'莫尔德','莫迪','Molde','','images/505/1gxmbm1nc618.png',0],[507,'罗森博格','洛辛堡','Rosenborg BK','','images/507/1gxmbm1ncb32.png',0],[514,'特罗姆瑟','特羅素','Tromso IL','','images/514/1gxmbm1ncd32.png',0],[1273,'布莱尼','拜尼','Bryne','','images/1273/1gxmbp25v22v.png',0],[1280,'奥勒松','阿利辛特','Aalesund FK','','images/1280/1gxmbm1ncng.png',0],[1282,'桑德菲杰','辛迪夫佐特','Sandefjord','','images/1282/1gqv25gza42a.png',0],[1285,'斯托姆加斯特','史卓加斯特','Stromsgodset','','images/1285/1gxmbm1ncn10.png',0],[2255,'萨普斯堡','薩普斯堡','Sarpsborg 08','','images/2255/1gxmbm1ncd2y.png',0],[2822,'海于格松','侯格辛特','Haugesund','','images/2822/1gxmbm1nc6q.png',0],[4174,'克里斯蒂安松','基斯迪辛特','Kristiansund BK','','images/4174/1gxmbp26a81v.png',0],[10241,'KFUM奥斯陆','KFUM奧斯陸','KFUM Oslo','','images/10241/1gxmbp25v5c.png',0]];
var TotalPanLu = [[1,495,30,23,1,6,21,1,8,13,70,3.3,26.7],[2,514,30,17,5,8,18,0,12,6,60,0,40],[3,496,30,5,5,20,16,3,11,5,53.3,10,36.7],[4,472,30,30,0,0,15,4,11,4,50,13.3,36.7],[5,1282,30,12,4,14,15,4,11,4,50,13.3,36.7],[6,2255,30,11,6,13,15,2,13,2,50,6.7,43.3],[7,4174,30,5,2,23,15,1,14,1,50,3.3,46.7],[8,1273,32,8,2,22,16,0,16,0,50,0,50],[9,478,30,10,5,15,14,3,13,1,46.7,10,43.3],[10,485,30,12,5,13,13,1,16,-3,43.3,3.3,53.3],[11,505,30,19,4,7,13,1,16,-3,43.3,3.3,53.3],[12,498,30,23,4,3,12,3,15,-3,40,10,50],[13,10241,30,12,6,12,12,3,15,-3,40,10,50],[14,507,30,20,4,6,12,1,17,-5,40,3.3,56.7],[15,1280,2,1,0,1,1,0,1,0,50,0,50],[16,1285,30,6,2,22,10,2,18,-8,33.3,6.7,60],[17,2822,30,0,1,29,9,1,20,-11,30,3.3,66.7]];
var HomePanLu = [[1,1282,15,9,2,4,11,1,3,8,73.3,6.7,20],[2,495,15,14,0,1,11,0,4,7,73.3,0,26.7],[3,472,15,15,0,0,9,1,5,4,60,6.7,33.3],[4,514,15,12,2,1,9,0,6,3,60,0,40],[5,1273,16,7,2,7,9,0,7,2,56.2,0,43.8],[6,496,15,4,5,6,8,2,5,3,53.3,13.3,33.3],[7,4174,15,4,2,9,8,1,6,2,53.3,6.7,40],[8,485,15,10,2,3,8,0,7,1,53.3,0,46.7],[9,478,15,9,2,4,7,1,7,0,46.7,6.7,46.7],[10,505,15,13,1,1,7,1,7,0,46.7,6.7,46.7],[11,507,15,13,1,1,7,0,8,-1,46.7,0,53.3],[12,10241,15,9,3,3,6,1,8,-2,40,6.7,53.3],[13,2255,15,9,4,2,6,1,8,-2,40,6.7,53.3],[14,498,15,14,0,1,5,3,7,-2,33.3,20,46.7],[15,2822,15,0,1,14,4,1,10,-6,26.7,6.7,66.7],[16,1285,15,6,1,8,3,2,10,-7,20,13.3,66.7],[17,1280,1,1,0,0,0,0,1,-1,0,0,100]];
var GuestPanLu = [[1,495,15,9,1,5,10,1,4,6,66.7,6.7,26.7],[2,2255,15,2,2,11,9,1,5,4,60,6.7,33.3],[3,514,15,5,3,7,9,0,6,3,60,0,40],[4,496,15,1,0,14,8,1,6,2,53.3,6.7,40],[5,1280,1,0,0,1,1,0,0,1,100,0,0],[6,478,15,1,3,11,7,2,6,1,46.7,13.3,40],[7,498,15,9,4,2,7,0,8,-1,46.7,0,53.3],[8,4174,15,1,0,14,7,0,8,-1,46.7,0,53.3],[9,1285,15,0,1,14,7,0,8,-1,46.7,0,53.3],[10,1273,16,1,0,15,7,0,9,-2,43.8,0,56.2],[11,472,15,15,0,0,6,3,6,0,40,20,40],[12,10241,15,3,3,9,6,2,7,-1,40,13.3,46.7],[13,505,15,6,3,6,6,0,9,-3,40,0,60],[14,507,15,7,3,5,5,1,9,-4,33.3,6.7,60],[15,485,15,2,3,10,5,1,9,-4,33.3,6.7,60],[16,2822,15,0,0,15,5,0,10,-5,33.3,0,66.7],[17,1282,15,3,2,10,4,3,8,-4,26.7,20,53.3]];
var TotalHalfPanLu = [[1,1282,30,7,13,10,20,3,7,13,66.7,10,23.3],[2,472,30,29,1,0,19,2,9,10,63.3,6.7,30],[3,514,30,14,9,7,17,4,9,8,56.7,13.3,30],[4,496,30,3,8,19,16,3,11,5,53.3,10,36.7],[5,4174,30,3,6,21,15,5,10,5,50,16.7,33.3],[6,495,30,20,8,2,14,1,15,-1,46.7,3.3,50],[7,478,30,6,12,12,13,5,12,1,43.3,16.7,40],[8,505,30,18,7,5,12,3,15,-3,40,10,50],[9,2255,30,9,12,9,12,3,15,-3,40,10,50],[10,507,30,16,9,5,12,1,17,-5,40,3.3,56.7],[11,10241,30,7,15,8,11,8,11,0,36.7,26.7,36.7],[12,1280,2,0,1,1,1,1,0,1,50,50,0],[13,1273,32,6,9,17,11,6,15,-4,34.4,18.8,46.9],[14,485,30,10,13,7,10,5,15,-5,33.3,16.7,50],[15,498,30,17,11,2,10,3,17,-7,33.3,10,56.7],[16,2822,30,0,4,26,10,3,17,-7,33.3,10,56.7],[17,1285,30,4,8,18,9,4,17,-8,30,13.3,56.7]];
var HomeHalfPanLu = [[1,1282,15,6,7,2,11,1,3,8,73.3,6.7,20],[2,496,15,3,6,6,8,2,5,3,53.3,13.3,33.3],[3,472,15,15,0,0,8,2,5,3,53.3,13.3,33.3],[4,514,15,11,3,1,8,2,5,3,53.3,13.3,33.3],[5,478,15,6,7,2,8,1,6,2,53.3,6.7,40],[6,495,15,13,2,0,7,0,8,-1,46.7,0,53.3],[7,4174,15,3,5,7,6,4,5,1,40,26.7,33.3],[8,498,15,13,1,1,6,2,7,-1,40,13.3,46.7],[9,505,15,12,2,1,6,1,8,-2,40,6.7,53.3],[10,507,15,12,2,1,6,0,9,-3,40,0,60],[11,485,15,8,6,1,5,2,8,-3,33.3,13.3,53.3],[12,2822,15,0,4,11,5,2,8,-3,33.3,13.3,53.3],[13,10241,15,6,8,1,4,4,7,-3,26.7,26.7,46.7],[14,1285,15,4,7,4,4,3,8,-4,26.7,20,53.3],[15,2255,15,8,5,2,4,0,11,-7,26.7,0,73.3],[16,1273,16,5,7,4,3,3,10,-7,18.8,18.8,62.5],[17,1280,1,0,1,0,0,1,0,0,0,100,0]];
var GuestHalfPanLu = [[1,472,15,14,1,0,11,0,4,7,73.3,0,26.7],[2,514,15,3,6,6,9,2,4,5,60,13.3,26.7],[3,1282,15,1,6,8,9,2,4,5,60,13.3,26.7],[4,4174,15,0,1,14,9,1,5,4,60,6.7,33.3],[5,2255,15,1,7,7,8,3,4,4,53.3,20,26.7],[6,496,15,0,2,13,8,1,6,2,53.3,6.7,40],[7,1280,1,0,0,1,1,0,0,1,100,0,0],[8,1273,16,1,2,13,8,3,5,3,50,18.8,31.2],[9,10241,15,1,7,7,7,4,4,3,46.7,26.7,26.7],[10,495,15,7,6,2,7,1,7,0,46.7,6.7,46.7],[11,505,15,6,5,4,6,2,7,-1,40,13.3,46.7],[12,507,15,4,7,4,6,1,8,-2,40,6.7,53.3],[13,478,15,0,5,10,5,4,6,-1,33.3,26.7,40],[14,485,15,2,7,6,5,3,7,-2,33.3,20,46.7],[15,2822,15,0,0,15,5,1,9,-4,33.3,6.7,60],[16,1285,15,0,1,14,5,1,9,-4,33.3,6.7,60],[17,498,15,4,10,1,4,1,10,-6,26.7,6.7,66.7]];
var addUp = [118,48.8,15,6.2,109,45,[70,495],[66.7,2822],[73.3,1282,495],[100,1280],[100,1280],[66.7,2822],[13.3,472,1282],[0,514,1273,1280]];
var addUpHalf = [99,40.9,30,12.4,113,46.7,[66.7,1282],[56.7,507,498,2822,1285],[73.3,1282],[73.3,2255],[100,1280],[66.7,498],[50,1280],[3.3,495,507]];
var lastUpdateTime = '2025-12-13 07:00:07';
