var arrLeague = [22,'挪威超级联赛','挪威超級聯賽','Norway Eliteserien','2025','#666666','league_match/images/20200420075346.jpg','挪超','挪超','NOR D1'];
var arrTeam = [[472,'博德闪耀','波杜基林特','Bodo Glimt','','images/472/1gq6j9e9em1s.png',0],[478,'腓特烈斯塔','費德列斯達','Fredrikstad','','images/478/1gxmbn8q2v1f.png',0],[485,'瓦勒伦加','華拿倫加','Valerenga','','images/485/1gxmbkap742v.png',0],[495,'维京','維京','Viking','','images/495/1gv9q9y3qv1r.png',0],[496,'汉坎','咸卡姆','Ham-Kam','','images/496/1gxmbm1ncxw.png',0],[498,'布兰','白蘭恩','Brann','','images/498/1gxmbm1ncsv.png',0],[505,'莫尔德','莫迪','Molde','','images/505/1gxmbm1nc618.png',0],[507,'罗森博格','洛辛堡','Rosenborg BK','','images/507/1gxmbm1ncb32.png',0],[514,'特罗姆瑟','特羅素','Tromso IL','','images/514/1gxmbm1ncd32.png',0],[1273,'布莱尼','拜尼','Bryne','','images/1273/1gxmbp25v22v.png',0],[1280,'奥勒松','阿利辛特','Aalesund FK','','images/1280/1gxmbm1ncng.png',0],[1282,'桑德菲杰','辛迪夫佐特','Sandefjord','','images/1282/1gqv25gza42a.png',0],[1285,'斯托姆加斯特','史卓加斯特','Stromsgodset','','images/1285/1gxmbm1ncn10.png',0],[2255,'萨普斯堡','薩普斯堡','Sarpsborg 08','','images/2255/1gxmbm1ncd2y.png',0],[2822,'海于格松','侯格辛特','Haugesund','','images/2822/1gxmbm1nc6q.png',0],[4174,'克里斯蒂安松','基斯迪辛特','Kristiansund BK','','images/4174/1gxmbp26a81v.png',0],[10241,'KFUM奥斯陆','KFUM奧斯陸','KFUM Oslo','','images/10241/1gxmbp25v5c.png',0]];
var TotalBs = [[1,1285,30,18,1,11,60,3.3,36.7],[2,2822,30,17,3,10,56.7,10,33.3],[3,498,30,17,2,11,56.7,6.7,36.7],[4,495,30,17,1,12,56.7,3.3,40],[5,496,30,17,0,13,56.7,0,43.3],[6,2255,30,17,0,13,56.7,0,43.3],[7,1273,32,17,0,15,53.1,0,46.9],[8,4174,30,16,1,13,53.3,3.3,43.3],[9,514,30,16,0,14,53.3,0,46.7],[10,505,30,15,3,12,50,10,40],[11,485,30,15,2,13,50,6.7,43.3],[12,472,30,15,2,13,50,6.7,43.3],[13,1282,30,15,2,13,50,6.7,43.3],[14,10241,30,13,2,15,43.3,6.7,50],[15,507,30,11,2,17,36.7,6.7,56.7],[16,478,30,11,1,18,36.7,3.3,60],[17,1280,2,1,0,1,50,0,50]];
var HomeBs = [[1,496,15,11,0,4,73.3,0,26.7],[2,1273,16,10,0,6,62.5,0,37.5],[3,2822,15,9,1,5,60,6.7,33.3],[4,10241,15,9,1,5,60,6.7,33.3],[5,1285,15,8,1,6,53.3,6.7,40],[6,498,15,8,1,6,53.3,6.7,40],[7,505,15,8,1,6,53.3,6.7,40],[8,495,15,8,1,6,53.3,6.7,40],[9,2255,15,8,0,7,53.3,0,46.7],[10,514,15,8,0,7,53.3,0,46.7],[11,485,15,7,2,6,46.7,13.3,40],[12,472,15,7,1,7,46.7,6.7,46.7],[13,4174,15,7,1,7,46.7,6.7,46.7],[14,1282,15,6,1,8,40,6.7,53.3],[15,478,15,6,0,9,40,0,60],[16,507,15,4,0,11,26.7,0,73.3],[17,1280,1,0,0,1,0,0,100]];
var GuestBs = [[1,1285,15,10,0,5,66.7,0,33.3],[2,1282,15,9,1,5,60,6.7,33.3],[3,498,15,9,1,5,60,6.7,33.3],[4,495,15,9,0,6,60,0,40],[5,2255,15,9,0,6,60,0,40],[6,4174,15,9,0,6,60,0,40],[7,2822,15,8,2,5,53.3,13.3,33.3],[8,472,15,8,1,6,53.3,6.7,40],[9,514,15,8,0,7,53.3,0,46.7],[10,485,15,8,0,7,53.3,0,46.7],[11,505,15,7,2,6,46.7,13.3,40],[12,507,15,7,2,6,46.7,13.3,40],[13,1273,16,7,0,9,43.8,0,56.2],[14,496,15,6,0,9,40,0,60],[15,478,15,5,1,9,33.3,6.7,60],[16,10241,15,4,1,10,26.7,6.7,66.7],[17,1280,1,1,0,0,100,0,0]];
var TotalBsHalf = [[1,1282,30,15,2,13,50,6.7,43.3],[2,472,30,15,1,14,50,3.3,46.7],[3,495,30,14,3,13,46.7,10,43.3],[4,10241,30,13,5,12,43.3,16.7,40],[5,485,30,13,4,13,43.3,13.3,43.3],[6,1285,30,13,4,13,43.3,13.3,43.3],[7,498,30,13,3,14,43.3,10,46.7],[8,505,30,13,2,15,43.3,6.7,50],[9,2822,30,13,2,15,43.3,6.7,50],[10,2255,30,13,1,16,43.3,3.3,53.3],[11,496,30,12,8,10,40,26.7,33.3],[12,1273,32,12,6,14,37.5,18.8,43.8],[13,478,30,11,8,11,36.7,26.7,36.7],[14,507,30,11,4,15,36.7,13.3,50],[15,514,30,10,11,9,33.3,36.7,30],[16,4174,30,10,2,18,33.3,6.7,60],[17,1280,2,1,0,1,50,0,50]];
var HomeBsHalf = [[1,472,15,9,0,6,60,0,40],[2,496,15,8,2,5,53.3,13.3,33.3],[3,2822,15,8,1,6,53.3,6.7,40],[4,10241,15,7,3,5,46.7,20,33.3],[5,1282,15,7,2,6,46.7,13.3,40],[6,505,15,7,1,7,46.7,6.7,46.7],[7,485,15,7,1,7,46.7,6.7,46.7],[8,478,15,6,6,3,40,40,20],[9,1285,15,6,3,6,40,20,40],[10,1273,16,6,4,6,37.5,25,37.5],[11,2255,15,6,1,8,40,6.7,53.3],[12,495,15,6,1,8,40,6.7,53.3],[13,498,15,6,1,8,40,6.7,53.3],[14,4174,15,5,0,10,33.3,0,66.7],[15,507,15,4,1,10,26.7,6.7,66.7],[16,514,15,3,6,6,20,40,40],[17,1280,1,0,0,1,0,0,100]];
var GuestBsHalf = [[1,495,15,8,2,5,53.3,13.3,33.3],[2,1282,15,8,0,7,53.3,0,46.7],[3,514,15,7,5,3,46.7,33.3,20],[4,507,15,7,3,5,46.7,20,33.3],[5,498,15,7,2,6,46.7,13.3,40],[6,1285,15,7,1,7,46.7,6.7,46.7],[7,2255,15,7,0,8,46.7,0,53.3],[8,485,15,6,3,6,40,20,40],[9,10241,15,6,2,7,40,13.3,46.7],[10,1273,16,6,2,8,37.5,12.5,50],[11,505,15,6,1,8,40,6.7,53.3],[12,472,15,6,1,8,40,6.7,53.3],[13,478,15,5,2,8,33.3,13.3,53.3],[14,4174,15,5,2,8,33.3,13.3,53.3],[15,2822,15,5,1,9,33.3,6.7,60],[16,496,15,4,6,5,26.7,40,33.3],[17,1280,1,1,0,0,100,0,0]];
var addUp = [248,51.2,22,4.5,214,44.2,[60,1285],[60,478],[73.3,496],[100,1280],[100,1280],[66.7,10241]];
var addUpHalf = [202,41.7,66,13.6,216,44.6,[50,1282,472,1280],[60,4174],[60,472],[100,1280],[100,1280],[60,2822]];
var lastUpdateTime = '2025-12-13 07:00:06';
