var arrLeague = [16,'荷兰甲组联赛','荷蘭甲組聯賽','Holland Eredivisie','2013-2014','#FF6699','league_match/images/20210531104733.png','荷甲','荷甲','HOL D1'];
var arrTeam = [[232,'布雷达','比達','NAC Breda','','images/232/1grmmyzcmyj.png',0],[233,'罗达JC','洛達','Roda JC','','images/233/1heh20g0cp16.png',0],[234,'阿尔克马尔','艾克馬亞','AZ Alkmaar','','images/165095691021.png',0],[235,'海伦芬','海倫維恩','SC Heerenveen','','images/165095697544.png',0],[236,'格罗宁根','高寧根','Groningen','','images/16509569590.png',0],[237,'乌德勒支','烏德勒支','FC Utrecht','','images/165095716992.png',0],[239,'奈梅亨','NEC尼美根','NEC Nijmegen','','images/165095704158.png',0],[241,'瓦尔韦克','RKC華域克','RKC Waalwijk','','images/165095708910.png',0],[246,'维迪斯','維迪斯','Vitesse Arnhem','','images/165095712094.png',0],[250,'特温特','川迪','FC Twente Enschede','','images/165095707230.png',0],[252,'费耶诺德','飛燕諾','Feyenoord','','images/165095692730.png',0],[253,'阿贾克斯','阿積士','AFC Ajax','','images/253/1gtg0nv66q2p.png',0],[254,'埃因霍温','PSV燕豪芬','PSV Eindhoven','','images/254/1gtg0nv5pw24.png',0],[256,'海牙','海牙','ADO Den Haag','','images/256/1gtg0nv6662e.png',0],[278,'赫拉克莱斯','荷華高斯','Heracles Almelo','','images/165095718777.png',0],[280,'前进之鹰','伊高斯','Go Ahead Eagles','','images/16509570569.png',0],[288,'坎布尔','甘堡爾','SC Cambuur','','images/165095700772.png',0],[414,'兹沃勒','施禾尼','PEC Zwolle','','images/16509571534.png',0]];
var TotalBs = [[1,239,34,21,1,12,61.8,2.9,35.3],[2,280,34,17,2,15,50,5.9,44.1],[3,246,36,17,3,16,47.2,8.3,44.4],[4,236,38,17,4,17,44.7,10.5,44.7],[5,235,36,16,4,16,44.4,11.1,44.4],[6,233,34,15,6,13,44.1,17.6,38.2],[7,250,34,15,4,15,44.1,11.8,44.1],[8,232,34,14,5,15,41.2,14.7,44.1],[9,241,34,14,5,15,41.2,14.7,44.1],[10,252,34,14,4,16,41.2,11.8,47.1],[11,256,34,13,9,12,38.2,26.5,35.3],[12,237,34,13,5,16,38.2,14.7,47.1],[13,234,38,12,10,16,31.6,26.3,42.1],[14,254,34,12,4,18,35.3,11.8,52.9],[15,414,34,11,5,18,32.4,14.7,52.9],[16,288,34,11,4,19,32.4,11.8,55.9],[17,278,34,10,10,14,29.4,29.4,41.2],[18,253,34,10,3,21,29.4,8.8,61.8]];
var HomeBs = [[1,239,17,10,1,6,58.8,5.9,35.3],[2,250,17,10,1,6,58.8,5.9,35.3],[3,235,18,10,1,7,55.6,5.6,38.9],[4,252,17,9,1,7,52.9,5.9,41.2],[5,280,17,8,2,7,47.1,11.8,41.2],[6,246,18,8,2,8,44.4,11.1,44.4],[7,236,19,8,2,9,42.1,10.5,47.4],[8,256,17,7,6,4,41.2,35.3,23.5],[9,288,17,7,3,7,41.2,17.6,41.2],[10,254,17,7,0,10,41.2,0,58.8],[11,233,17,6,4,7,35.3,23.5,41.2],[12,241,17,6,3,8,35.3,17.6,47.1],[13,232,17,6,2,9,35.3,11.8,52.9],[14,234,19,6,4,9,31.6,21.1,47.4],[15,253,17,6,1,10,35.3,5.9,58.8],[16,237,17,5,3,9,29.4,17.6,52.9],[17,414,17,5,1,11,29.4,5.9,64.7],[18,278,17,2,7,8,11.8,41.2,47.1]];
var GuestBs = [[1,239,17,11,0,6,64.7,0,35.3],[2,233,17,9,2,6,52.9,11.8,35.3],[3,236,19,9,2,8,47.4,10.5,42.1],[4,280,17,9,0,8,52.9,0,47.1],[5,246,18,9,1,8,50,5.6,44.4],[6,278,17,8,3,6,47.1,17.6,35.3],[7,232,17,8,3,6,47.1,17.6,35.3],[8,237,17,8,2,7,47.1,11.8,41.2],[9,241,17,8,2,7,47.1,11.8,41.2],[10,234,19,6,6,7,31.6,31.6,36.8],[11,414,17,6,4,7,35.3,23.5,41.2],[12,256,17,6,3,8,35.3,17.6,47.1],[13,235,18,6,3,9,33.3,16.7,50],[14,254,17,5,4,8,29.4,23.5,47.1],[15,250,17,5,3,9,29.4,17.6,52.9],[16,252,17,5,3,9,29.4,17.6,52.9],[17,253,17,4,2,11,23.5,11.8,64.7],[18,288,17,4,1,12,23.5,5.9,70.6]];
var TotalBsHalf = [[1,239,33,22,0,11,66.7,0,33.3],[2,252,33,19,0,14,57.6,0,42.4],[3,233,33,18,1,14,54.5,3,42.4],[4,256,33,17,0,16,51.5,0,48.5],[5,246,36,16,0,20,44.4,0,55.6],[6,278,33,15,0,18,45.5,0,54.5],[7,253,34,15,0,19,44.1,0,55.9],[8,254,34,15,0,19,44.1,0,55.9],[9,234,37,15,0,22,40.5,0,59.5],[10,232,33,14,0,19,42.4,0,57.6],[11,241,34,14,0,20,41.2,0,58.8],[12,237,34,13,1,20,38.2,2.9,58.8],[13,235,36,13,0,23,36.1,0,63.9],[14,236,38,13,1,24,34.2,2.6,63.2],[15,288,34,12,1,21,35.3,2.9,61.8],[16,414,33,12,0,21,36.4,0,63.6],[17,280,34,12,0,22,35.3,0,64.7],[18,250,34,10,0,24,29.4,0,70.6]];
var HomeBsHalf = [[1,239,17,13,0,4,76.5,0,23.5],[2,234,19,12,0,7,63.2,0,36.8],[3,252,17,10,0,7,58.8,0,41.2],[4,241,17,9,0,8,52.9,0,47.1],[5,256,17,9,0,8,52.9,0,47.1],[6,237,17,8,0,9,47.1,0,52.9],[7,280,17,8,0,9,47.1,0,52.9],[8,254,17,8,0,9,47.1,0,52.9],[9,288,17,7,0,10,41.2,0,58.8],[10,246,18,7,0,11,38.9,0,61.1],[11,233,17,6,1,10,35.3,5.9,58.8],[12,278,17,6,0,11,35.3,0,64.7],[13,253,17,6,0,11,35.3,0,64.7],[14,250,17,6,0,11,35.3,0,64.7],[15,236,19,6,1,12,31.6,5.3,63.2],[16,235,18,5,0,13,27.8,0,72.2],[17,232,17,4,0,13,23.5,0,76.5],[18,414,17,4,0,13,23.5,0,76.5]];
var GuestBsHalf = [[1,233,16,12,0,4,75,0,25],[2,232,16,10,0,6,62.5,0,37.5],[3,278,16,9,0,7,56.2,0,43.8],[4,252,16,9,0,7,56.2,0,43.8],[5,239,16,9,0,7,56.2,0,43.8],[6,253,17,9,0,8,52.9,0,47.1],[7,246,18,9,0,9,50,0,50],[8,414,16,8,0,8,50,0,50],[9,256,16,8,0,8,50,0,50],[10,235,18,8,0,10,44.4,0,55.6],[11,254,17,7,0,10,41.2,0,58.8],[12,236,19,7,0,12,36.8,0,63.2],[13,288,17,5,1,11,29.4,5.9,64.7],[14,237,17,5,1,11,29.4,5.9,64.7],[15,241,17,5,0,12,29.4,0,70.6],[16,280,17,4,0,13,23.5,0,76.5],[17,250,17,4,0,13,23.5,0,76.5],[18,234,18,3,0,15,16.7,0,83.3]];
var addUp = [252,40.4,88,14.1,284,45.5,[61.8,239],[61.8,253],[58.8,239,250],[64.7,414],[64.7,239],[70.6,288]];
var addUpHalf = [265,43,4,0.6,347,56.3,[66.7,239],[70.6,250],[76.5,239],[76.5,232,414],[75,233],[83.3,234]];
var lastUpdateTime = '2025-01-20 10:21:05';
