var arrLeague = [29,'苏格兰超级联赛','蘇格蘭超級聯賽','Scottish Premier League','2016-2017','#57A87B','league_match/images/1j5w1p9pmse.png','苏超','蘇超','SCO PR'];
var arrTeam = [[70,'凯尔特人','些路迪','Celtic FC','','images/165363471972.png',0],[71,'邓迪FC','登地','Dundee','','images/165363469577.png',0],[73,'阿伯丁','鴨巴甸','Aberdeen','','images/165363467632.png',0],[75,'马瑟韦尔','馬瑟韋爾','Motherwell','','images/165363477927.png',0],[76,'哈茨','赫斯','Heart of Midlothian','','images/165363483555.png',0],[77,'格拉斯哥流浪者','格拉斯哥流浪','Glasgow Rangers','','images/165363474719.png',0],[78,'因弗内斯','恩華利斯','Inverness','','images/78/1gzmqd3vtg1f.png',0],[81,'基马诺克','基馬諾克','Kilmarnock','','images/81/1h5bjef76b13.png',0],[1366,'罗斯郡','羅斯郡','Ross County','','images/165363476324.png',0],[1460,'哈密尔顿','咸美頓','Hamilton Academical','','images/1460/1grmn0vykj1t.png',0],[1462,'帕尔蒂克','巴特里','Partick Thistle','','images/1462/1hxg39kyqr1p.png',0],[1485,'圣约翰斯通','聖莊士東','Saint Johnstone','','images/165363480511.png',0]];
var TotalPanLu = [[1,1485,38,16,7,15,23,1,14,9,60.5,2.6,36.8],[2,81,38,3,7,28,22,4,12,10,57.9,10.5,31.6],[3,1366,38,12,7,19,22,2,14,8,57.9,5.3,36.8],[4,73,38,30,2,6,20,1,17,3,52.6,2.6,44.7],[5,75,38,8,7,23,19,1,18,1,50,2.6,47.4],[6,70,38,38,0,0,19,1,18,1,50,2.6,47.4],[7,1460,38,7,6,25,18,5,15,3,47.4,13.2,39.5],[8,71,38,9,4,25,16,2,20,-4,42.1,5.3,52.6],[9,77,38,31,2,5,16,2,20,-4,42.1,5.3,52.6],[10,1462,38,10,7,21,15,3,20,-5,39.5,7.9,52.6],[11,78,38,12,5,21,13,2,23,-10,34.2,5.3,60.5],[12,76,38,23,4,11,12,2,24,-12,31.6,5.3,63.2]];
var HomePanLu = [[1,1485,19,11,1,7,10,0,9,1,52.6,0,47.4],[2,1366,18,12,0,6,9,0,9,0,50,0,50],[3,81,19,3,7,9,9,4,6,3,47.4,21.1,31.6],[4,1460,19,7,5,7,8,4,7,1,42.1,21.1,36.8],[5,76,19,13,2,4,8,1,10,-2,42.1,5.3,52.6],[6,77,19,16,1,2,8,1,10,-2,42.1,5.3,52.6],[7,73,19,16,0,3,8,0,11,-3,42.1,0,57.9],[8,71,19,9,2,8,7,1,11,-4,36.8,5.3,57.9],[9,78,19,11,2,6,7,0,12,-5,36.8,0,63.2],[10,70,19,19,0,0,6,1,12,-6,31.6,5.3,63.2],[11,75,19,8,5,6,6,0,13,-7,31.6,0,68.4],[12,1462,20,9,4,7,6,1,13,-7,30,5,65]];
var GuestPanLu = [[1,75,19,0,2,17,13,1,5,8,68.4,5.3,26.3],[2,1485,19,5,6,8,13,1,5,8,68.4,5.3,26.3],[3,70,19,19,0,0,13,0,6,7,68.4,0,31.6],[4,81,19,0,0,19,13,0,6,7,68.4,0,31.6],[5,1366,20,0,7,13,13,2,5,8,65,10,25],[6,73,19,14,2,3,12,1,6,6,63.2,5.3,31.6],[7,1460,19,0,1,18,10,1,8,2,52.6,5.3,42.1],[8,1462,18,1,3,14,9,2,7,2,50,11.1,38.9],[9,71,19,0,2,17,9,1,9,0,47.4,5.3,47.4],[10,77,19,15,1,3,8,1,10,-2,42.1,5.3,52.6],[11,78,19,1,3,15,6,2,11,-5,31.6,10.5,57.9],[12,76,19,10,2,7,4,1,14,-10,21.1,5.3,73.7]];
var TotalHalfPanLu = [[1,1460,38,2,13,23,21,8,9,12,55.3,21.1,23.7],[2,81,38,2,10,26,20,8,10,10,52.6,21.1,26.3],[3,70,38,38,0,0,19,7,12,7,50,18.4,31.6],[4,1485,38,12,14,12,19,5,14,5,50,13.2,36.8],[5,1366,38,9,15,14,17,5,16,1,44.7,13.2,42.1],[6,73,38,30,4,4,17,3,18,-1,44.7,7.9,47.4],[7,75,38,4,14,20,16,9,13,3,42.1,23.7,34.2],[8,1462,38,8,13,17,16,3,19,-3,42.1,7.9,50],[9,71,38,4,14,20,15,4,19,-4,39.5,10.5,50],[10,77,38,27,6,5,14,3,21,-7,36.8,7.9,55.3],[11,76,38,20,9,9,13,4,21,-8,34.2,10.5,55.3],[12,78,38,8,16,14,9,5,24,-15,23.7,13.2,63.2]];
var HomeHalfPanLu = [[1,1460,19,2,11,6,11,5,3,8,57.9,26.3,15.8],[2,81,19,2,8,9,9,5,5,4,47.4,26.3,26.3],[3,77,19,15,2,2,9,1,9,0,47.4,5.3,47.4],[4,1462,20,7,7,6,9,0,11,-2,45,0,55],[5,76,19,13,3,3,8,2,9,-1,42.1,10.5,47.4],[6,1366,18,9,4,5,7,0,11,-4,38.9,0,61.1],[7,75,19,4,10,5,7,6,6,1,36.8,31.6,31.6],[8,1485,19,10,4,5,7,2,10,-3,36.8,10.5,52.6],[9,73,19,16,1,2,7,1,11,-4,36.8,5.3,57.9],[10,70,19,19,0,0,6,6,7,-1,31.6,31.6,36.8],[11,71,19,4,8,7,6,1,12,-6,31.6,5.3,63.2],[12,78,19,8,6,5,4,3,12,-8,21.1,15.8,63.2]];
var GuestHalfPanLu = [[1,70,19,19,0,0,13,1,5,8,68.4,5.3,26.3],[2,1485,19,2,10,7,12,3,4,8,63.2,15.8,21.1],[3,81,19,0,2,17,11,3,5,6,57.9,15.8,26.3],[4,1460,19,0,2,17,10,3,6,4,52.6,15.8,31.6],[5,73,19,14,3,2,10,2,7,3,52.6,10.5,36.8],[6,1366,20,0,11,9,10,5,5,5,50,25,25],[7,71,19,0,6,13,9,3,7,2,47.4,15.8,36.8],[8,75,19,0,4,15,9,3,7,2,47.4,15.8,36.8],[9,1462,18,1,6,11,7,3,8,-1,38.9,16.7,44.4],[10,76,19,7,6,6,5,2,12,-7,26.3,10.5,63.2],[11,77,19,12,4,3,5,2,12,-7,26.3,10.5,63.2],[12,78,19,0,10,9,5,2,12,-7,26.3,10.5,63.2]];
var addUp = [92,40.4,13,5.7,123,53.9,[60.5,1485],[63.2,76],[52.6,1485],[68.4,75],[68.4,75,1485,70,81],[73.7,76],[13.2,1460],[2.6,1485,73,75,70]];
var addUpHalf = [90,39.5,32,14,106,46.5,[55.3,1460],[63.2,78],[57.9,1460],[63.2,71,78],[68.4,70],[63.2,76,77,78],[23.7,75],[7.9,73,1462,77]];
var lastUpdateTime = '2025-01-19 14:53:01';
