var arrLeague = [29,'苏格兰超级联赛','蘇格蘭超級聯賽','Scottish Premier League','2016-2017','#57A87B','league_match/images/1j5w1p9pmse.png','苏超','蘇超','SCO PR'];
var arrTeam = [[70,'凯尔特人','些路迪','Celtic FC','','images/165363471972.png',0],[71,'邓迪FC','登地','Dundee','','images/165363469577.png',0],[73,'阿伯丁','鴨巴甸','Aberdeen','','images/165363467632.png',0],[75,'马瑟韦尔','馬瑟韋爾','Motherwell','','images/165363477927.png',0],[76,'哈茨','赫斯','Heart of Midlothian','','images/165363483555.png',0],[77,'格拉斯哥流浪者','格拉斯哥流浪','Glasgow Rangers','','images/165363474719.png',0],[78,'因弗内斯','恩華利斯','Inverness','','images/78/1gzmqd3vtg1f.png',0],[81,'基马诺克','基馬諾克','Kilmarnock','','images/81/1h5bjef76b13.png',0],[1366,'罗斯郡','羅斯郡','Ross County','','images/165363476324.png',0],[1460,'哈密尔顿','咸美頓','Hamilton Academical','','images/1460/1grmn0vykj1t.png',0],[1462,'帕尔蒂克','巴特里','Partick Thistle','','images/1462/1hxg39kyqr1p.png',0],[1485,'圣约翰斯通','聖莊士東','Saint Johnstone','','images/165363480511.png',0]];
var TotalBs = [[1,73,38,23,0,15,60.5,0,39.5],[2,78,38,22,0,16,57.9,0,42.1],[3,75,38,21,0,17,55.3,0,44.7],[4,70,38,20,1,17,52.6,2.6,44.7],[5,76,38,20,0,18,52.6,0,47.4],[6,77,38,20,0,18,52.6,0,47.4],[7,1366,38,20,0,18,52.6,0,47.4],[8,1485,38,18,0,20,47.4,0,52.6],[9,71,38,16,0,22,42.1,0,57.9],[10,81,38,16,0,22,42.1,0,57.9],[11,1460,38,14,1,23,36.8,2.6,60.5],[12,1462,38,14,0,24,36.8,0,63.2]];
var HomeBs = [[1,1366,18,13,0,5,72.2,0,27.8],[2,78,19,13,0,6,68.4,0,31.6],[3,75,19,13,0,6,68.4,0,31.6],[4,76,19,11,0,8,57.9,0,42.1],[5,1485,19,9,0,10,47.4,0,52.6],[6,73,19,9,0,10,47.4,0,52.6],[7,77,19,9,0,10,47.4,0,52.6],[8,1462,20,9,0,11,45,0,55],[9,81,19,8,0,11,42.1,0,57.9],[10,71,19,7,0,12,36.8,0,63.2],[11,70,19,6,0,13,31.6,0,68.4],[12,1460,19,5,1,13,26.3,5.3,68.4]];
var GuestBs = [[1,70,19,14,1,4,73.7,5.3,21.1],[2,73,19,14,0,5,73.7,0,26.3],[3,77,19,11,0,8,57.9,0,42.1],[4,1460,19,9,0,10,47.4,0,52.6],[5,71,19,9,0,10,47.4,0,52.6],[6,76,19,9,0,10,47.4,0,52.6],[7,78,19,9,0,10,47.4,0,52.6],[8,1485,19,9,0,10,47.4,0,52.6],[9,81,19,8,0,11,42.1,0,57.9],[10,75,19,8,0,11,42.1,0,57.9],[11,1366,20,7,0,13,35,0,65],[12,1462,18,5,0,13,27.8,0,72.2]];
var TotalBsHalf = [[1,71,37,17,10,10,45.9,27,27],[2,70,38,15,0,23,39.5,0,60.5],[3,78,38,13,12,13,34.2,31.6,34.2],[4,81,38,13,11,14,34.2,28.9,36.8],[5,1366,37,13,9,15,35.1,24.3,40.5],[6,73,36,12,9,15,33.3,25,41.7],[7,77,37,12,10,15,32.4,27,40.5],[8,75,37,12,9,16,32.4,24.3,43.2],[9,1485,38,11,14,13,28.9,36.8,34.2],[10,1460,38,11,12,15,28.9,31.6,39.5],[11,1462,38,8,17,13,21.1,44.7,34.2],[12,76,35,8,14,13,22.9,40,37.1]];
var HomeBsHalf = [[1,71,19,9,7,3,47.4,36.8,15.8],[2,75,19,9,2,8,47.4,10.5,42.1],[3,78,19,8,4,7,42.1,21.1,36.8],[4,1366,18,7,6,5,38.9,33.3,27.8],[5,1485,19,7,6,6,36.8,31.6,31.6],[6,76,19,6,6,7,31.6,31.6,36.8],[7,77,19,6,5,8,31.6,26.3,42.1],[8,73,19,6,2,11,31.6,10.5,57.9],[9,70,19,5,0,14,26.3,0,73.7],[10,1460,19,4,9,6,21.1,47.4,31.6],[11,1462,20,4,10,6,20,50,30],[12,81,19,3,8,8,15.8,42.1,42.1]];
var GuestBsHalf = [[1,81,19,10,3,6,52.6,15.8,31.6],[2,70,19,10,0,9,52.6,0,47.4],[3,71,18,8,3,7,44.4,16.7,38.9],[4,1460,19,7,3,9,36.8,15.8,47.4],[5,73,17,6,7,4,35.3,41.2,23.5],[6,77,18,6,5,7,33.3,27.8,38.9],[7,1366,19,6,3,10,31.6,15.8,52.6],[8,78,19,5,8,6,26.3,42.1,31.6],[9,1462,18,4,7,7,22.2,38.9,38.9],[10,1485,19,4,8,7,21.1,42.1,36.8],[11,75,18,3,7,8,16.7,38.9,44.4],[12,76,16,2,8,6,12.5,50,37.5]];
var addUp = [224,49.1,2,0.4,230,50.4,[60.5,73],[63.2,1462],[72.2,1366],[68.4,70,1460],[73.7,70,73],[72.2,1462]];
var addUpHalf = [145,32.4,127,28.4,175,39.1,[45.9,71],[60.5,70],[47.4,71,75],[73.7,70],[52.6,81,70],[52.6,1366]];
var lastUpdateTime = '2025-01-19 14:53:15';
