var arrLeague = [10,'俄罗斯超级联赛','俄羅斯超級聯賽','Russia Premier League','2018-2019','#006699','league_match/images/20200411092415.jpg','俄超','俄超','RUS PR'];
var arrTeam = [[300,'苏维埃之翼','蘇維杜夫','Krylya Sovetov','','images/165095551520.png',0],[395,'圣彼得堡泽尼特','聖彼德斯堡','Zenit St. Petersburg','','images/395/1hnyhx549p2m.png',0],[407,'莫斯科中央陆军','莫斯科中央陸軍','CSKA Moscow','','images/407/1gtqm0cjh91x.png',0],[411,'莫斯科斯巴达','莫斯科斯巴達','Spartak Moscow','','images/165095544593.png',0],[416,'莫斯科迪纳摩','莫斯科戴拿模','Dynamo Moscow','','images/416/1gtqm0cjhm20.png',0],[420,'莫斯科火车头','莫斯科火車頭','Lokomotiv Moscow','','images/165095543060.png',0],[429,'罗斯托夫','羅斯杜夫','Rostov FK','','images/165095539431.png',0],[441,'喀山红宝石','卡山魯賓','Rubin Kazan','','images/441/1gq15ejwg51f.png',0],[605,'格罗兹尼特里克','塔利克','Terek Grozny','','images/165095534661.png',0],[2036,'托木斯克','湯斯克','Tom Tomsk','','images/20130414164214.gif',0],[2450,'乌拉尔','烏拉爾','Ural Sverdlovsk Oblast','','images/165095556739.png',0],[2460,'安郅马哈奇卡拉','安捷','Anzhi Makhachkala','','images/20160729172410.jpg',0],[4388,'叶尼塞','克拉斯諾亞爾斯克','Yenisey Krasnoyarsk','','images/4388/1gtqm80ws24.png',0],[5755,'奥伦堡加索维克','奧倫堡','Gazovik Orenburg','','images/5755/1heh20art832.png',0],[10112,'克拉斯诺达尔','克拉斯諾達爾','FC Krasnodar','','images/10112/1gtqm0cjha2q.png',0],[13988,'乌法','烏法','FC Ufa','','images/13988/1grgc5aqm72w.png',0],[19764,'图拉兵工厂','圖拉兵工廠','Arsenal Tula','','images/165095553317.png',0],[25289,'诺夫哥罗德','諾夫哥羅德','FK Nizhny Novgorod','','images/25289/1gvvp55xq5j.png',0]];
var TotalBs = [[1,4388,30,17,3,10,56.7,10,33.3],[2,2450,30,16,5,9,53.3,16.7,30],[3,10112,30,16,2,12,53.3,6.7,40],[4,420,30,15,3,12,50,10,40],[5,300,32,15,3,14,46.9,9.4,43.8],[6,5755,30,14,4,12,46.7,13.3,40],[7,19764,30,14,2,14,46.7,6.7,46.7],[8,395,30,14,1,15,46.7,3.3,50],[9,411,30,12,1,17,40,3.3,56.7],[10,407,30,11,4,15,36.7,13.3,50],[11,13988,32,11,6,15,34.4,18.8,46.9],[12,2460,30,10,1,19,33.3,3.3,63.3],[13,605,30,9,6,15,30,20,50],[14,416,30,9,5,16,30,16.7,53.3],[15,441,30,7,10,13,23.3,33.3,43.3],[16,429,30,7,5,18,23.3,16.7,60],[17,25289,2,1,0,1,50,0,50],[18,2036,2,0,1,1,0,50,50]];
var HomeBs = [[1,395,15,10,0,5,66.7,0,33.3],[2,407,15,9,0,6,60,0,40],[3,420,15,8,3,4,53.3,20,26.7],[4,10112,15,8,0,7,53.3,0,46.7],[5,2450,15,7,4,4,46.7,26.7,26.7],[6,4388,15,7,3,5,46.7,20,33.3],[7,13988,16,7,2,7,43.8,12.5,43.8],[8,19764,15,7,1,7,46.7,6.7,46.7],[9,411,15,6,0,9,40,0,60],[10,5755,15,5,1,9,33.3,6.7,60],[11,2460,15,5,1,9,33.3,6.7,60],[12,300,16,5,1,10,31.2,6.2,62.5],[13,605,15,4,5,6,26.7,33.3,40],[14,429,15,4,2,9,26.7,13.3,60],[15,416,15,4,2,9,26.7,13.3,60],[16,441,15,2,6,7,13.3,40,46.7],[17,25289,1,1,0,0,100,0,0],[18,2036,1,0,0,1,0,0,100]];
var GuestBs = [[1,300,16,10,2,4,62.5,12.5,25],[2,4388,15,10,0,5,66.7,0,33.3],[3,5755,15,9,3,3,60,20,20],[4,2450,15,9,1,5,60,6.7,33.3],[5,10112,15,8,2,5,53.3,13.3,33.3],[6,19764,15,7,1,7,46.7,6.7,46.7],[7,420,15,7,0,8,46.7,0,53.3],[8,411,15,6,1,8,40,6.7,53.3],[9,441,15,5,4,6,33.3,26.7,40],[10,416,15,5,3,7,33.3,20,46.7],[11,605,15,5,1,9,33.3,6.7,60],[12,2460,15,5,0,10,33.3,0,66.7],[13,13988,16,4,4,8,25,25,50],[14,395,15,4,1,10,26.7,6.7,66.7],[15,429,15,3,3,9,20,20,60],[16,407,15,2,4,9,13.3,26.7,60],[17,2036,1,0,1,0,0,100,0],[18,25289,1,0,0,1,0,0,100]];
var TotalBsHalf = [[1,2450,30,19,1,10,63.3,3.3,33.3],[2,13988,32,19,2,11,59.4,6.2,34.4],[3,300,32,19,2,11,59.4,6.2,34.4],[4,420,30,18,1,11,60,3.3,36.7],[5,429,30,18,1,11,60,3.3,36.7],[6,5755,30,17,4,9,56.7,13.3,30],[7,19764,30,17,2,11,56.7,6.7,36.7],[8,395,30,16,2,12,53.3,6.7,40],[9,441,30,16,0,14,53.3,0,46.7],[10,4388,30,15,2,13,50,6.7,43.3],[11,10112,30,14,3,13,46.7,10,43.3],[12,407,30,13,5,12,43.3,16.7,40],[13,411,30,12,7,11,40,23.3,36.7],[14,605,30,12,2,16,40,6.7,53.3],[15,2460,30,11,6,13,36.7,20,43.3],[16,416,30,11,1,18,36.7,3.3,60],[17,2036,2,2,0,0,100,0,0],[18,25289,2,1,1,0,50,50,0]];
var HomeBsHalf = [[1,13988,16,11,0,5,68.8,0,31.2],[2,19764,15,10,0,5,66.7,0,33.3],[3,2450,15,10,0,5,66.7,0,33.3],[4,429,15,10,0,5,66.7,0,33.3],[5,407,15,8,3,4,53.3,20,26.7],[6,395,15,8,2,5,53.3,13.3,33.3],[7,420,15,8,1,6,53.3,6.7,40],[8,605,15,8,0,7,53.3,0,46.7],[9,411,15,7,4,4,46.7,26.7,26.7],[10,300,16,7,1,8,43.8,6.2,50],[11,441,15,7,0,8,46.7,0,53.3],[12,2460,15,6,5,4,40,33.3,26.7],[13,10112,15,6,3,6,40,20,40],[14,4388,15,6,1,8,40,6.7,53.3],[15,5755,15,6,1,8,40,6.7,53.3],[16,416,15,5,0,10,33.3,0,66.7],[17,2036,1,1,0,0,100,0,0],[18,25289,1,1,0,0,100,0,0]];
var GuestBsHalf = [[1,300,16,12,1,3,75,6.2,18.8],[2,5755,15,11,3,1,73.3,20,6.7],[3,420,15,10,0,5,66.7,0,33.3],[4,2450,15,9,1,5,60,6.7,33.3],[5,4388,15,9,1,5,60,6.7,33.3],[6,441,15,9,0,6,60,0,40],[7,429,15,8,1,6,53.3,6.7,40],[8,13988,16,8,2,6,50,12.5,37.5],[9,10112,15,8,0,7,53.3,0,46.7],[10,395,15,8,0,7,53.3,0,46.7],[11,19764,15,7,2,6,46.7,13.3,40],[12,416,15,6,1,8,40,6.7,53.3],[13,411,15,5,3,7,33.3,20,46.7],[14,407,15,5,2,8,33.3,13.3,53.3],[15,2460,15,5,1,9,33.3,6.7,60],[16,605,15,4,2,9,26.7,13.3,60],[17,2036,1,1,0,0,100,0,0],[18,25289,1,0,1,0,0,100,0]];
var addUp = [198,40.6,62,12.7,228,46.7,[56.7,4388],[63.3,2460],[100,25289],[100,2036],[66.7,4388],[100,25289]];
var addUpHalf = [250,51.2,42,8.6,196,40.2,[100,2036],[60,416],[100,2036,25289],[66.7,416],[100,2036],[60,2460,605]];
var lastUpdateTime = '2025-06-24 14:22:57';
