var arrLeague = [9,'德国乙组联赛','德國乙組聯賽','German Bundesliga 2','2020-2021','#CA00CA','league_match/images/20181221085736.png','德乙','德乙','GER D2'];
var arrTeam = [[95,'波鸿','波琴','VfL Bochum','','images/164870992655.png',0],[136,'纽伦堡','紐倫堡','Nurnberg','','images/2013119145001.jpg',0],[160,'汉堡','漢堡','Hamburger SV','','images/2013119151640.jpg',0],[169,'汉诺威96','漢諾威','Hannover 96','','images/201312092606.jpg',0],[458,'菲尔特','格雷特霍夫','Greuther Furth','','images/16487115697.png',0],[461,'奥厄','奧厄','Erzgebirge Aue','','images/20180921190117.jpg',0],[487,'卡尔斯鲁厄','卡斯魯厄','Karlsruher SC','','images/2013120111953.jpg',0],[490,'科隆','科隆','FC Koln','','images/164871158236.png',0],[1079,'雷根斯堡','雷根斯堡','Jahn Regensburg','','images/2013119132308.jpg',0],[1080,'达姆施塔特','達斯泰特','Darmstadt','','images/2013120114115.jpg',0],[1085,'圣保利','聖保利','St. Pauli','','images/20180921185751.jpg',0],[1116,'布伦瑞克','布倫斯維克','Eintracht Braunschweig','','images/2013120103227.jpg',0],[1117,'荷尔斯泰因','基爾','Holstein Kiel','','images/2013120132327.jpg',0],[1121,'奥斯纳布鲁克','奧斯納布克','VfL Osnabruck','','images/2013120115301.jpg',0],[1344,'杜塞尔多夫','杜斯多夫','Fortuna Dusseldorf','','images/201312093635.jpg',0],[1720,'帕德博恩','柏德博恩','SC Paderborn 07','','images/20180921192806.jpg',0],[2786,'因戈尔施塔特','恩高斯達特','Ingolstadt','','images/2013120104003.jpg',0],[4449,'桑德豪森','辛特侯遜','SV Sandhausen','','images/2013120104323.jpg',0],[6073,'维尔茨堡踢球者','禾斯貝加踢球者','Wurzburger Kickers','','images/20160925211401.jpg',0],[8371,'海登海姆','海登海默','Heidenheimer','','images/2013120120906.jpg',0]];
var TotalBs = [[1,1080,34,26,0,8,76.5,0,23.5],[2,458,34,25,0,9,73.5,0,26.5],[3,1344,34,24,0,10,70.6,0,29.4],[4,1085,34,23,0,11,67.6,0,32.4],[5,6073,34,22,1,11,64.7,2.9,32.4],[6,95,34,22,0,12,64.7,0,35.3],[7,160,34,22,0,12,64.7,0,35.3],[8,1121,36,22,0,14,61.1,0,38.9],[9,169,34,21,1,12,61.8,2.9,35.3],[10,4449,34,21,0,13,61.8,0,38.2],[11,8371,34,19,0,15,55.9,0,44.1],[12,487,34,19,0,15,55.9,0,44.1],[13,1116,34,19,0,15,55.9,0,44.1],[14,1720,34,18,0,16,52.9,0,47.1],[15,461,34,18,0,16,52.9,0,47.1],[16,1117,36,17,0,19,47.2,0,52.8],[17,136,34,16,0,18,47.1,0,52.9],[18,1079,34,15,0,19,44.1,0,55.9],[19,2786,2,2,0,0,100,0,0],[20,490,2,1,0,1,50,0,50]];
var HomeBs = [[1,458,17,13,0,4,76.5,0,23.5],[2,1121,18,13,0,5,72.2,0,27.8],[3,1720,17,12,0,5,70.6,0,29.4],[4,95,17,12,0,5,70.6,0,29.4],[5,160,17,12,0,5,70.6,0,29.4],[6,169,17,12,0,5,70.6,0,29.4],[7,1080,17,12,0,5,70.6,0,29.4],[8,1344,17,11,0,6,64.7,0,35.3],[9,1085,17,11,0,6,64.7,0,35.3],[10,1117,18,11,0,7,61.1,0,38.9],[11,6073,17,10,1,6,58.8,5.9,35.3],[12,461,17,10,0,7,58.8,0,41.2],[13,4449,17,9,0,8,52.9,0,47.1],[14,1116,17,8,0,9,47.1,0,52.9],[15,1079,17,8,0,9,47.1,0,52.9],[16,136,17,7,0,10,41.2,0,58.8],[17,487,17,7,0,10,41.2,0,58.8],[18,8371,17,7,0,10,41.2,0,58.8],[19,2786,1,1,0,0,100,0,0],[20,490,1,0,0,1,0,0,100]];
var GuestBs = [[1,1080,17,14,0,3,82.4,0,17.6],[2,1344,17,13,0,4,76.5,0,23.5],[3,6073,17,12,0,5,70.6,0,29.4],[4,487,17,12,0,5,70.6,0,29.4],[5,4449,17,12,0,5,70.6,0,29.4],[6,458,17,12,0,5,70.6,0,29.4],[7,8371,17,12,0,5,70.6,0,29.4],[8,1085,17,12,0,5,70.6,0,29.4],[9,1116,17,11,0,6,64.7,0,35.3],[10,160,17,10,0,7,58.8,0,41.2],[11,95,17,10,0,7,58.8,0,41.2],[12,169,17,9,1,7,52.9,5.9,41.2],[13,136,17,9,0,8,52.9,0,47.1],[14,1121,18,9,0,9,50,0,50],[15,461,17,8,0,9,47.1,0,52.9],[16,1079,17,7,0,10,41.2,0,58.8],[17,1720,17,6,0,11,35.3,0,64.7],[18,1117,18,6,0,12,33.3,0,66.7],[19,490,1,1,0,0,100,0,0],[20,2786,1,1,0,0,100,0,0]];
var TotalBsHalf = [[1,458,34,23,6,5,67.6,17.6,14.7],[2,1720,34,17,5,12,50,14.7,35.3],[3,1116,34,16,7,11,47.1,20.6,32.4],[4,160,34,16,7,11,47.1,20.6,32.4],[5,4449,34,15,9,10,44.1,26.5,29.4],[6,95,34,14,12,8,41.2,35.3,23.5],[7,1117,36,14,11,11,38.9,30.6,30.6],[8,1079,34,13,12,9,38.2,35.3,26.5],[9,1121,36,12,14,10,33.3,38.9,27.8],[10,136,34,12,12,10,35.3,35.3,29.4],[11,461,34,12,11,11,35.3,32.4,32.4],[12,487,34,12,11,11,35.3,32.4,32.4],[13,1080,34,12,8,14,35.3,23.5,41.2],[14,1085,34,11,15,8,32.4,44.1,23.5],[15,169,34,10,12,12,29.4,35.3,35.3],[16,6073,34,10,8,16,29.4,23.5,47.1],[17,8371,34,9,15,10,26.5,44.1,29.4],[18,1344,34,9,13,12,26.5,38.2,35.3],[19,2786,2,2,0,0,100,0,0],[20,490,2,1,0,1,50,0,50]];
var HomeBsHalf = [[1,458,17,13,2,2,76.5,11.8,11.8],[2,1720,17,11,3,3,64.7,17.6,17.6],[3,4449,17,9,5,3,52.9,29.4,17.6],[4,1117,18,8,4,6,44.4,22.2,33.3],[5,461,17,7,5,5,41.2,29.4,29.4],[6,1080,17,7,4,6,41.2,23.5,35.3],[7,160,17,7,3,7,41.2,17.6,41.2],[8,1116,17,7,3,7,41.2,17.6,41.2],[9,1121,18,6,10,2,33.3,55.6,11.1],[10,95,17,6,6,5,35.3,35.3,29.4],[11,136,17,6,6,5,35.3,35.3,29.4],[12,1344,17,6,5,6,35.3,29.4,35.3],[13,6073,17,6,4,7,35.3,23.5,41.2],[14,1085,17,5,8,4,29.4,47.1,23.5],[15,487,17,5,4,8,29.4,23.5,47.1],[16,1079,17,4,9,4,23.5,52.9,23.5],[17,169,17,4,5,8,23.5,29.4,47.1],[18,8371,17,2,8,7,11.8,47.1,41.2],[19,2786,1,1,0,0,100,0,0],[20,490,1,0,0,1,0,0,100]];
var GuestBsHalf = [[1,458,17,10,4,3,58.8,23.5,17.6],[2,160,17,9,4,4,52.9,23.5,23.5],[3,1116,17,9,4,4,52.9,23.5,23.5],[4,1079,17,9,3,5,52.9,17.6,29.4],[5,95,17,8,6,3,47.1,35.3,17.6],[6,487,17,7,7,3,41.2,41.2,17.6],[7,8371,17,7,7,3,41.2,41.2,17.6],[8,1085,17,6,7,4,35.3,41.2,23.5],[9,169,17,6,7,4,35.3,41.2,23.5],[10,136,17,6,6,5,35.3,35.3,29.4],[11,1117,18,6,7,5,33.3,38.9,27.8],[12,4449,17,6,4,7,35.3,23.5,41.2],[13,1121,18,6,4,8,33.3,22.2,44.4],[14,1720,17,6,2,9,35.3,11.8,52.9],[15,461,17,5,6,6,29.4,35.3,35.3],[16,1080,17,5,4,8,29.4,23.5,47.1],[17,6073,17,4,4,9,23.5,23.5,52.9],[18,1344,17,3,8,6,17.6,47.1,35.3],[19,490,1,1,0,0,100,0,0],[20,2786,1,1,0,0,100,0,0]];
var addUp = [372,60,2,0.3,246,39.7,[100,2786],[55.9,1079],[100,2786],[100,490],[100,490,2786],[66.7,1117]];
var addUpHalf = [240,38.7,188,30.3,192,31,[100,2786],[50,490],[100,2786],[100,490],[100,490,2786],[52.9,1720,6073]];
var lastUpdateTime = '2025-01-18 16:50:08';
