var arrLeague = [31,'西班牙甲组联赛','西班牙甲組聯賽','Spanish La Liga','2025-2026','#006633','league_match/images/1jx44n35b42j.png','西甲','西甲','SPA D1'];
var arrTeam = [[82,'皇家马德里','皇家馬德里','Real Madrid','','images/164871252161.png',0],[84,'巴塞罗那','巴塞隆拿','FC Barcelona','','images/164871253294.png',0],[86,'塞维利亚','西維爾','Sevilla','','images/164871255158.png',0],[91,'巴伦西亚','華倫西亞','Valencia','','images/164871269140.png',0],[92,'毕尔巴鄂竞技','畢爾包','Athletic Bilbao','','images/164871258463.png',0],[94,'奥萨苏纳','奧沙辛拿','Osasuna','','images/164871260392.png',0],[96,'皇家贝蒂斯','貝迪斯','Real Betis','','images/164871261858.png',0],[98,'赫塔菲','加泰','Getafe','','images/164871263258.png',0],[100,'西班牙人','愛斯賓奴','RCD Espanyol','','images/164871556292.png',0],[101,'马洛卡','馬略卡','Mallorca','','images/164871266038.png',0],[103,'莱万特','利雲特','Levante','','images/164871559313.png',0],[106,'皇家社会','皇家蘇斯達','Real Sociedad','','images/164871271877.png',0],[107,'比利亚雷亚尔','維拉利爾','Villarreal','','images/164871273527.png',0],[109,'马德里竞技','馬德里體育會','Atletico Madrid','','images/1kb2cae4fh15.png',0],[114,'塞尔塔','切爾達','Celta Vigo','','images/164871275971.png',0],[126,'埃尔切','艾爾切','Elche','','images/164871278741.png',0],[137,'阿拉维斯','艾拉維斯','Alaves','','images/164871280016.png',0],[982,'赫罗纳','傑羅納','Girona','','images/982/1hke8brgq5m.png',0],[994,'巴列卡诺','華歷簡奴','Rayo Vallecano','','images/994/1kenbfv3s1h.png',0],[4732,'皇家奥维耶多','奧維多','Real Oviedo','','images/4732/1j3s1rtr5j2f.png',0]];
var TotalBs = [[1,101,38,23,0,15,60.5,0,39.5],[2,126,38,22,0,16,57.9,0,42.1],[3,107,38,22,0,16,57.9,0,42.1],[4,86,38,21,2,15,55.3,5.3,39.5],[5,106,38,21,0,17,55.3,0,44.7],[6,137,38,20,3,15,52.6,7.9,39.5],[7,96,38,19,2,17,50,5.3,44.7],[8,92,38,19,1,18,50,2.6,47.4],[9,100,38,19,0,19,50,0,50],[10,82,38,18,2,18,47.4,5.3,47.4],[11,94,38,18,0,20,47.4,0,52.6],[12,109,38,18,0,20,47.4,0,52.6],[13,114,38,17,1,20,44.7,2.6,52.6],[14,84,38,17,1,20,44.7,2.6,52.6],[15,91,38,17,1,20,44.7,2.6,52.6],[16,103,38,15,2,21,39.5,5.3,55.3],[17,982,38,15,1,22,39.5,2.6,57.9],[18,994,38,14,3,21,36.8,7.9,55.3],[19,4732,38,14,2,22,36.8,5.3,57.9],[20,98,38,13,7,18,34.2,18.4,47.4]];
var HomeBs = [[1,107,19,14,0,5,73.7,0,26.3],[2,106,19,13,0,6,68.4,0,31.6],[3,137,19,12,1,6,63.2,5.3,31.6],[4,94,19,11,0,8,57.9,0,42.1],[5,101,19,11,0,8,57.9,0,42.1],[6,86,19,10,2,7,52.6,10.5,36.8],[7,126,19,10,0,9,52.6,0,47.4],[8,114,19,9,1,9,47.4,5.3,47.4],[9,84,19,9,1,9,47.4,5.3,47.4],[10,96,19,9,1,9,47.4,5.3,47.4],[11,109,19,9,0,10,47.4,0,52.6],[12,82,19,8,2,9,42.1,10.5,47.4],[13,982,19,8,1,10,42.1,5.3,52.6],[14,100,19,8,0,11,42.1,0,57.9],[15,91,19,8,0,11,42.1,0,57.9],[16,92,19,8,0,11,42.1,0,57.9],[17,103,19,8,0,11,42.1,0,57.9],[18,98,19,6,4,9,31.6,21.1,47.4],[19,994,19,6,1,12,31.6,5.3,63.2],[20,4732,19,4,0,15,21.1,0,78.9]];
var GuestBs = [[1,101,19,12,0,7,63.2,0,36.8],[2,126,19,12,0,7,63.2,0,36.8],[3,92,19,11,1,7,57.9,5.3,36.8],[4,86,19,11,0,8,57.9,0,42.1],[5,100,19,11,0,8,57.9,0,42.1],[6,4732,19,10,2,7,52.6,10.5,36.8],[7,96,19,10,1,8,52.6,5.3,42.1],[8,82,19,10,0,9,52.6,0,47.4],[9,91,19,9,1,9,47.4,5.3,47.4],[10,109,19,9,0,10,47.4,0,52.6],[11,137,19,8,2,9,42.1,10.5,47.4],[12,994,19,8,2,9,42.1,10.5,47.4],[13,114,19,8,0,11,42.1,0,57.9],[14,106,19,8,0,11,42.1,0,57.9],[15,107,19,8,0,11,42.1,0,57.9],[16,84,19,8,0,11,42.1,0,57.9],[17,98,19,7,3,9,36.8,15.8,47.4],[18,103,19,7,2,10,36.8,10.5,52.6],[19,982,19,7,0,12,36.8,0,63.2],[20,94,19,7,0,12,36.8,0,63.2]];
var TotalBsHalf = [[1,101,38,20,8,10,52.6,21.1,26.3],[2,84,38,20,1,17,52.6,2.6,44.7],[3,126,38,19,4,15,50,10.5,39.5],[4,98,38,19,3,16,50,7.9,42.1],[5,106,38,18,12,8,47.4,31.6,21.1],[6,96,38,18,7,13,47.4,18.4,34.2],[7,137,38,17,5,16,44.7,13.2,42.1],[8,109,38,17,5,16,44.7,13.2,42.1],[9,107,38,16,10,12,42.1,26.3,31.6],[10,103,38,16,10,12,42.1,26.3,31.6],[11,86,38,16,9,13,42.1,23.7,34.2],[12,92,38,16,9,13,42.1,23.7,34.2],[13,94,38,16,7,15,42.1,18.4,39.5],[14,994,38,16,7,15,42.1,18.4,39.5],[15,4732,38,15,8,15,39.5,21.1,39.5],[16,100,38,14,8,16,36.8,21.1,42.1],[17,91,38,12,7,19,31.6,18.4,50],[18,82,38,12,2,24,31.6,5.3,63.2],[19,114,38,10,13,15,26.3,34.2,39.5],[20,982,38,7,17,14,18.4,44.7,36.8]];
var HomeBsHalf = [[1,101,19,12,3,4,63.2,15.8,21.1],[2,96,19,12,2,5,63.2,10.5,26.3],[3,84,19,12,0,7,63.2,0,36.8],[4,94,19,11,3,5,57.9,15.8,26.3],[5,107,19,10,3,6,52.6,15.8,31.6],[6,106,19,9,5,5,47.4,26.3,26.3],[7,109,19,9,2,8,47.4,10.5,42.1],[8,86,19,8,6,5,42.1,31.6,26.3],[9,137,19,8,4,7,42.1,21.1,36.8],[10,126,19,8,3,8,42.1,15.8,42.1],[11,98,19,8,1,10,42.1,5.3,52.6],[12,103,19,7,5,7,36.8,26.3,36.8],[13,100,19,6,6,7,31.6,31.6,36.8],[14,92,19,6,6,7,31.6,31.6,36.8],[15,114,19,6,6,7,31.6,31.6,36.8],[16,994,19,6,4,9,31.6,21.1,47.4],[17,82,19,6,1,12,31.6,5.3,63.2],[18,4732,19,5,3,11,26.3,15.8,57.9],[19,982,19,4,9,6,21.1,47.4,31.6],[20,91,19,4,4,11,21.1,21.1,57.9]];
var GuestBsHalf = [[1,98,19,11,2,6,57.9,10.5,31.6],[2,126,19,11,1,7,57.9,5.3,36.8],[3,4732,19,10,5,4,52.6,26.3,21.1],[4,994,19,10,3,6,52.6,15.8,31.6],[5,92,19,10,3,6,52.6,15.8,31.6],[6,106,19,9,7,3,47.4,36.8,15.8],[7,103,19,9,5,5,47.4,26.3,26.3],[8,137,19,9,1,9,47.4,5.3,47.4],[9,101,19,8,5,6,42.1,26.3,31.6],[10,109,19,8,3,8,42.1,15.8,42.1],[11,86,19,8,3,8,42.1,15.8,42.1],[12,91,19,8,3,8,42.1,15.8,42.1],[13,100,19,8,2,9,42.1,10.5,47.4],[14,84,19,8,1,10,42.1,5.3,52.6],[15,107,19,6,7,6,31.6,36.8,31.6],[16,96,19,6,5,8,31.6,26.3,42.1],[17,82,19,6,1,12,31.6,5.3,63.2],[18,94,19,5,4,10,26.3,21.1,52.6],[19,114,19,4,7,8,21.1,36.8,42.1],[20,982,19,3,8,8,15.8,42.1,42.1]];
var addUp = [362,47.6,28,3.7,370,48.7,[60.5,101],[57.9,982,4732],[73.7,107],[78.9,4732],[63.2,101,126],[63.2,982,94]];
var addUpHalf = [314,41.3,152,20,294,38.7,[52.6,101,84],[63.2,82],[63.2,101,96,84],[63.2,82],[57.9,98,126],[63.2,82]];
var lastUpdateTime = '2026-05-26 07:00:20';
