var arrLeague = [22,'挪威超级联赛','挪威超級聯賽','Norwegian Tippeligaen','2021','#666666','league_match/images/20200420075346.jpg','挪超','挪超','NOR D1'];
var arrTeam = [[472,'博德闪耀','波杜基林特','Bodo Glimt','','images/472/1gq6j9e9em1s.png',0],[475,'斯塔贝克','史達比克','Stabaek','','images/475/1gq6j9e9y51x.png',0],[479,'奥德格伦兰','奧特格寧蘭','Odd Grenland','','images/479/1hw70bzw2q11.png',0],[485,'瓦勒伦加','華拿倫加','Valerenga','','images/485/1gxmbkap742v.png',0],[495,'维京','維京','Viking','','images/495/1gv9q9y3qv1r.png',0],[498,'布兰','白蘭恩','Brann','','images/498/1gxmbm1ncsv.png',0],[505,'莫尔德','莫迪','Molde','','images/505/1gxmbm1nc618.png',0],[507,'罗森博格','洛辛堡','Rosenborg','','images/507/1gxmbm1ncb32.png',0],[509,'利勒斯特罗姆','利尼史特朗','Lillestrom','','images/509/1gxmbm1nc124.png',0],[514,'特罗姆瑟','特羅素','Tromso IL','','images/514/1gxmbm1ncd32.png',0],[1282,'桑德菲杰','辛迪夫佐特','Sandefjord','','images/1282/1gqv25gza42a.png',0],[1285,'斯托姆加斯特','史卓加斯特','Stromsgodset','','images/1285/1gxmbm1ncn10.png',0],[2255,'萨普斯堡','薩普斯堡','Sarpsborg 08','','images/2255/1gxmbm1ncd2y.png',0],[2279,'莫达伦','莫達倫','Mjondalen IF','','images/2279/1gxmbp26aa2z.png',0],[2822,'海于格松','侯格辛特','Haugesund','','images/2822/1gxmbm1nc6q.png',0],[4174,'克里斯蒂安松','基斯迪辛特','Kristiansund BK','','images/4174/1gxmbp26a81v.png',0]];
var TotalPanLu = [[1,495,30,14,8,8,20,0,10,10,66.7,0,33.3],[2,509,30,9,10,11,18,1,11,7,60,3.3,36.7],[3,472,30,26,2,2,17,1,12,5,56.7,3.3,40],[4,4174,30,13,6,11,16,0,14,2,53.3,0,46.7],[5,2822,30,12,6,12,15,2,13,2,50,6.7,43.3],[6,505,30,27,1,2,15,2,13,2,50,6.7,43.3],[7,514,30,9,3,18,14,2,14,0,46.7,6.7,46.7],[8,1285,30,9,5,16,14,1,15,-1,46.7,3.3,50],[9,2255,30,7,8,15,14,1,15,-1,46.7,3.3,50],[10,507,30,22,4,4,13,4,13,0,43.3,13.3,43.3],[11,485,30,19,7,4,13,3,14,-1,43.3,10,46.7],[12,479,30,9,6,15,13,1,16,-3,43.3,3.3,53.3],[13,1282,30,3,7,20,12,4,14,-2,40,13.3,46.7],[14,475,30,5,2,23,12,0,18,-6,40,0,60],[15,2279,30,4,6,20,11,1,18,-7,36.7,3.3,60],[16,498,30,9,5,16,10,3,17,-7,33.3,10,56.7]];
var HomePanLu = [[1,1285,15,8,3,4,10,0,5,5,66.7,0,33.3],[2,4174,15,11,2,2,10,0,5,5,66.7,0,33.3],[3,2822,15,11,1,3,9,1,5,4,60,6.7,33.3],[4,509,15,9,4,2,9,0,6,3,60,0,40],[5,495,15,11,2,2,9,0,6,3,60,0,40],[6,505,15,15,0,0,9,0,6,3,60,0,40],[7,472,15,15,0,0,8,0,7,1,53.3,0,46.7],[8,485,15,12,3,0,7,3,5,2,46.7,20,33.3],[9,2255,15,7,5,3,7,1,7,0,46.7,6.7,46.7],[10,1282,15,3,7,5,6,4,5,1,40,26.7,33.3],[11,507,15,15,0,0,6,1,8,-2,40,6.7,53.3],[12,479,15,9,4,2,5,1,9,-4,33.3,6.7,60],[13,475,15,5,2,8,5,0,10,-5,33.3,0,66.7],[14,514,15,9,2,4,5,0,10,-5,33.3,0,66.7],[15,2279,15,4,5,6,4,1,10,-6,26.7,6.7,66.7],[16,498,15,9,3,3,4,1,10,-6,26.7,6.7,66.7]];
var GuestPanLu = [[1,495,15,3,6,6,11,0,4,7,73.3,0,26.7],[2,514,15,0,1,14,9,2,4,5,60,13.3,26.7],[3,509,15,0,6,9,9,1,5,4,60,6.7,33.3],[4,472,15,11,2,2,9,1,5,4,60,6.7,33.3],[5,479,15,0,2,13,8,0,7,1,53.3,0,46.7],[6,507,15,7,4,4,7,3,5,2,46.7,20,33.3],[7,475,15,0,0,15,7,0,8,-1,46.7,0,53.3],[8,2255,15,0,3,12,7,0,8,-1,46.7,0,53.3],[9,2279,15,0,1,14,7,0,8,-1,46.7,0,53.3],[10,498,15,0,2,13,6,2,7,-1,40,13.3,46.7],[11,505,15,12,1,2,6,2,7,-1,40,13.3,46.7],[12,2822,15,1,5,9,6,1,8,-2,40,6.7,53.3],[13,4174,15,2,4,9,6,0,9,-3,40,0,60],[14,1282,15,0,0,15,6,0,9,-3,40,0,60],[15,485,15,7,4,4,6,0,9,-3,40,0,60],[16,1285,15,1,2,12,4,1,10,-6,26.7,6.7,66.7]];
var TotalHalfPanLu = [[1,1282,30,1,14,15,17,4,9,8,56.7,13.3,30],[2,505,30,25,5,0,16,4,10,6,53.3,13.3,33.3],[3,475,30,0,11,19,16,3,11,5,53.3,10,36.7],[4,2255,30,4,11,15,15,7,8,7,50,23.3,26.7],[5,507,30,19,10,1,14,6,10,4,46.7,20,33.3],[6,479,30,6,15,9,13,8,9,4,43.3,26.7,30],[7,514,30,7,10,13,13,5,12,1,43.3,16.7,40],[8,2279,30,2,9,19,13,3,14,-1,43.3,10,46.7],[9,472,30,23,6,1,12,5,13,-1,40,16.7,43.3],[10,509,30,8,13,9,10,7,13,-3,33.3,23.3,43.3],[11,498,30,4,13,13,10,6,14,-4,33.3,20,46.7],[12,485,30,16,11,3,9,10,11,-2,30,33.3,36.7],[13,2822,30,9,14,7,9,8,13,-4,30,26.7,43.3],[14,1285,30,5,11,14,9,6,15,-6,30,20,50],[15,4174,30,10,12,8,8,9,13,-5,26.7,30,43.3],[16,495,30,11,15,4,8,5,17,-9,26.7,16.7,56.7]];
var HomeHalfPanLu = [[1,505,15,15,0,0,10,0,5,5,66.7,0,33.3],[2,1282,15,1,11,3,8,4,3,5,53.3,26.7,20],[3,507,15,13,2,0,8,2,5,3,53.3,13.3,33.3],[4,472,15,13,2,0,8,2,5,3,53.3,13.3,33.3],[5,475,15,0,10,5,7,3,5,2,46.7,20,33.3],[6,2255,15,4,8,3,6,6,3,3,40,40,20],[7,479,15,6,7,2,6,3,6,0,40,20,40],[8,485,15,12,3,0,6,3,6,0,40,20,40],[9,2279,15,2,7,6,5,3,7,-2,33.3,20,46.7],[10,498,15,4,8,3,5,3,7,-2,33.3,20,46.7],[11,1285,15,5,6,4,5,2,8,-3,33.3,13.3,53.3],[12,509,15,8,5,2,5,2,8,-3,33.3,13.3,53.3],[13,2822,15,8,5,2,4,5,6,-2,26.7,33.3,40],[14,514,15,7,6,2,4,4,7,-3,26.7,26.7,46.7],[15,4174,15,9,5,1,3,4,8,-5,20,26.7,53.3],[16,495,15,10,5,0,3,2,10,-7,20,13.3,66.7]];
var GuestHalfPanLu = [[1,514,15,0,4,11,9,1,5,4,60,6.7,33.3],[2,2255,15,0,3,12,9,1,5,4,60,6.7,33.3],[3,1282,15,0,3,12,9,0,6,3,60,0,40],[4,475,15,0,1,14,9,0,6,3,60,0,40],[5,2279,15,0,2,13,8,0,7,1,53.3,0,46.7],[6,479,15,0,8,7,7,5,3,4,46.7,33.3,20],[7,505,15,10,5,0,6,4,5,1,40,26.7,33.3],[8,507,15,6,8,1,6,4,5,1,40,26.7,33.3],[9,509,15,0,8,7,5,5,5,0,33.3,33.3,33.3],[10,4174,15,1,7,7,5,5,5,0,33.3,33.3,33.3],[11,2822,15,1,9,5,5,3,7,-2,33.3,20,46.7],[12,495,15,1,10,4,5,3,7,-2,33.3,20,46.7],[13,498,15,0,5,10,5,3,7,-2,33.3,20,46.7],[14,1285,15,0,5,10,4,4,7,-3,26.7,26.7,46.7],[15,472,15,10,4,1,4,3,8,-4,26.7,20,53.3],[16,485,15,4,8,3,3,7,5,-2,20,46.7,33.3]];
var addUp = [113,47.1,13,5.4,114,47.5,[66.7,495],[60,475,2279],[66.7,1285,4174],[66.7,475,514,2279,498],[73.3,495],[66.7,1285],[13.3,507,1282],[0,495,4174,475]];
var addUpHalf = [93,38.8,48,20,99,41.2,[56.7,1282],[56.7,495],[66.7,505],[66.7,495],[60,514,2255,1282,475],[53.3,472],[33.3,485],[10,475,2279]];
var lastUpdateTime = '2025-01-18 16:23:18';
