var arrLeague = [22,'挪威超级联赛','挪威超級聯賽','Norwegian Tippeligaen','2021','#666666','league_match/images/20200420075346.jpg','挪超','挪超','NOR D1'];
var arrTeam = [[472,'博德闪耀','波杜基林特','Bodo Glimt','','images/472/1gq6j9e9em1s.png',0],[475,'斯塔贝克','史達比克','Stabaek','','images/475/1gq6j9e9y51x.png',0],[479,'奥德格伦兰','奧特格寧蘭','Odd Grenland','','images/479/1hw70bzw2q11.png',0],[485,'瓦勒伦加','華拿倫加','Valerenga','','images/485/1gxmbkap742v.png',0],[495,'维京','維京','Viking','','images/495/1gv9q9y3qv1r.png',0],[498,'布兰','白蘭恩','Brann','','images/498/1gxmbm1ncsv.png',0],[505,'莫尔德','莫迪','Molde','','images/505/1gxmbm1nc618.png',0],[507,'罗森博格','洛辛堡','Rosenborg','','images/507/1gxmbm1ncb32.png',0],[509,'利勒斯特罗姆','利尼史特朗','Lillestrom','','images/509/1gxmbm1nc124.png',0],[514,'特罗姆瑟','特羅素','Tromso IL','','images/514/1gxmbm1ncd32.png',0],[1282,'桑德菲杰','辛迪夫佐特','Sandefjord','','images/1282/1gqv25gza42a.png',0],[1285,'斯托姆加斯特','史卓加斯特','Stromsgodset','','images/1285/1gxmbm1ncn10.png',0],[2255,'萨普斯堡','薩普斯堡','Sarpsborg 08','','images/2255/1gxmbm1ncd2y.png',0],[2279,'莫达伦','莫達倫','Mjondalen IF','','images/2279/1gxmbp26aa2z.png',0],[2822,'海于格松','侯格辛特','Haugesund','','images/2822/1gxmbm1nc6q.png',0],[4174,'克里斯蒂安松','基斯迪辛特','Kristiansund BK','','images/4174/1gxmbp26a81v.png',0]];
var TotalBs = [[1,507,30,21,1,8,70,3.3,26.7],[2,479,30,20,0,10,66.7,0,33.3],[3,495,30,18,4,8,60,13.3,26.7],[4,2822,30,18,2,10,60,6.7,33.3],[5,475,30,17,4,9,56.7,13.3,30],[6,509,30,17,0,13,56.7,0,43.3],[7,2279,30,17,0,13,56.7,0,43.3],[8,505,30,16,3,11,53.3,10,36.7],[9,1282,30,16,2,12,53.3,6.7,40],[10,498,30,16,1,13,53.3,3.3,43.3],[11,1285,30,14,2,14,46.7,6.7,46.7],[12,4174,30,14,2,14,46.7,6.7,46.7],[13,2255,30,13,3,14,43.3,10,46.7],[14,485,30,12,4,14,40,13.3,46.7],[15,514,30,11,1,18,36.7,3.3,60],[16,472,30,10,3,17,33.3,10,56.7]];
var HomeBs = [[1,479,15,12,0,3,80,0,20],[2,2822,15,11,1,3,73.3,6.7,20],[3,507,15,11,0,4,73.3,0,26.7],[4,505,15,10,1,4,66.7,6.7,26.7],[5,495,15,9,3,3,60,20,20],[6,1285,15,9,1,5,60,6.7,33.3],[7,2279,15,9,0,6,60,0,40],[8,475,15,8,2,5,53.3,13.3,33.3],[9,1282,15,7,1,7,46.7,6.7,46.7],[10,498,15,7,1,7,46.7,6.7,46.7],[11,2255,15,6,1,8,40,6.7,53.3],[12,509,15,6,0,9,40,0,60],[13,485,15,5,2,8,33.3,13.3,53.3],[14,472,15,5,2,8,33.3,13.3,53.3],[15,4174,15,5,1,9,33.3,6.7,60],[16,514,15,5,0,10,33.3,0,66.7]];
var GuestBs = [[1,509,15,11,0,4,73.3,0,26.7],[2,507,15,10,1,4,66.7,6.7,26.7],[3,475,15,9,2,4,60,13.3,26.7],[4,1282,15,9,1,5,60,6.7,33.3],[5,4174,15,9,1,5,60,6.7,33.3],[6,495,15,9,1,5,60,6.7,33.3],[7,498,15,9,0,6,60,0,40],[8,2279,15,8,0,7,53.3,0,46.7],[9,479,15,8,0,7,53.3,0,46.7],[10,485,15,7,2,6,46.7,13.3,40],[11,2255,15,7,2,6,46.7,13.3,40],[12,2822,15,7,1,7,46.7,6.7,46.7],[13,505,15,6,2,7,40,13.3,46.7],[14,514,15,6,1,8,40,6.7,53.3],[15,472,15,5,1,9,33.3,6.7,60],[16,1285,15,5,1,9,33.3,6.7,60]];
var TotalBsHalf = [[1,505,30,17,0,13,56.7,0,43.3],[2,479,30,16,5,9,53.3,16.7,30],[3,507,30,14,4,12,46.7,13.3,40],[4,495,30,13,3,14,43.3,10,46.7],[5,514,30,12,8,10,40,26.7,33.3],[6,1282,30,12,7,11,40,23.3,36.7],[7,2822,30,11,5,14,36.7,16.7,46.7],[8,1285,30,11,4,15,36.7,13.3,50],[9,4174,30,11,3,16,36.7,10,53.3],[10,509,30,10,6,14,33.3,20,46.7],[11,498,30,10,4,16,33.3,13.3,53.3],[12,475,30,9,6,15,30,20,50],[13,485,30,9,3,18,30,10,60],[14,472,30,9,1,20,30,3.3,66.7],[15,2279,30,8,12,10,26.7,40,33.3],[16,2255,30,8,7,15,26.7,23.3,50]];
var HomeBsHalf = [[1,505,15,10,0,5,66.7,0,33.3],[2,479,15,9,3,3,60,20,20],[3,507,15,7,1,7,46.7,6.7,46.7],[4,472,15,7,1,7,46.7,6.7,46.7],[5,495,15,7,1,7,46.7,6.7,46.7],[6,514,15,6,2,7,40,13.3,46.7],[7,498,15,6,0,9,40,0,60],[8,1285,15,5,3,7,33.3,20,46.7],[9,2822,15,5,2,8,33.3,13.3,53.3],[10,485,15,5,2,8,33.3,13.3,53.3],[11,4174,15,5,1,9,33.3,6.7,60],[12,2279,15,4,7,4,26.7,46.7,26.7],[13,1282,15,4,5,6,26.7,33.3,40],[14,475,15,4,3,8,26.7,20,53.3],[15,509,15,3,4,8,20,26.7,53.3],[16,2255,15,3,4,8,20,26.7,53.3]];
var GuestBsHalf = [[1,1282,15,8,2,5,53.3,13.3,33.3],[2,507,15,7,3,5,46.7,20,33.3],[3,509,15,7,2,6,46.7,13.3,40],[4,479,15,7,2,6,46.7,13.3,40],[5,505,15,7,0,8,46.7,0,53.3],[6,514,15,6,6,3,40,40,20],[7,2822,15,6,3,6,40,20,40],[8,495,15,6,2,7,40,13.3,46.7],[9,4174,15,6,2,7,40,13.3,46.7],[10,1285,15,6,1,8,40,6.7,53.3],[11,475,15,5,3,7,33.3,20,46.7],[12,2255,15,5,3,7,33.3,20,46.7],[13,2279,15,4,5,6,26.7,33.3,40],[14,498,15,4,4,7,26.7,26.7,46.7],[15,485,15,4,1,10,26.7,6.7,66.7],[16,472,15,2,0,13,13.3,0,86.7]];
var addUp = [250,52.1,32,6.7,198,41.2,[70,507],[60,514],[80,479],[66.7,514],[73.3,509],[60,472,1285]];
var addUpHalf = [180,37.5,78,16.2,222,46.2,[56.7,505],[66.7,472],[66.7,505],[60,498,4174],[53.3,1282],[86.7,472]];
var lastUpdateTime = '2025-01-18 16:23:27';
