var arrLeague = [10,'俄罗斯超级联赛','俄羅斯超級聯賽','Russia Premier League','2015-2016','#006699','league_match/images/20200411092415.jpg','俄超','俄超','RUS PR'];
var arrTeam = [[298,'阿姆卡尔','安卡','Amkar Perm','','images/298/1gx0nnphdv0.png',0],[300,'苏维埃之翼','蘇維杜夫','Krylya Sovetov','','images/165095551520.png',0],[395,'圣彼得堡泽尼特','聖彼德斯堡','Zenit St. Petersburg','','images/395/1hnyhx549p2m.png',0],[407,'莫斯科中央陆军','莫斯科中央陸軍','CSKA Moscow','','images/407/1gtqm0cjh91x.png',0],[411,'莫斯科斯巴达','莫斯科斯巴達','Spartak Moscow','','images/165095544593.png',0],[416,'莫斯科迪纳摩','莫斯科戴拿模','Dynamo Moscow','','images/416/1gtqm0cjhm20.png',0],[420,'莫斯科火车头','莫斯科火車頭','Lokomotiv Moscow','','images/165095543060.png',0],[429,'罗斯托夫','羅斯杜夫','Rostov FK','','images/165095539431.png',0],[435,'库班','庫班','Kuban Krasnodar','','images/20130711102033.jpg',0],[441,'喀山红宝石','卡山魯賓','Rubin Kazan','','images/441/1gq15ejwg51f.png',0],[605,'格罗兹尼特里克','塔利克','Terek Grozny','','images/165095534661.png',0],[2036,'托木斯克','湯斯克','Tom Tomsk','','images/20130414164214.gif',0],[2450,'乌拉尔','烏拉爾','Ural Sverdlovsk Oblast','','images/165095556739.png',0],[2454,'阿斯特拉罕沃尔加','沃爾加','Volgar-Gazprom Astrachan','','images/2454/1grqbwq2xr11.png',0],[2460,'安郅马哈奇卡拉','安捷','Anzhi Makhachkala','','images/20160729172410.jpg',0],[4371,'萨兰斯克莫尔多瓦','莫爾多維亞','Mordovya Saransk','','images/20130411103358.jpg',0],[10112,'克拉斯诺达尔','克拉斯諾達爾','FC Krasnodar','','images/10112/1gtqm0cjha2q.png',0],[13988,'乌法','烏法','FC Ufa','','images/13988/1grgc5aqm72w.png',0]];
var TotalBs = [[1,411,30,19,0,11,63.3,0,36.7],[2,395,30,18,0,12,60,0,40],[3,10112,30,16,0,14,53.3,0,46.7],[4,4371,30,15,2,13,50,6.7,43.3],[5,2460,32,14,4,14,43.8,12.5,43.8],[6,441,30,14,1,15,46.7,3.3,50],[7,2450,30,14,1,15,46.7,3.3,50],[8,420,30,14,0,16,46.7,0,53.3],[9,416,30,13,0,17,43.3,0,56.7],[10,435,32,12,3,17,37.5,9.4,53.1],[11,429,30,12,0,18,40,0,60],[12,13988,30,10,3,17,33.3,10,56.7],[13,605,30,10,2,18,33.3,6.7,60],[14,407,30,9,0,21,30,0,70],[15,298,30,7,4,19,23.3,13.3,63.3],[16,300,30,5,2,23,16.7,6.7,76.7],[17,2036,2,0,0,2,0,0,100],[18,2454,2,0,0,2,0,0,100]];
var HomeBs = [[1,411,15,11,0,4,73.3,0,26.7],[2,395,15,9,0,6,60,0,40],[3,10112,15,9,0,6,60,0,40],[4,2450,15,9,0,6,60,0,40],[5,416,15,8,0,7,53.3,0,46.7],[6,441,15,8,0,7,53.3,0,46.7],[7,13988,15,6,2,7,40,13.3,46.7],[8,2460,16,6,3,7,37.5,18.8,43.8],[9,605,15,6,1,8,40,6.7,53.3],[10,435,16,6,2,8,37.5,12.5,50],[11,4371,15,6,1,8,40,6.7,53.3],[12,420,15,4,0,11,26.7,0,73.3],[13,407,15,4,0,11,26.7,0,73.3],[14,429,15,4,0,11,26.7,0,73.3],[15,298,15,3,1,11,20,6.7,73.3],[16,300,15,2,1,12,13.3,6.7,80],[17,2454,1,0,0,1,0,0,100],[18,2036,1,0,0,1,0,0,100]];
var GuestBs = [[1,420,15,10,0,5,66.7,0,33.3],[2,4371,15,9,1,5,60,6.7,33.3],[3,395,15,9,0,6,60,0,40],[4,429,15,8,0,7,53.3,0,46.7],[5,411,15,8,0,7,53.3,0,46.7],[6,2460,16,8,1,7,50,6.2,43.8],[7,10112,15,7,0,8,46.7,0,53.3],[8,441,15,6,1,8,40,6.7,53.3],[9,435,16,6,1,9,37.5,6.2,56.2],[10,2450,15,5,1,9,33.3,6.7,60],[11,407,15,5,0,10,33.3,0,66.7],[12,416,15,5,0,10,33.3,0,66.7],[13,298,15,4,3,8,26.7,20,53.3],[14,605,15,4,1,10,26.7,6.7,66.7],[15,13988,15,4,1,10,26.7,6.7,66.7],[16,300,15,3,1,11,20,6.7,73.3],[17,2454,1,0,0,1,0,0,100],[18,2036,1,0,0,1,0,0,100]];
var TotalBsHalf = [[1,2450,30,19,4,7,63.3,13.3,23.3],[2,435,31,18,4,9,58.1,12.9,29],[3,441,30,18,3,9,60,10,30],[4,13988,30,17,3,10,56.7,10,33.3],[5,2460,33,17,5,11,51.5,15.2,33.3],[6,605,30,16,4,10,53.3,13.3,33.3],[7,298,29,15,3,11,51.7,10.3,37.9],[8,429,29,15,3,11,51.7,10.3,37.9],[9,420,30,14,6,10,46.7,20,33.3],[10,4371,28,14,3,11,50,10.7,39.3],[11,416,30,14,4,12,46.7,13.3,40],[12,395,29,13,10,6,44.8,34.5,20.7],[13,411,29,12,12,5,41.4,41.4,17.2],[14,407,29,11,10,8,37.9,34.5,27.6],[15,300,30,11,5,14,36.7,16.7,46.7],[16,10112,30,10,10,10,33.3,33.3,33.3],[17,2036,2,1,0,1,50,0,50],[18,2454,1,0,0,1,0,0,100]];
var HomeBsHalf = [[1,435,16,11,1,4,68.8,6.2,25],[2,605,15,10,2,3,66.7,13.3,20],[3,429,15,10,1,4,66.7,6.7,26.7],[4,2450,15,9,3,3,60,20,20],[5,441,15,9,3,3,60,20,20],[6,2460,16,9,2,5,56.2,12.5,31.2],[7,13988,15,9,0,6,60,0,40],[8,298,15,8,1,6,53.3,6.7,40],[9,395,15,7,6,2,46.7,40,13.3],[10,4371,15,6,3,6,40,20,40],[11,300,15,6,2,7,40,13.3,46.7],[12,416,15,6,2,7,40,13.3,46.7],[13,411,15,5,7,3,33.3,46.7,20],[14,407,15,5,7,3,33.3,46.7,20],[15,10112,15,5,3,7,33.3,20,46.7],[16,420,15,4,3,8,26.7,20,53.3],[17,2454,1,0,0,1,0,0,100],[18,2036,1,0,0,1,0,0,100],[19,2460,1,0,0,1,0,0,100]];
var GuestBsHalf = [[1,420,15,10,3,2,66.7,20,13.3],[2,2450,15,10,1,4,66.7,6.7,26.7],[3,441,15,9,0,6,60,0,40],[4,13988,15,8,3,4,53.3,20,26.7],[5,416,15,8,2,5,53.3,13.3,33.3],[6,4371,13,8,0,5,61.5,0,38.5],[7,2460,16,8,3,5,50,18.8,31.2],[8,411,14,7,5,2,50,35.7,14.3],[9,298,14,7,2,5,50,14.3,35.7],[10,435,15,7,3,5,46.7,20,33.3],[11,395,14,6,4,4,42.9,28.6,28.6],[12,407,14,6,3,5,42.9,21.4,35.7],[13,605,15,6,2,7,40,13.3,46.7],[14,10112,15,5,7,3,33.3,46.7,20],[15,429,14,5,2,7,35.7,14.3,50],[16,300,15,5,3,7,33.3,20,46.7],[17,2036,1,1,0,0,100,0,0],[18,2454,0,0,0,0,0,0,0]];
var addUp = [202,41.4,22,4.5,264,54.1,[63.3,411],[100,2036,2454],[73.3,411],[100,2454,2036],[66.7,420],[100,2454,2036]];
var addUpHalf = [235,49,89,18.5,156,32.5,[63.3,2450],[100,2454],[68.8,435],[100,2454,2036,2460],[100,2036],[50,429]];
var lastUpdateTime = '2025-06-24 14:24:09';
