var arrLeague = [273,'澳洲甲组联赛','澳洲甲組聯賽','Australia A-League','2019-2020','#FF7000','league_match/images/167305577951.png','澳洲甲','澳洲甲','AUS D1'];
var arrTeam = [[2900,'阿德莱德联','阿德萊德聯','Adelaide United','','images/2900/1hd5avvjts1y.png',0],[2901,'墨尔本胜利','墨爾本勝利','Melbourne Victory','','images/2901/1jaekt97145.png',0],[2909,'悉尼FC','悉尼FC','Sydney FC','','images/2909/1gq92j83knp.png',0],[2910,'中央海岸水手','中岸水手','Central Coast Mariners','','images/2910/1hd5avvjt32h.png',0],[2913,'珀斯光荣','珀斯光輝','Perth Glory','','images/2913/1h5bja71yq6.png',0],[2914,'布里斯班狮吼','布里斯本獅吼','Brisbane Roar','','images/2914/1j63q4e1gy18.png',0],[2915,'纽卡斯尔喷气机','紐卡素噴射機','Newcastle Jets','','images/2915/1hdajpw3vks.png',0],[5953,'惠灵顿凤凰','威靈頓鳳凰','Wellington Phoenix','','images/5953/1h6z210pqs2n.png',0],[14549,'墨尔本城','墨爾本城','Melbourne City','','images/14549/1gq92j83kv7.png',0],[20394,'西悉尼流浪者','西悉尼流浪者','Western Sydney','','images/20130923112441.png',0],[24502,'西部联','西部聯','Western United FC','','images/24502/1j3h5y5j79d.png',0]];
var TotalPanLu = [[1,2914,27,3,11,13,16,3,8,8,59.3,11.1,29.6],[2,5953,27,9,7,11,16,2,9,7,59.3,7.4,33.3],[3,14549,28,18,5,5,15,2,11,4,53.6,7.1,39.3],[4,2900,26,11,4,11,14,0,12,2,53.8,0,46.2],[5,2909,28,24,3,1,14,3,11,3,50,10.7,39.3],[6,24502,28,11,5,12,14,2,12,2,50,7.1,42.9],[7,2913,28,21,1,6,12,0,16,-4,42.9,0,57.1],[8,20394,26,5,11,10,11,1,14,-3,42.3,3.8,53.8],[9,2915,26,7,3,16,11,1,14,-3,42.3,3.8,53.8],[10,2910,26,0,2,24,10,0,16,-6,38.5,0,61.5],[11,2901,26,12,2,12,8,0,18,-10,30.8,0,69.2]];
var HomePanLu = [[1,5953,14,8,4,2,9,1,4,5,64.3,7.1,28.6],[2,2914,14,3,7,4,9,1,4,5,64.3,7.1,28.6],[3,2900,13,9,1,3,8,0,5,3,61.5,0,38.5],[4,14549,14,13,1,0,8,1,5,3,57.1,7.1,35.7],[5,2915,13,5,3,5,7,1,5,2,53.8,7.7,38.5],[6,2909,15,14,1,0,7,2,6,1,46.7,13.3,40],[7,20394,13,4,6,3,6,1,6,0,46.2,7.7,46.2],[8,2910,13,0,2,11,6,0,7,-1,46.2,0,53.8],[9,24502,13,10,1,2,6,0,7,-1,46.2,0,53.8],[10,2913,13,13,0,0,4,0,9,-5,30.8,0,69.2],[11,2901,13,10,1,2,3,0,10,-7,23.1,0,76.9]];
var GuestPanLu = [[1,24502,15,1,4,10,8,2,5,3,53.3,13.3,33.3],[2,2914,13,0,4,9,7,2,4,3,53.8,15.4,30.8],[3,5953,13,1,3,9,7,1,5,2,53.8,7.7,38.5],[4,2909,13,10,2,1,7,1,5,2,53.8,7.7,38.5],[5,2913,15,8,1,6,8,0,7,1,53.3,0,46.7],[6,14549,14,5,4,5,7,1,6,1,50,7.1,42.9],[7,2900,13,2,3,8,6,0,7,-1,46.2,0,53.8],[8,2901,13,2,1,10,5,0,8,-3,38.5,0,61.5],[9,20394,13,1,5,7,5,0,8,-3,38.5,0,61.5],[10,2910,13,0,0,13,4,0,9,-5,30.8,0,69.2],[11,2915,13,2,0,11,4,0,9,-5,30.8,0,69.2]];
var TotalHalfPanLu = [[1,14549,28,13,13,2,14,5,9,5,50,17.9,32.1],[2,5953,27,7,11,9,13,6,8,5,48.1,22.2,29.6],[3,2909,28,18,10,0,13,6,9,4,46.4,21.4,32.1],[4,2913,28,14,11,3,13,5,10,3,46.4,17.9,35.7],[5,24502,28,5,17,6,12,5,11,1,42.9,17.9,39.3],[6,20394,26,5,13,8,11,5,10,1,42.3,19.2,38.5],[7,2915,26,3,12,11,11,3,12,-1,42.3,11.5,46.2],[8,2910,26,0,4,22,10,1,15,-5,38.5,3.8,57.7],[9,2900,26,10,11,5,9,3,14,-5,34.6,11.5,53.8],[10,2914,27,2,14,11,9,7,11,-2,33.3,25.9,40.7],[11,2901,26,8,10,8,8,4,14,-6,30.8,15.4,53.8]];
var HomeHalfPanLu = [[1,2915,13,2,10,1,8,3,2,6,61.5,23.1,15.4],[2,14549,14,12,2,0,7,2,5,2,50,14.3,35.7],[3,2909,15,14,1,0,7,1,7,0,46.7,6.7,46.7],[4,2910,13,0,4,9,6,1,6,0,46.2,7.7,46.2],[5,2913,13,11,2,0,6,1,6,0,46.2,7.7,46.2],[6,5953,14,6,6,2,6,4,4,2,42.9,28.6,28.6],[7,20394,13,4,8,1,5,3,5,0,38.5,23.1,38.5],[8,2900,13,9,4,0,5,1,7,-2,38.5,7.7,53.8],[9,24502,13,4,9,0,4,2,7,-3,30.8,15.4,53.8],[10,2914,14,2,10,2,4,3,7,-3,28.6,21.4,50],[11,2901,13,6,7,0,3,4,6,-3,23.1,30.8,46.2]];
var GuestHalfPanLu = [[1,24502,15,1,8,6,8,3,4,4,53.3,20,26.7],[2,5953,13,1,5,7,7,2,4,3,53.8,15.4,30.8],[3,14549,14,1,11,2,7,3,4,3,50,21.4,28.6],[4,2913,15,3,9,3,7,4,4,3,46.7,26.7,26.7],[5,2909,13,4,9,0,6,5,2,4,46.2,38.5,15.4],[6,20394,13,1,5,7,6,2,5,1,46.2,15.4,38.5],[7,2914,13,0,4,9,5,4,4,1,38.5,30.8,30.8],[8,2901,13,2,3,8,5,0,8,-3,38.5,0,61.5],[9,2900,13,1,7,5,4,2,7,-3,30.8,15.4,53.8],[10,2910,13,0,0,13,4,0,9,-5,30.8,0,69.2],[11,2915,13,1,2,10,3,0,10,-7,23.1,0,76.9]];
var addUp = [73,49.3,7,4.7,68,45.9,[59.3,2914,5953],[69.2,2901],[64.3,5953,2914],[76.9,2901],[53.8,2914,5953,2909],[69.2,2910,2915],[11.1,2914],[0,2900,2913,2910,2901]];
var addUpHalf = [61,41.2,25,16.9,62,41.9,[50,14549],[57.7,2910],[61.5,2915],[53.8,2900,24502],[53.8,5953],[76.9,2915],[25.9,2914],[3.8,2910]];
var lastUpdateTime = '2025-01-19 09:03:31';
