var arrLeague = [273,'澳洲甲组联赛','澳洲甲組聯賽','Australia A-League','2019-2020','#FF7000','league_match/images/167305577951.png','澳洲甲','澳洲甲','AUS D1'];
var arrTeam = [[2900,'阿德莱德联','阿德萊德聯','Adelaide United','','images/2900/1hd5avvjts1y.png',0],[2901,'墨尔本胜利','墨爾本勝利','Melbourne Victory','','images/2901/1jaekt97145.png',0],[2909,'悉尼FC','悉尼FC','Sydney FC','','images/2909/1gq92j83knp.png',0],[2910,'中央海岸水手','中岸水手','Central Coast Mariners','','images/2910/1hd5avvjt32h.png',0],[2913,'珀斯光荣','珀斯光輝','Perth Glory','','images/2913/1h5bja71yq6.png',0],[2914,'布里斯班狮吼','布里斯本獅吼','Brisbane Roar','','images/2914/1j63q4e1gy18.png',0],[2915,'纽卡斯尔喷气机','紐卡素噴射機','Newcastle Jets','','images/2915/1hdajpw3vks.png',0],[5953,'惠灵顿凤凰','威靈頓鳳凰','Wellington Phoenix','','images/5953/1h6z210pqs2n.png',0],[14549,'墨尔本城','墨爾本城','Melbourne City','','images/14549/1gq92j83kv7.png',0],[20394,'西悉尼流浪者','西悉尼流浪者','Western Sydney','','images/20130923112441.png',0],[24502,'西部联','西部聯','Western United FC','','images/24502/1j3h5y5j79d.png',0]];
var TotalBs = [[1,2901,26,18,0,8,69.2,0,30.8],[2,14549,28,18,1,9,64.3,3.6,32.1],[3,2900,26,16,4,6,61.5,15.4,23.1],[4,2909,28,13,2,13,46.4,7.1,46.4],[5,2913,28,13,2,13,46.4,7.1,46.4],[6,24502,28,13,1,14,46.4,3.6,50],[7,5953,27,12,3,12,44.4,11.1,44.4],[8,20394,26,12,1,13,46.2,3.8,50],[9,2910,26,10,5,11,38.5,19.2,42.3],[10,2915,26,10,4,12,38.5,15.4,46.2],[11,2914,27,7,1,19,25.9,3.7,70.4]];
var HomeBs = [[1,2901,13,9,0,4,69.2,0,30.8],[2,24502,13,8,1,4,61.5,7.7,30.8],[3,2913,13,8,1,4,61.5,7.7,30.8],[4,14549,14,8,0,6,57.1,0,42.9],[5,2900,13,7,2,4,53.8,15.4,30.8],[6,2909,15,7,1,7,46.7,6.7,46.7],[7,2910,13,6,2,5,46.2,15.4,38.5],[8,2915,13,5,2,6,38.5,15.4,46.2],[9,20394,13,5,1,7,38.5,7.7,53.8],[10,5953,14,5,1,8,35.7,7.1,57.1],[11,2914,14,3,1,10,21.4,7.1,71.4]];
var GuestBs = [[1,14549,14,10,1,3,71.4,7.1,21.4],[2,2900,13,9,2,2,69.2,15.4,15.4],[3,2901,13,9,0,4,69.2,0,30.8],[4,5953,13,7,2,4,53.8,15.4,30.8],[5,20394,13,7,0,6,53.8,0,46.2],[6,2909,13,6,1,6,46.2,7.7,46.2],[7,2915,13,5,2,6,38.5,15.4,46.2],[8,2913,15,5,1,9,33.3,6.7,60],[9,24502,15,5,0,10,33.3,0,66.7],[10,2910,13,4,3,6,30.8,23.1,46.2],[11,2914,13,4,0,9,30.8,0,69.2]];
var TotalBsHalf = [[1,2900,26,14,3,9,53.8,11.5,34.6],[2,14549,28,13,5,10,46.4,17.9,35.7],[3,2909,28,13,3,12,46.4,10.7,42.9],[4,2913,28,11,9,8,39.3,32.1,28.6],[5,24502,28,11,8,9,39.3,28.6,32.1],[6,2910,26,11,3,12,42.3,11.5,46.2],[7,20394,26,8,6,12,30.8,23.1,46.2],[8,2901,26,7,7,12,26.9,26.9,46.2],[9,2914,27,7,5,15,25.9,18.5,55.6],[10,5953,27,7,5,15,25.9,18.5,55.6],[11,2915,26,6,6,14,23.1,23.1,53.8]];
var HomeBsHalf = [[1,24502,13,7,3,3,53.8,23.1,23.1],[2,2913,13,7,3,3,53.8,23.1,23.1],[3,2900,13,6,1,6,46.2,7.7,46.2],[4,14549,14,6,2,6,42.9,14.3,42.9],[5,2914,14,5,5,4,35.7,35.7,28.6],[6,2910,13,5,1,7,38.5,7.7,53.8],[7,2909,15,5,1,9,33.3,6.7,60],[8,2915,13,4,4,5,30.8,30.8,38.5],[9,5953,14,4,2,8,28.6,14.3,57.1],[10,20394,13,3,5,5,23.1,38.5,38.5],[11,2901,13,2,3,8,15.4,23.1,61.5]];
var GuestBsHalf = [[1,2900,13,8,2,3,61.5,15.4,23.1],[2,2909,13,8,2,3,61.5,15.4,23.1],[3,14549,14,7,3,4,50,21.4,28.6],[4,2910,13,6,2,5,46.2,15.4,38.5],[5,2901,13,5,4,4,38.5,30.8,30.8],[6,20394,13,5,1,7,38.5,7.7,53.8],[7,2913,15,4,6,5,26.7,40,33.3],[8,24502,15,4,5,6,26.7,33.3,40],[9,5953,13,3,3,7,23.1,23.1,53.8],[10,2915,13,2,2,9,15.4,15.4,69.2],[11,2914,13,2,0,11,15.4,0,84.6]];
var addUp = [142,48,24,8.1,130,43.9,[69.2,2901],[70.4,2914],[69.2,2901],[71.4,2914],[71.4,14549],[69.2,2914]];
var addUpHalf = [108,36.5,60,20.3,128,43.2,[53.8,2900],[55.6,2914,5953],[53.8,24502,2913],[61.5,2901],[61.5,2900,2909],[84.6,2914]];
var lastUpdateTime = '2025-01-19 09:03:44';
