var arrLeague = [34,'意大利甲组联赛','意大利甲組聯賽','Italian Serie A','2019-2020','#0088FF','league_match/images/166674813339.png','意甲','意甲','ITA D1'];
var arrTeam = [[150,'AC米兰','AC米蘭','AC Milan','','images/164868995643.png',0],[152,'国际米兰','國際米蘭','Inter Milan','','images/152/1jgj8z3paw1g.png',0],[154,'亚特兰大','阿特蘭大','Atalanta','','images/164868998143.png',0],[158,'莱切','萊切','Lecce','','images/158/1j3kr3v3jc2v.png',0],[163,'布雷西亚','布雷西亞','Brescia','','images/163/1h6mrbjnhtw.png',0],[166,'尤文图斯','祖雲達斯','Juventus','','images/166/1grmmxq1wa2k.png',0],[174,'罗马','羅馬','AS Roma','','images/164869002671.png',0],[176,'佛罗伦萨','費倫天拿','Fiorentina','','images/176/1hxqrpz41w1v.png',0],[179,'桑普多利亚','森多利亞','Sampdoria','','images/164869048578.png',0],[182,'拉齐奥','拉素','Lazio','','images/164869050583.png',0],[183,'卡利亚里','卡利亞里','Cagliari','','images/164869052873.png',0],[185,'博洛尼亚','博洛尼亞','Bologna','','images/16486905420.png',0],[187,'乌迪内斯','烏甸尼斯','Udinese','','images/164869056546.png',0],[189,'帕尔马','帕爾馬','Parma','','images/189/1j5f7yeztc1g.png',0],[552,'热那亚','熱拿亞','Genoa','','images/164869068648.png',0],[558,'都灵','拖連奴','Torino','','images/164869071877.png',0],[559,'维罗纳','維羅納','Verona','','images/164869073462.png',0],[1408,'史帕尔','史帕爾','Spal','','images/20190824215014.jpg',0],[1419,'那不勒斯','拿玻里','Napoli','','images/1419/1j9ah1053g16.png',0],[2960,'萨索洛','莎索羅','Sassuolo','','images/164869078921.png',0]];
var TotalBs = [[1,552,38,29,1,8,76.3,2.6,21.1],[2,158,38,28,1,9,73.7,2.6,23.7],[3,2960,38,26,3,9,68.4,7.9,23.7],[4,174,38,24,2,12,63.2,5.3,31.6],[5,179,38,24,0,14,63.2,0,36.8],[6,154,38,23,1,14,60.5,2.6,36.8],[7,152,38,22,4,12,57.9,10.5,31.6],[8,185,38,22,2,14,57.9,5.3,36.8],[9,558,38,22,1,15,57.9,2.6,39.5],[10,182,38,21,7,10,55.3,18.4,26.3],[11,166,38,21,5,12,55.3,13.2,31.6],[12,163,38,21,1,16,55.3,2.6,42.1],[13,1408,38,19,2,17,50,5.3,44.7],[14,150,38,19,1,18,50,2.6,47.4],[15,189,38,18,2,18,47.4,5.3,47.4],[16,176,38,17,3,18,44.7,7.9,47.4],[17,559,38,16,2,20,42.1,5.3,52.6],[18,183,38,16,2,20,42.1,5.3,52.6],[19,1419,38,15,6,17,39.5,15.8,44.7],[20,187,38,15,2,21,39.5,5.3,55.3]];
var HomeBs = [[1,2960,19,15,2,2,78.9,10.5,10.5],[2,552,19,13,1,5,68.4,5.3,26.3],[3,158,19,13,1,5,68.4,5.3,26.3],[4,179,19,13,0,6,68.4,0,31.6],[5,174,19,12,2,5,63.2,10.5,26.3],[6,154,19,12,1,6,63.2,5.3,31.6],[7,558,19,12,0,7,63.2,0,36.8],[8,163,19,11,1,7,57.9,5.3,36.8],[9,559,19,11,0,8,57.9,0,42.1],[10,185,19,11,0,8,57.9,0,42.1],[11,166,19,10,3,6,52.6,15.8,31.6],[12,152,19,10,2,7,52.6,10.5,36.8],[13,1408,19,10,1,8,52.6,5.3,42.1],[14,182,19,9,4,6,47.4,21.1,31.6],[15,1419,19,9,3,7,47.4,15.8,36.8],[16,187,19,8,1,10,42.1,5.3,52.6],[17,183,19,8,1,10,42.1,5.3,52.6],[18,150,19,8,0,11,42.1,0,57.9],[19,189,19,7,1,11,36.8,5.3,57.9],[20,176,19,7,0,12,36.8,0,63.2]];
var GuestBs = [[1,552,19,16,0,3,84.2,0,15.8],[2,158,19,15,0,4,78.9,0,21.1],[3,182,19,12,3,4,63.2,15.8,21.1],[4,152,19,12,2,5,63.2,10.5,26.3],[5,174,19,12,0,7,63.2,0,36.8],[6,166,19,11,2,6,57.9,10.5,31.6],[7,185,19,11,2,6,57.9,10.5,31.6],[8,2960,19,11,1,7,57.9,5.3,36.8],[9,189,19,11,1,7,57.9,5.3,36.8],[10,150,19,11,1,7,57.9,5.3,36.8],[11,179,19,11,0,8,57.9,0,42.1],[12,154,19,11,0,8,57.9,0,42.1],[13,176,19,10,3,6,52.6,15.8,31.6],[14,558,19,10,1,8,52.6,5.3,42.1],[15,163,19,10,0,9,52.6,0,47.4],[16,1408,19,9,1,9,47.4,5.3,47.4],[17,183,19,8,1,10,42.1,5.3,52.6],[18,187,19,7,1,11,36.8,5.3,57.9],[19,1419,19,6,3,10,31.6,15.8,52.6],[20,559,19,5,2,12,26.3,10.5,63.2]];
var TotalBsHalf = [[1,182,38,20,6,12,52.6,15.8,31.6],[2,158,38,19,9,10,50,23.7,26.3],[3,2960,38,18,8,12,47.4,21.1,31.6],[4,174,38,18,4,16,47.4,10.5,42.1],[5,154,38,18,3,17,47.4,7.9,44.7],[6,552,38,17,10,11,44.7,26.3,28.9],[7,189,38,17,6,15,44.7,15.8,39.5],[8,166,38,16,0,22,42.1,0,57.9],[9,185,38,15,11,12,39.5,28.9,31.6],[10,152,38,15,8,15,39.5,21.1,39.5],[11,1408,38,15,8,15,39.5,21.1,39.5],[12,179,38,14,10,14,36.8,26.3,36.8],[13,163,38,14,3,21,36.8,7.9,55.3],[14,1419,38,13,4,21,34.2,10.5,55.3],[15,558,38,12,15,11,31.6,39.5,28.9],[16,187,38,12,12,14,31.6,31.6,36.8],[17,559,38,12,11,15,31.6,28.9,39.5],[18,150,38,12,10,16,31.6,26.3,42.1],[19,183,38,11,11,16,28.9,28.9,42.1],[20,176,38,10,11,17,26.3,28.9,44.7]];
var HomeBsHalf = [[1,2960,19,11,4,4,57.9,21.1,21.1],[2,174,19,10,2,7,52.6,10.5,36.8],[3,182,19,10,1,8,52.6,5.3,42.1],[4,154,19,10,1,8,52.6,5.3,42.1],[5,179,19,9,5,5,47.4,26.3,26.3],[6,158,19,9,5,5,47.4,26.3,26.3],[7,152,19,9,4,6,47.4,21.1,31.6],[8,1408,19,8,4,7,42.1,21.1,36.8],[9,166,19,8,0,11,42.1,0,57.9],[10,559,19,7,5,7,36.8,26.3,36.8],[11,185,19,7,5,7,36.8,26.3,36.8],[12,189,19,7,2,10,36.8,10.5,52.6],[13,163,19,7,1,11,36.8,5.3,57.9],[14,1419,19,7,0,12,36.8,0,63.2],[15,150,19,6,5,8,31.6,26.3,42.1],[16,558,19,5,10,4,26.3,52.6,21.1],[17,552,19,5,7,7,26.3,36.8,36.8],[18,183,19,5,6,8,26.3,31.6,42.1],[19,176,19,5,6,8,26.3,31.6,42.1],[20,187,19,4,7,8,21.1,36.8,42.1]];
var GuestBsHalf = [[1,552,19,12,3,4,63.2,15.8,21.1],[2,182,19,10,5,4,52.6,26.3,21.1],[3,189,19,10,4,5,52.6,21.1,26.3],[4,158,19,10,4,5,52.6,21.1,26.3],[5,185,19,8,6,5,42.1,31.6,26.3],[6,187,19,8,5,6,42.1,26.3,31.6],[7,174,19,8,2,9,42.1,10.5,47.4],[8,154,19,8,2,9,42.1,10.5,47.4],[9,166,19,8,0,11,42.1,0,57.9],[10,558,19,7,5,7,36.8,26.3,36.8],[11,2960,19,7,4,8,36.8,21.1,42.1],[12,1408,19,7,4,8,36.8,21.1,42.1],[13,163,19,7,2,10,36.8,10.5,52.6],[14,150,19,6,5,8,31.6,26.3,42.1],[15,183,19,6,5,8,31.6,26.3,42.1],[16,1419,19,6,4,9,31.6,21.1,47.4],[17,152,19,6,4,9,31.6,21.1,47.4],[18,559,19,5,6,8,26.3,31.6,42.1],[19,179,19,5,5,9,26.3,26.3,47.4],[20,176,19,5,5,9,26.3,26.3,47.4]];
var addUp = [418,55,48,6.3,294,38.7,[76.3,552],[55.3,187],[78.9,2960],[63.2,176],[84.2,552],[63.2,559]];
var addUpHalf = [298,39.2,160,21.1,302,39.7,[52.6,182],[57.9,166],[57.9,2960],[63.2,1419],[63.2,552],[57.9,166]];
var lastUpdateTime = '2025-01-19 09:03:42';
