var arrLeague = [11,'法国甲组联赛','法國甲組聯賽','France Ligue 1','2012-2013','#663333','league_match/images/1j5w0b66k318.png','法甲','法甲','FRA D1'];
var arrTeam = [[194,'阿雅克肖','阿些斯奧','Ajaccio','','images/194/1h71ky6nm62v.png',0],[205,'里昂','里昂','Lyon','','images/164871170063.png',0],[208,'波尔多','波爾多','Bordeaux','','images/164871171447.png',0],[211,'马赛','馬賽','Marseille','','images/164871172839.png',0],[216,'图卢兹','圖魯茲','Toulouse','','images/216/1j5hgyxgzaq.png',0],[245,'巴斯蒂亚','巴斯蒂亞','Bastia','','images/245/1h71kxn4152z.png',0],[251,'雷恩','雷恩','Rennes','','images/164871175839.png',0],[255,'圣埃蒂安','聖伊天','Saint Etienne','','images/16487117719.png',0],[259,'尼斯','奈斯','Nice','','images/164871179882.png',0],[266,'里尔','利爾','Lille','','images/164871184077.png',0],[267,'索肖','索察','Sochaux','','images/267/1hke8b1sjc2k.png',0],[271,'巴黎圣日尔曼','巴黎聖日門','Paris Saint Germain (PSG)','','images/164871185439.png',0],[301,'南锡','南錫','Nancy','','images/20181012141312.png',0],[306,'布雷斯特','比斯特','Stade Brestois','','images/164871188569.png',0],[333,'洛里昂','羅連安特','Lorient','','images/164871192161.png',0],[351,'蒙彼利埃','蒙彼利埃','Montpellier','','images/164871193456.png',0],[366,'特鲁瓦','特魯瓦','Troyes','','images/164871194730.png',0],[2104,'瓦朗谢纳','華倫西恩斯','Valenciennes','','images/2104/1h71kxn4hy7.png',0],[2105,'伊维恩','伊維恩','Evian Thonon Gaillard','','images/2105/1gq94fr0hjg.png',0],[4957,'兰斯','蘭斯','Reims','','images/164871196247.png',0]];
var TotalBs = [[1,245,38,27,0,11,71.1,0,28.9],[2,333,38,21,0,17,55.3,0,44.7],[3,351,38,19,0,19,50,0,50],[4,366,38,19,0,19,50,0,50],[5,306,38,19,0,19,50,0,50],[6,271,38,18,1,19,47.4,2.6,50],[7,255,38,18,1,19,47.4,2.6,50],[8,259,37,18,0,19,48.6,0,51.4],[9,251,38,18,0,20,47.4,0,52.6],[10,267,38,18,0,20,47.4,0,52.6],[11,2104,38,18,0,20,47.4,0,52.6],[12,2105,38,18,0,20,47.4,0,52.6],[13,216,38,17,1,20,44.7,2.6,52.6],[14,301,38,17,1,20,44.7,2.6,52.6],[15,266,38,17,0,21,44.7,0,55.3],[16,205,38,17,0,21,44.7,0,55.3],[17,211,38,14,0,24,36.8,0,63.2],[18,4957,38,12,3,23,31.6,7.9,60.5],[19,194,38,12,1,25,31.6,2.6,65.8],[20,208,37,11,0,26,29.7,0,70.3]];
var HomeBs = [[1,245,19,13,0,6,68.4,0,31.6],[2,333,19,12,0,7,63.2,0,36.8],[3,2104,19,11,0,8,57.9,0,42.1],[4,267,19,11,0,8,57.9,0,42.1],[5,216,19,11,0,8,57.9,0,42.1],[6,259,18,9,0,9,50,0,50],[7,251,19,9,0,10,47.4,0,52.6],[8,255,19,9,0,10,47.4,0,52.6],[9,205,19,9,0,10,47.4,0,52.6],[10,211,19,9,0,10,47.4,0,52.6],[11,271,19,8,1,10,42.1,5.3,52.6],[12,301,19,8,0,11,42.1,0,57.9],[13,306,19,8,0,11,42.1,0,57.9],[14,2105,19,8,0,11,42.1,0,57.9],[15,351,19,8,0,11,42.1,0,57.9],[16,366,19,8,0,11,42.1,0,57.9],[17,266,19,8,0,11,42.1,0,57.9],[18,208,19,6,0,13,31.6,0,68.4],[19,194,19,5,1,13,26.3,5.3,68.4],[20,4957,19,4,2,13,21.1,10.5,68.4]];
var GuestBs = [[1,245,19,14,0,5,73.7,0,26.3],[2,306,19,11,0,8,57.9,0,42.1],[3,351,19,11,0,8,57.9,0,42.1],[4,366,19,11,0,8,57.9,0,42.1],[5,271,19,10,0,9,52.6,0,47.4],[6,2105,19,10,0,9,52.6,0,47.4],[7,301,19,9,1,9,47.4,5.3,47.4],[8,255,19,9,1,9,47.4,5.3,47.4],[9,259,19,9,0,10,47.4,0,52.6],[10,266,19,9,0,10,47.4,0,52.6],[11,251,19,9,0,10,47.4,0,52.6],[12,333,19,9,0,10,47.4,0,52.6],[13,4957,19,8,1,10,42.1,5.3,52.6],[14,205,19,8,0,11,42.1,0,57.9],[15,194,19,7,0,12,36.8,0,63.2],[16,267,19,7,0,12,36.8,0,63.2],[17,2104,19,7,0,12,36.8,0,63.2],[18,216,19,6,1,12,31.6,5.3,63.2],[19,208,18,5,0,13,27.8,0,72.2],[20,211,19,5,0,14,26.3,0,73.7]];
var TotalBsHalf = [[1,2104,38,24,5,9,63.2,13.2,23.7],[2,267,37,24,3,10,64.9,8.1,27],[3,306,38,23,4,11,60.5,10.5,28.9],[4,301,37,22,2,13,59.5,5.4,35.1],[5,333,38,21,11,6,55.3,28.9,15.8],[6,351,37,21,6,10,56.8,16.2,27],[7,251,37,21,5,11,56.8,13.5,29.7],[8,2105,37,21,5,11,56.8,13.5,29.7],[9,194,38,21,3,14,55.3,7.9,36.8],[10,266,38,20,7,11,52.6,18.4,28.9],[11,255,37,19,4,14,51.4,10.8,37.8],[12,366,37,18,5,14,48.6,13.5,37.8],[13,216,38,18,3,17,47.4,7.9,44.7],[14,208,38,18,1,19,47.4,2.6,50],[15,245,38,17,8,13,44.7,21.1,34.2],[16,259,37,17,6,14,45.9,16.2,37.8],[17,4957,37,16,9,12,43.2,24.3,32.4],[18,205,38,13,9,16,34.2,23.7,42.1],[19,271,37,12,6,19,32.4,16.2,51.4],[20,211,38,11,10,17,28.9,26.3,44.7]];
var HomeBsHalf = [[1,306,19,15,0,4,78.9,0,21.1],[2,267,19,14,2,3,73.7,10.5,15.8],[3,2105,19,12,3,4,63.2,15.8,21.1],[4,301,19,12,0,7,63.2,0,36.8],[5,366,19,12,0,7,63.2,0,36.8],[6,2104,19,11,3,5,57.9,15.8,26.3],[7,259,19,10,1,8,52.6,5.3,42.1],[8,216,19,10,0,9,52.6,0,47.4],[9,333,19,9,8,2,47.4,42.1,10.5],[10,245,19,9,4,6,47.4,21.1,31.6],[11,251,19,9,2,8,47.4,10.5,42.1],[12,255,19,9,2,8,47.4,10.5,42.1],[13,4957,19,9,2,8,47.4,10.5,42.1],[14,194,19,9,1,9,47.4,5.3,47.4],[15,208,19,9,1,9,47.4,5.3,47.4],[16,266,19,8,7,4,42.1,36.8,21.1],[17,351,19,8,5,6,42.1,26.3,31.6],[18,211,19,5,7,7,26.3,36.8,36.8],[19,205,19,5,5,9,26.3,26.3,47.4],[20,271,19,5,4,10,26.3,21.1,52.6]];
var GuestBsHalf = [[1,351,18,13,1,4,72.2,5.6,22.2],[2,2104,19,13,2,4,68.4,10.5,21.1],[3,251,18,12,3,3,66.7,16.7,16.7],[4,333,19,12,3,4,63.2,15.8,21.1],[5,194,19,12,2,5,63.2,10.5,26.3],[6,266,19,12,0,7,63.2,0,36.8],[7,301,18,10,2,6,55.6,11.1,33.3],[8,255,18,10,2,6,55.6,11.1,33.3],[9,267,18,10,1,7,55.6,5.6,38.9],[10,2105,18,9,2,7,50,11.1,38.9],[11,208,19,9,0,10,47.4,0,52.6],[12,205,19,8,4,7,42.1,21.1,36.8],[13,245,19,8,4,7,42.1,21.1,36.8],[14,306,19,8,4,7,42.1,21.1,36.8],[15,216,19,8,3,8,42.1,15.8,42.1],[16,4957,18,7,7,4,38.9,38.9,22.2],[17,259,18,7,5,6,38.9,27.8,33.3],[18,271,18,7,2,9,38.9,11.1,50],[19,366,18,6,5,7,33.3,27.8,38.9],[20,211,19,6,3,10,31.6,15.8,52.6]];
var addUp = [348,45.9,8,1.1,402,53,[71.1,245],[70.3,208],[68.4,245],[68.4,208,194,4957],[73.7,245],[73.7,211]];
var addUpHalf = [377,50.3,112,14.9,261,34.8,[64.9,267],[51.4,271],[78.9,306],[52.6,271],[72.2,351],[52.6,208,211]];
var lastUpdateTime = '2025-01-22 10:15:17';
