var arrLeague = [11,'法国甲组联赛','法國甲組聯賽','France Ligue 1','2025-2026','#663333','league_match/images/1j5w0b66k318.png','法甲','法甲','FRA D1'];
var arrTeam = [[197,'摩纳哥','摩納哥','Monaco','','images/197/1kenbqanxd1t.png',0],[202,'朗斯','朗斯','Lens','','images/202/1kenbqanep5.png',0],[205,'里昂','里昂','Lyon','','images/205/1kenbqamyq20.png',0],[211,'马赛','馬賽','Marseille','','images/1knqxnfq1f15.png',0],[214,'梅斯','梅斯','Metz','','images/214/1kenbqanxh2q.png',0],[215,'欧塞尔','歐塞爾','AJ Auxerre','','images/215/1h71ky6nmw2f.png',0],[216,'图卢兹','圖魯茲','Toulouse','','images/216/1kenbqamyj4.png',0],[251,'雷恩','雷恩','Rennes','','images/251/1kenbqamy81t.png',0],[259,'尼斯','奈斯','Nice','','images/259/1kenbqanxq6.png',0],[260,'斯特拉斯堡','史特拉斯堡','Strasbourg','','images/260/1kenbqanxy2m.png',0],[263,'南特','南特','Nantes','','images/263/1kenbqanej2j.png',0],[266,'里尔','利爾','Lille','','images/266/1kenbqanee1x.png',0],[271,'巴黎圣日耳曼','巴黎聖日門','Paris Saint Germain (PSG)','','images/164871185439.png',0],[304,'昂热','昂熱','Angers','','images/304/1kenbqane5n.png',0],[306,'布雷斯特','比斯特','Stade Brestois','','images/164871188569.png',0],[333,'洛里昂','羅連安特','Lorient','','images/333/1kenbqamy52m.png',0],[335,'勒阿弗尔','勒哈費爾','Le Havre','','images/335/1hkgsvdrhc1c.png',0],[1796,'巴黎FC','巴黎FC','Paris FC','','images/1796/1h56c0xwvqd.png',0]];
var TotalBs = [[1,251,34,23,0,11,67.6,0,32.4],[2,202,34,21,0,13,61.8,0,38.2],[3,260,34,19,3,12,55.9,8.8,35.3],[4,197,34,19,2,13,55.9,5.9,38.2],[5,216,33,18,0,15,54.5,0,45.5],[6,211,34,17,4,13,50,11.8,38.2],[7,259,34,17,0,17,50,0,50],[8,205,34,16,2,16,47.1,5.9,47.1],[9,1796,34,16,0,18,47.1,0,52.9],[10,214,34,15,3,16,44.1,8.8,47.1],[11,306,34,15,1,18,44.1,2.9,52.9],[12,333,34,15,0,19,44.1,0,55.9],[13,215,34,14,1,19,41.2,2.9,55.9],[14,263,33,13,1,19,39.4,3,57.6],[15,266,34,12,1,21,35.3,2.9,61.8],[16,271,34,11,2,21,32.4,5.9,61.8],[17,335,34,10,0,24,29.4,0,70.6],[18,304,34,9,0,25,26.5,0,73.5]];
var HomeBs = [[1,211,17,11,1,5,64.7,5.9,29.4],[2,197,17,10,1,6,58.8,5.9,35.3],[3,251,17,10,0,7,58.8,0,41.2],[4,1796,17,10,0,7,58.8,0,41.2],[5,260,17,9,2,6,52.9,11.8,35.3],[6,202,17,9,0,8,52.9,0,47.1],[7,333,17,9,0,8,52.9,0,47.1],[8,216,17,9,0,8,52.9,0,47.1],[9,205,17,8,2,7,47.1,11.8,41.2],[10,214,17,7,1,9,41.2,5.9,52.9],[11,215,17,7,1,9,41.2,5.9,52.9],[12,259,17,7,0,10,41.2,0,58.8],[13,306,17,7,0,10,41.2,0,58.8],[14,335,17,7,0,10,41.2,0,58.8],[15,263,16,6,1,9,37.5,6.2,56.2],[16,271,17,6,1,10,35.3,5.9,58.8],[17,266,17,5,0,12,29.4,0,70.6],[18,304,17,3,0,14,17.6,0,82.4]];
var GuestBs = [[1,251,17,13,0,4,76.5,0,23.5],[2,202,17,12,0,5,70.6,0,29.4],[3,260,17,10,1,6,58.8,5.9,35.3],[4,259,17,10,0,7,58.8,0,41.2],[5,197,17,9,1,7,52.9,5.9,41.2],[6,216,16,9,0,7,56.2,0,43.8],[7,214,17,8,2,7,47.1,11.8,41.2],[8,306,17,8,1,8,47.1,5.9,47.1],[9,205,17,8,0,9,47.1,0,52.9],[10,266,17,7,1,9,41.2,5.9,52.9],[11,263,17,7,0,10,41.2,0,58.8],[12,215,17,7,0,10,41.2,0,58.8],[13,211,17,6,3,8,35.3,17.6,47.1],[14,333,17,6,0,11,35.3,0,64.7],[15,304,17,6,0,11,35.3,0,64.7],[16,1796,17,6,0,11,35.3,0,64.7],[17,271,17,5,1,11,29.4,5.9,64.7],[18,335,17,3,0,14,17.6,0,82.4]];
var TotalBsHalf = [[1,306,34,17,6,11,50,17.6,32.4],[2,251,34,15,6,13,44.1,17.6,38.2],[3,259,34,14,7,13,41.2,20.6,38.2],[4,1796,34,14,7,13,41.2,20.6,38.2],[5,214,34,14,6,14,41.2,17.6,41.2],[6,271,34,14,0,20,41.2,0,58.8],[7,202,34,13,4,17,38.2,11.8,50],[8,260,34,12,8,14,35.3,23.5,41.2],[9,335,34,12,6,16,35.3,17.6,47.1],[10,216,33,11,11,11,33.3,33.3,33.3],[11,215,34,11,6,17,32.4,17.6,50],[12,205,34,11,5,18,32.4,14.7,52.9],[13,211,34,11,5,18,32.4,14.7,52.9],[14,263,33,10,10,13,30.3,30.3,39.4],[15,197,34,10,0,24,29.4,0,70.6],[16,304,34,8,14,12,23.5,41.2,35.3],[17,333,34,7,14,13,20.6,41.2,38.2],[18,266,34,6,13,15,17.6,38.2,44.1]];
var HomeBsHalf = [[1,306,17,10,2,5,58.8,11.8,29.4],[2,1796,17,9,3,5,52.9,17.6,29.4],[3,271,17,8,0,9,47.1,0,52.9],[4,335,17,7,3,7,41.2,17.6,41.2],[5,205,17,7,1,9,41.2,5.9,52.9],[6,263,16,6,6,4,37.5,37.5,25],[7,259,17,6,4,7,35.3,23.5,41.2],[8,251,17,6,3,8,35.3,17.6,47.1],[9,211,17,6,2,9,35.3,11.8,52.9],[10,202,17,6,1,10,35.3,5.9,58.8],[11,197,17,6,0,11,35.3,0,64.7],[12,260,17,5,4,8,29.4,23.5,47.1],[13,304,17,4,8,5,23.5,47.1,29.4],[14,216,17,4,7,6,23.5,41.2,35.3],[15,214,17,4,4,9,23.5,23.5,52.9],[16,215,17,4,3,10,23.5,17.6,58.8],[17,266,17,4,3,10,23.5,17.6,58.8],[18,333,17,3,10,4,17.6,58.8,23.5]];
var GuestBsHalf = [[1,214,17,10,2,5,58.8,11.8,29.4],[2,251,17,9,3,5,52.9,17.6,29.4],[3,259,17,8,3,6,47.1,17.6,35.3],[4,216,16,7,4,5,43.8,25,31.2],[5,306,17,7,4,6,41.2,23.5,35.3],[6,260,17,7,4,6,41.2,23.5,35.3],[7,202,17,7,3,7,41.2,17.6,41.2],[8,215,17,7,3,7,41.2,17.6,41.2],[9,271,17,6,0,11,35.3,0,64.7],[10,1796,17,5,4,8,29.4,23.5,47.1],[11,335,17,5,3,9,29.4,17.6,52.9],[12,211,17,5,3,9,29.4,17.6,52.9],[13,304,17,4,6,7,23.5,35.3,41.2],[14,333,17,4,4,9,23.5,23.5,52.9],[15,205,17,4,4,9,23.5,23.5,52.9],[16,263,17,4,4,9,23.5,23.5,52.9],[17,197,17,4,0,13,23.5,0,76.5],[18,266,17,2,10,5,11.8,58.8,29.4]];
var addUp = [280,45.9,20,3.3,310,50.8,[67.6,251],[73.5,304],[64.7,211],[82.4,304],[76.5,251],[82.4,335]];
var addUpHalf = [210,34.4,128,21,272,44.6,[50,306],[70.6,197],[58.8,306],[64.7,197],[58.8,214],[76.5,197]];
var lastUpdateTime = '2026-05-31 05:28:18';
