var arrLeague = [31,'西班牙甲组联赛','西班牙甲組聯賽','Spanish La Liga','2020-2021','#006633','league_match/images/1h56j6h3ep1.png','西甲','西甲','SPA D1'];
var arrTeam = [[82,'皇家马德里','皇家馬德里','Real Madrid','','images/164871252161.png',0],[84,'巴塞罗那','巴塞隆拿','FC Barcelona','','images/164871253294.png',0],[86,'塞维利亚','西維爾','Sevilla','','images/164871255158.png',0],[91,'巴伦西亚','華倫西亞','Valencia','','images/164871269140.png',0],[92,'毕尔巴鄂竞技','畢爾包','Athletic Bilbao','','images/164871258463.png',0],[94,'奥萨苏纳','奧沙辛拿','Osasuna','','images/164871260392.png',0],[96,'皇家贝蒂斯','貝迪斯','Real Betis','','images/164871261858.png',0],[98,'赫塔菲','加泰','Getafe','','images/164871263258.png',0],[103,'莱万特','利雲特','Levante','','images/164871559313.png',0],[106,'皇家社会','皇家蘇斯達','Real Sociedad','','images/164871271877.png',0],[107,'比利亚雷亚尔','維拉利爾','Villarreal','','images/164871273527.png',0],[109,'马德里竞技','馬德里體育會','Atletico Madrid','','images/164871274624.png',0],[114,'塞尔塔','切爾達','Celta Vigo','','images/164871275971.png',0],[121,'格拉纳达','格蘭納達','Granada CF','','images/164871277443.png',0],[123,'巴拉多利德','華拉度列','Real Valladolid','','images/123/1j8kb6vyqp2f.png',0],[126,'艾尔切','艾爾切','Elche','','images/164871278741.png',0],[131,'埃瓦尔','伊巴','Eibar','','images/131/1hkgswegce1q.png',0],[137,'阿拉维斯','艾拉維斯','Alaves','','images/164871280016.png',0],[143,'加的斯','卡迪斯','Cadiz','','images/164871281668.png',0],[3225,'韦斯卡','侯爾斯卡','SD Huesca','','images/3225/1hke8c03djp.png',0]];
var TotalBs = [[1,121,38,22,4,12,57.9,10.5,31.6],[2,107,38,21,2,15,55.3,5.3,39.5],[3,91,38,21,0,17,55.3,0,44.7],[4,143,38,19,6,13,50,15.8,34.2],[5,114,38,18,6,14,47.4,15.8,36.8],[6,137,38,18,3,17,47.4,7.9,44.7],[7,84,38,17,3,18,44.7,7.9,47.4],[8,109,38,16,3,19,42.1,7.9,50],[9,106,38,16,0,22,42.1,0,57.9],[10,123,38,15,6,17,39.5,15.8,44.7],[11,126,38,15,6,17,39.5,15.8,44.7],[12,92,38,15,5,18,39.5,13.2,47.4],[13,98,38,15,2,21,39.5,5.3,55.3],[14,103,38,15,2,21,39.5,5.3,55.3],[15,96,38,15,0,23,39.5,0,60.5],[16,94,38,14,4,20,36.8,10.5,52.6],[17,131,38,14,4,20,36.8,10.5,52.6],[18,82,38,13,3,22,34.2,7.9,57.9],[19,86,38,13,2,23,34.2,5.3,60.5],[20,3225,38,12,5,21,31.6,13.2,55.3]];
var HomeBs = [[1,114,19,11,2,6,57.9,10.5,31.6],[2,143,19,11,2,6,57.9,10.5,31.6],[3,107,19,11,1,7,57.9,5.3,36.8],[4,121,19,10,2,7,52.6,10.5,36.8],[5,137,19,10,1,8,52.6,5.3,42.1],[6,91,19,10,0,9,52.6,0,47.4],[7,123,19,9,4,6,47.4,21.1,31.6],[8,109,19,9,1,9,47.4,5.3,47.4],[9,106,19,9,0,10,47.4,0,52.6],[10,103,19,9,0,10,47.4,0,52.6],[11,92,19,8,3,8,42.1,15.8,42.1],[12,84,19,8,1,10,42.1,5.3,52.6],[13,96,19,8,0,11,42.1,0,57.9],[14,94,19,7,2,10,36.8,10.5,52.6],[15,126,19,6,4,9,31.6,21.1,47.4],[16,131,19,6,3,10,31.6,15.8,52.6],[17,98,19,6,1,12,31.6,5.3,63.2],[18,3225,19,5,3,11,26.3,15.8,57.9],[19,86,19,5,0,14,26.3,0,73.7],[20,82,19,4,3,12,21.1,15.8,63.2]];
var GuestBs = [[1,121,19,12,2,5,63.2,10.5,26.3],[2,91,19,11,0,8,57.9,0,42.1],[3,107,19,10,1,8,52.6,5.3,42.1],[4,126,19,9,2,8,47.4,10.5,42.1],[5,84,19,9,2,8,47.4,10.5,42.1],[6,98,19,9,1,9,47.4,5.3,47.4],[7,82,19,9,0,10,47.4,0,52.6],[8,143,19,8,4,7,42.1,21.1,36.8],[9,137,19,8,2,9,42.1,10.5,47.4],[10,86,19,8,2,9,42.1,10.5,47.4],[11,131,19,8,1,10,42.1,5.3,52.6],[12,114,19,7,4,8,36.8,21.1,42.1],[13,92,19,7,2,10,36.8,10.5,52.6],[14,94,19,7,2,10,36.8,10.5,52.6],[15,109,19,7,2,10,36.8,10.5,52.6],[16,3225,19,7,2,10,36.8,10.5,52.6],[17,96,19,7,0,12,36.8,0,63.2],[18,106,19,7,0,12,36.8,0,63.2],[19,123,19,6,2,11,31.6,10.5,57.9],[20,103,19,6,2,11,31.6,10.5,57.9]];
var TotalBsHalf = [[1,121,38,25,4,9,65.8,10.5,23.7],[2,143,38,24,1,13,63.2,2.6,34.2],[3,126,38,22,7,9,57.9,18.4,23.7],[4,114,38,22,4,12,57.9,10.5,31.6],[5,98,38,21,0,17,55.3,0,44.7],[6,131,38,20,6,12,52.6,15.8,31.6],[7,123,38,20,3,15,52.6,7.9,39.5],[8,91,38,19,8,11,50,21.1,28.9],[9,92,38,19,4,15,50,10.5,39.5],[10,107,38,18,10,10,47.4,26.3,26.3],[11,84,38,18,2,18,47.4,5.3,47.4],[12,109,38,17,8,13,44.7,21.1,34.2],[13,106,38,17,8,13,44.7,21.1,34.2],[14,94,38,17,3,18,44.7,7.9,47.4],[15,137,38,16,5,17,42.1,13.2,44.7],[16,103,38,15,11,12,39.5,28.9,31.6],[17,96,38,14,6,18,36.8,15.8,47.4],[18,3225,38,14,6,18,36.8,15.8,47.4],[19,86,38,12,9,17,31.6,23.7,44.7],[20,82,38,12,5,21,31.6,13.2,55.3]];
var HomeBsHalf = [[1,121,19,13,0,6,68.4,0,31.6],[2,92,19,12,1,6,63.2,5.3,31.6],[3,143,19,12,0,7,63.2,0,36.8],[4,126,19,11,3,5,57.9,15.8,26.3],[5,94,19,11,0,8,57.9,0,42.1],[6,84,19,11,0,8,57.9,0,42.1],[7,114,19,10,4,5,52.6,21.1,26.3],[8,123,19,10,2,7,52.6,10.5,36.8],[9,98,19,10,0,9,52.6,0,47.4],[10,109,19,9,5,5,47.4,26.3,26.3],[11,106,19,9,4,6,47.4,21.1,31.6],[12,131,19,9,3,7,47.4,15.8,36.8],[13,137,19,9,2,8,47.4,10.5,42.1],[14,107,19,8,6,5,42.1,31.6,26.3],[15,103,19,8,5,6,42.1,26.3,31.6],[16,91,19,7,6,6,36.8,31.6,31.6],[17,96,19,7,3,9,36.8,15.8,47.4],[18,3225,19,7,1,11,36.8,5.3,57.9],[19,86,19,4,6,9,21.1,31.6,47.4],[20,82,19,4,4,11,21.1,21.1,57.9]];
var GuestBsHalf = [[1,121,19,12,4,3,63.2,21.1,15.8],[2,91,19,12,2,5,63.2,10.5,26.3],[3,143,19,12,1,6,63.2,5.3,31.6],[4,114,19,12,0,7,63.2,0,36.8],[5,126,19,11,4,4,57.9,21.1,21.1],[6,131,19,11,3,5,57.9,15.8,26.3],[7,98,19,11,0,8,57.9,0,42.1],[8,107,19,10,4,5,52.6,21.1,26.3],[9,123,19,10,1,8,52.6,5.3,42.1],[10,106,19,8,4,7,42.1,21.1,36.8],[11,109,19,8,3,8,42.1,15.8,42.1],[12,86,19,8,3,8,42.1,15.8,42.1],[13,82,19,8,1,10,42.1,5.3,52.6],[14,103,19,7,6,6,36.8,31.6,31.6],[15,3225,19,7,5,7,36.8,26.3,36.8],[16,92,19,7,3,9,36.8,15.8,47.4],[17,137,19,7,3,9,36.8,15.8,47.4],[18,96,19,7,3,9,36.8,15.8,47.4],[19,84,19,7,2,10,36.8,10.5,52.6],[20,94,19,6,3,10,31.6,15.8,52.6]];
var addUp = [324,42.6,66,8.7,370,48.7,[57.9,121],[60.5,96,86],[57.9,114,143,107],[73.7,86],[63.2,121],[63.2,96,106]];
var addUpHalf = [362,47.6,110,14.5,288,37.9,[65.8,121],[55.3,82],[68.4,121],[57.9,3225,82],[63.2,121,91,143,114],[52.6,82,84,94]];
var lastUpdateTime = '2025-01-18 16:50:08';
