var arrLeague = [36,'英格兰超级联赛','英格蘭超級聯賽','English Premier League','2024-2025','#FF3333','league_match/images/164577482086.png','英超','英超','ENG PR'];
var arrTeam = [[19,'阿森纳','阿仙奴','Arsenal','','images/164577419697.png',0],[20,'阿斯顿维拉','阿士東維拉','Aston Villa','','images/1hzrbdqcqe1x.png',0],[24,'切尔西','車路士','Chelsea','','images/164577409120.png',0],[25,'利物浦','利物浦','Liverpool','','images/1jq85dyw7v2x.png',0],[26,'曼彻斯特城','曼城','Manchester City','','images/164577478031.png',0],[27,'曼彻斯特联','曼聯','Manchester United','','images/164577479190.png',0],[28,'纽卡斯尔联','紐卡素','Newcastle United','','images/164577474623.png',0],[29,'富勒姆','富咸','Fulham','','images/16486909637.png',0],[30,'南安普敦','修咸頓','Southampton','','images/164577463784.png',0],[31,'埃弗顿','愛華頓','Everton','','images/164577449385.png',0],[33,'托特纳姆热刺','熱刺','Tottenham Hotspur','','images/1jp24frannc.png',0],[35,'水晶宫','水晶宮','Crystal Palace','','images/164577426766.png',0],[49,'诺丁汉森林','諾定咸森林','Nottingham Forest','','images/164869100556.png',0],[52,'狼队','狼隊','Wolves','','images/164577451783.png',0],[59,'莱斯特城','李斯特城','Leicester City','','images/164577432827.png',0],[60,'布莱顿','白禮頓','Brighton Hove Albion','','images/164577420829.png',0],[62,'西汉姆联','韋斯咸','West Ham United','','images/164577453830.png',0],[68,'伊普斯维奇','葉士域治','Ipswich Town','','images/1gz3j7nkdgd.png',0],[348,'伯恩茅斯','般尼茅夫','AFC Bournemouth','','images/164869115455.png',0],[365,'布伦特福德','賓福特','Brentford','','images/164601812119.png',0]];
var TotalBs = [[1,30,38,21,2,15,55.3,5.3,39.5],[2,60,38,20,6,12,52.6,15.8,31.6],[3,29,38,20,1,17,52.6,2.6,44.7],[4,52,38,19,1,18,50,2.6,47.4],[5,68,38,19,1,18,50,2.6,47.4],[6,365,38,18,1,19,47.4,2.6,50],[7,20,38,17,5,16,44.7,13.2,42.1],[8,59,38,17,3,18,44.7,7.9,47.4],[9,49,38,17,2,19,44.7,5.3,50],[10,33,38,17,1,20,44.7,2.6,52.6],[11,35,38,17,0,21,44.7,0,55.3],[12,26,38,15,4,19,39.5,10.5,50],[13,25,38,15,3,20,39.5,7.9,52.6],[14,19,38,15,1,22,39.5,2.6,57.9],[15,348,38,14,5,19,36.8,13.2,50],[16,28,38,14,2,22,36.8,5.3,57.9],[17,31,38,14,0,24,36.8,0,63.2],[18,62,38,13,4,21,34.2,10.5,55.3],[19,27,38,11,4,23,28.9,10.5,60.5],[20,24,38,11,2,25,28.9,5.3,65.8]];
var HomeBs = [[1,30,19,12,1,6,63.2,5.3,31.6],[2,29,19,12,0,7,63.2,0,36.8],[3,365,19,12,0,7,63.2,0,36.8],[4,26,19,10,1,8,52.6,5.3,42.1],[5,33,19,10,1,8,52.6,5.3,42.1],[6,68,19,10,0,9,52.6,0,47.4],[7,35,19,9,0,10,47.4,0,52.6],[8,31,19,9,0,10,47.4,0,52.6],[9,19,19,9,0,10,47.4,0,52.6],[10,60,19,8,5,6,42.1,26.3,31.6],[11,20,19,8,3,8,42.1,15.8,42.1],[12,52,19,8,0,11,42.1,0,57.9],[13,62,19,7,3,9,36.8,15.8,47.4],[14,59,19,7,1,11,36.8,5.3,57.9],[15,28,19,7,1,11,36.8,5.3,57.9],[16,24,19,6,0,13,31.6,0,68.4],[17,49,19,6,0,13,31.6,0,68.4],[18,25,19,5,3,11,26.3,15.8,57.9],[19,27,19,5,2,12,26.3,10.5,63.2],[20,348,19,2,3,14,10.5,15.8,73.7]];
var GuestBs = [[1,348,19,12,2,5,63.2,10.5,26.3],[2,60,19,12,1,6,63.2,5.3,31.6],[3,49,19,11,2,6,57.9,10.5,31.6],[4,52,19,11,1,7,57.9,5.3,36.8],[5,59,19,10,2,7,52.6,10.5,36.8],[6,25,19,10,0,9,52.6,0,47.4],[7,20,19,9,2,8,47.4,10.5,42.1],[8,30,19,9,1,9,47.4,5.3,47.4],[9,68,19,9,1,9,47.4,5.3,47.4],[10,29,19,8,1,10,42.1,5.3,52.6],[11,35,19,8,0,11,42.1,0,57.9],[12,28,19,7,1,11,36.8,5.3,57.9],[13,33,19,7,0,12,36.8,0,63.2],[14,27,19,6,2,11,31.6,10.5,57.9],[15,19,19,6,1,12,31.6,5.3,63.2],[16,62,19,6,1,12,31.6,5.3,63.2],[17,365,19,6,1,12,31.6,5.3,63.2],[18,26,19,5,3,11,26.3,15.8,57.9],[19,24,19,5,2,12,26.3,10.5,63.2],[20,31,19,5,0,14,26.3,0,73.7]];
var TotalBsHalf = [[1,26,38,20,1,17,52.6,2.6,44.7],[2,33,38,19,0,19,50,0,50],[3,68,38,18,5,15,47.4,13.2,39.5],[4,59,38,16,5,17,42.1,13.2,44.7],[5,52,38,16,4,18,42.1,10.5,47.4],[6,25,38,16,0,22,42.1,0,57.9],[7,31,38,15,8,15,39.5,21.1,39.5],[8,30,38,15,2,21,39.5,5.3,55.3],[9,49,38,14,7,17,36.8,18.4,44.7],[10,60,38,14,4,20,36.8,10.5,52.6],[11,365,38,14,4,20,36.8,10.5,52.6],[12,28,38,14,2,22,36.8,5.3,57.9],[13,29,38,13,9,16,34.2,23.7,42.1],[14,20,38,12,4,22,31.6,10.5,57.9],[15,24,38,12,3,23,31.6,7.9,60.5],[16,27,38,12,3,23,31.6,7.9,60.5],[17,19,38,11,7,20,28.9,18.4,52.6],[18,62,38,11,7,20,28.9,18.4,52.6],[19,35,38,10,6,22,26.3,15.8,57.9],[20,348,38,8,5,25,21.1,13.2,65.8]];
var HomeBsHalf = [[1,26,19,16,0,3,84.2,0,15.8],[2,68,19,10,2,7,52.6,10.5,36.8],[3,33,19,10,0,9,52.6,0,47.4],[4,365,19,9,3,7,47.4,15.8,36.8],[5,62,19,9,1,9,47.4,5.3,47.4],[6,31,19,8,3,8,42.1,15.8,42.1],[7,29,19,7,4,8,36.8,21.1,42.1],[8,52,19,7,3,9,36.8,15.8,47.4],[9,60,19,7,2,10,36.8,10.5,52.6],[10,30,19,7,2,10,36.8,10.5,52.6],[11,27,19,7,2,10,36.8,10.5,52.6],[12,20,19,7,1,11,36.8,5.3,57.9],[13,24,19,6,1,12,31.6,5.3,63.2],[14,25,19,6,0,13,31.6,0,68.4],[15,59,19,5,4,10,26.3,21.1,52.6],[16,35,19,5,3,11,26.3,15.8,57.9],[17,19,19,4,5,10,21.1,26.3,52.6],[18,49,19,4,3,12,21.1,15.8,63.2],[19,28,19,4,1,14,21.1,5.3,73.7],[20,348,19,2,3,14,10.5,15.8,73.7]];
var GuestBsHalf = [[1,59,19,11,1,7,57.9,5.3,36.8],[2,49,19,10,4,5,52.6,21.1,26.3],[3,28,19,10,1,8,52.6,5.3,42.1],[4,25,19,10,0,9,52.6,0,47.4],[5,52,19,9,1,9,47.4,5.3,47.4],[6,33,19,9,0,10,47.4,0,52.6],[7,68,19,8,3,8,42.1,15.8,42.1],[8,30,19,8,0,11,42.1,0,57.9],[9,31,19,7,5,7,36.8,26.3,36.8],[10,60,19,7,2,10,36.8,10.5,52.6],[11,19,19,7,2,10,36.8,10.5,52.6],[12,29,19,6,5,8,31.6,26.3,42.1],[13,24,19,6,2,11,31.6,10.5,57.9],[14,348,19,6,2,11,31.6,10.5,57.9],[15,20,19,5,3,11,26.3,15.8,57.9],[16,35,19,5,3,11,26.3,15.8,57.9],[17,27,19,5,1,13,26.3,5.3,68.4],[18,365,19,5,1,13,26.3,5.3,68.4],[19,26,19,4,1,14,21.1,5.3,73.7],[20,62,19,2,6,11,10.5,31.6,57.9]];
var addUp = [324,42.6,48,6.3,388,51.1,[55.3,30],[65.8,24],[63.2,30,29,365],[73.7,348],[63.2,348,60],[73.7,31]];
var addUpHalf = [280,36.8,86,11.3,394,51.8,[52.6,26],[65.8,348],[84.2,26],[73.7,28,348],[57.9,59],[73.7,26]];
var lastUpdateTime = '2025-11-11 15:57:41';
