var arrLeague = [15,'南韩K联赛','南韓K聯賽','K League 1','2025','#0542b1','league_match/images/20190423203352.jpg','韩K联','韓K聯','KOR D1'];
var arrTeam = [[480,'蔚山HD','蔚山HD','Ulsan HD FC','','images/1jr576ev8wv.png',0],[481,'浦项制铁','浦項制鐵','Pohang Steelers','','images/481/1h1jgrf3gp0.png',0],[484,'全北现代','全北汽車','Jeonbuk Hyundai Motors','','images/484/1h1jgrf3gr2k.png',0],[488,'大田市民','大田市民','Daejeon Citizen','','images/488/1gxsf6qkda2b.png',0],[491,'大邱FC','大邱FC','Daegu FC','','images/491/1gxsf6qkd41p.png',0],[494,'金泉尚武','金泉尚武','Gimcheon Sangmu FC','','images/494/1grzke26w41a.png',0],[499,'水原三星','水原三星','Suwon Samsung Bluewings','','images/499/1gxsf6qjy02n.png',0],[741,'FC首尔','FC首爾','FC Seoul','','images/741/1gxsf6qjyq26.png',0],[4075,'济州SK','濟州SK','Jeju SK FC','','images/1jr577tbbf8.png',0],[5586,'水原FC','水原FC','Suwon FC','','images/5586/1gxsf6qjy222.png',0],[7800,'富川FC','富川FC','Bucheon FC 1995','','images/7800/1ht90z022j0.png',0],[9945,'江原FC','FC江原','Gangwon FC','','images/9945/1gxsf6qkdd19.png',0],[16584,'光州FC','FC光州','Gwangju Football Club','','images/16584/1jnj5r1v732z.png',0],[21249,'FC安养','FC安養','FC Anyang','','images/21249/1ht6evpqx922.png',0]];
var TotalPanLu = [[1,7800,2,0,0,2,2,0,0,2,100,0,0],[2,488,38,11,9,18,25,2,11,14,65.8,5.3,28.9],[3,484,38,28,7,3,24,2,12,12,63.2,5.3,31.6],[4,494,38,22,10,6,19,2,17,2,50,5.3,44.7],[5,481,38,12,11,15,18,4,16,2,47.4,10.5,42.1],[6,16584,38,15,12,11,18,3,17,1,47.4,7.9,44.7],[7,9945,38,10,10,18,18,2,18,0,47.4,5.3,47.4],[8,491,38,1,6,31,18,2,18,0,47.4,5.3,47.4],[9,21249,38,5,9,24,17,3,18,-1,44.7,7.9,47.4],[10,5586,40,9,10,21,18,2,20,-2,45,5,50],[11,4075,40,7,8,25,18,1,21,-3,45,2.5,52.5],[12,741,38,29,7,2,13,2,23,-10,34.2,5.3,60.5],[13,480,38,29,7,2,11,1,26,-15,28.9,2.6,68.4],[14,499,2,1,0,1,0,0,2,-2,0,0,100]];
var HomePanLu = [[1,488,19,10,4,5,12,1,6,6,63.2,5.3,31.6],[2,484,20,18,2,0,11,2,7,4,55,10,35],[3,491,18,1,5,12,10,1,7,3,55.6,5.6,38.9],[4,7800,1,0,0,1,1,0,0,1,100,0,0],[5,5586,20,7,7,6,10,1,9,1,50,5,45],[6,494,20,14,6,0,10,0,10,0,50,0,50],[7,481,19,10,5,4,9,3,7,2,47.4,15.8,36.8],[8,21249,19,5,7,7,9,2,8,1,47.4,10.5,42.1],[9,9945,19,9,5,5,9,1,9,0,47.4,5.3,47.4],[10,16584,19,12,4,3,9,1,9,0,47.4,5.3,47.4],[11,4075,19,6,6,7,9,1,9,0,47.4,5.3,47.4],[12,480,19,17,2,0,7,0,12,-5,36.8,0,63.2],[13,741,19,19,0,0,7,0,12,-5,36.8,0,63.2],[14,499,1,1,0,0,0,0,1,-1,0,0,100]];
var GuestPanLu = [[1,484,18,10,5,3,13,0,5,8,72.2,0,27.8],[2,488,19,1,5,13,13,1,5,8,68.4,5.3,26.3],[3,7800,1,0,0,1,1,0,0,1,100,0,0],[4,494,18,8,4,6,9,2,7,2,50,11.1,38.9],[5,16584,19,3,8,8,9,2,8,1,47.4,10.5,42.1],[6,9945,19,1,5,13,9,1,9,0,47.4,5.3,47.4],[7,481,19,2,6,11,9,1,9,0,47.4,5.3,47.4],[8,21249,19,0,2,17,8,1,10,-2,42.1,5.3,52.6],[9,4075,21,1,2,18,9,0,12,-3,42.9,0,57.1],[10,5586,20,2,3,15,8,1,11,-3,40,5,55],[11,491,20,0,1,19,8,1,11,-3,40,5,55],[12,741,19,10,7,2,6,2,11,-5,31.6,10.5,57.9],[13,480,19,12,5,2,4,1,14,-10,21.1,5.3,73.7],[14,499,1,0,0,1,0,0,1,-1,0,0,100]];
var TotalHalfPanLu = [[1,488,38,5,22,11,20,13,5,15,52.6,34.2,13.2],[2,4075,40,2,21,17,20,11,9,11,50,27.5,22.5],[3,21249,38,1,20,17,19,7,12,7,50,18.4,31.6],[4,9945,38,4,23,11,17,10,11,6,44.7,26.3,28.9],[5,5586,40,5,22,13,17,11,12,5,42.5,27.5,30],[6,484,38,18,20,0,15,13,10,5,39.5,34.2,26.3],[7,491,38,1,13,24,14,3,21,-7,36.8,7.9,55.3],[8,7800,2,0,1,1,1,1,0,1,50,50,0],[9,16584,38,8,25,5,13,11,14,-1,34.2,28.9,36.8],[10,481,38,10,23,5,11,12,15,-4,28.9,31.6,39.5],[11,494,38,12,23,3,11,10,17,-6,28.9,26.3,44.7],[12,741,38,19,19,0,8,11,19,-11,21.1,28.9,50],[13,480,38,24,13,1,6,6,26,-20,15.8,15.8,68.4],[14,499,2,0,1,1,0,1,1,-1,0,50,50]];
var HomeHalfPanLu = [[1,5586,20,4,13,3,8,6,6,2,40,30,30],[2,484,20,14,6,0,8,5,7,1,40,25,35],[3,491,18,1,9,8,7,2,9,-2,38.9,11.1,50],[4,488,19,5,13,1,7,8,4,3,36.8,42.1,21.1],[5,4075,19,2,14,3,7,7,5,2,36.8,36.8,26.3],[6,21249,19,1,14,4,7,6,6,1,36.8,31.6,31.6],[7,16584,19,8,11,0,7,2,10,-3,36.8,10.5,52.6],[8,741,19,13,6,0,6,3,10,-4,31.6,15.8,52.6],[9,494,20,10,10,0,6,4,10,-4,30,20,50],[10,481,19,8,10,1,5,7,7,-2,26.3,36.8,36.8],[11,9945,19,4,12,3,5,5,9,-4,26.3,26.3,47.4],[12,480,19,16,3,0,3,3,13,-10,15.8,15.8,68.4],[13,499,1,0,1,0,0,1,0,0,0,100,0],[14,7800,1,0,1,0,0,1,0,0,0,100,0]];
var GuestHalfPanLu = [[1,488,19,0,9,10,13,5,1,12,68.4,26.3,5.3],[2,9945,19,0,11,8,12,5,2,10,63.2,26.3,10.5],[3,21249,19,0,6,13,12,1,6,6,63.2,5.3,31.6],[4,4075,21,0,7,14,13,4,4,9,61.9,19,19],[5,7800,1,0,0,1,1,0,0,1,100,0,0],[6,5586,20,1,9,10,9,5,6,3,45,25,30],[7,484,18,4,14,0,7,8,3,4,38.9,44.4,16.7],[8,491,20,0,4,16,7,1,12,-5,35,5,60],[9,16584,19,0,14,5,6,9,4,2,31.6,47.4,21.1],[10,481,19,2,13,4,6,5,8,-2,31.6,26.3,42.1],[11,494,18,2,13,3,5,6,7,-2,27.8,33.3,38.9],[12,480,19,8,10,1,3,3,13,-10,15.8,15.8,68.4],[13,741,19,6,13,0,2,8,9,-7,10.5,42.1,47.4],[14,499,1,0,0,1,0,0,1,-1,0,0,100]];
var addUp = [113,48.7,13,5.6,106,45.7,[100,7800],[100,499],[100,7800],[100,499],[100,7800],[100,499],[10.5,481],[0,7800,499]];
var addUpHalf = [76,32.8,60,25.9,96,41.4,[52.6,488],[68.4,480],[40,5586,484],[68.4,480],[100,7800],[100,499],[50,7800,499],[7.9,491]];
var lastUpdateTime = '2025-12-09 23:00:08';
