var arrLeague = [15,'南韩K联赛','南韓K聯賽','K League 1','2025','#0542b1','league_match/images/20190423203352.jpg','韩K联','韓K聯','KOR D1'];
var arrTeam = [[480,'蔚山HD','蔚山HD','Ulsan HD FC','','images/1jr576ev8wv.png',0],[481,'浦项制铁','浦項制鐵','Pohang Steelers','','images/481/1h1jgrf3gp0.png',0],[484,'全北现代','全北汽車','Jeonbuk Hyundai Motors','','images/484/1h1jgrf3gr2k.png',0],[488,'大田市民','大田市民','Daejeon Citizen','','images/488/1gxsf6qkda2b.png',0],[491,'大邱FC','大邱FC','Daegu FC','','images/491/1gxsf6qkd41p.png',0],[494,'金泉尚武','金泉尚武','Gimcheon Sangmu FC','','images/494/1grzke26w41a.png',0],[499,'水原三星','水原三星','Suwon Samsung Bluewings','','images/499/1gxsf6qjy02n.png',0],[741,'FC首尔','FC首爾','FC Seoul','','images/741/1gxsf6qjyq26.png',0],[4075,'济州SK','濟州SK','Jeju SK FC','','images/1jr577tbbf8.png',0],[5586,'水原FC','水原FC','Suwon FC','','images/5586/1gxsf6qjy222.png',0],[7800,'富川FC','富川FC','Bucheon FC 1995','','images/7800/1ht90z022j0.png',0],[9945,'江原FC','FC江原','Gangwon FC','','images/9945/1gxsf6qkdd19.png',0],[16584,'光州FC','FC光州','Gwangju Football Club','','images/16584/1jnj5r1v732z.png',0],[21249,'FC安养','FC安養','FC Anyang','','images/21249/1ht6evpqx922.png',0]];
var TotalBs = [[1,491,38,23,1,14,60.5,2.6,36.8],[2,488,38,21,0,17,55.3,0,44.7],[3,21249,38,21,0,17,55.3,0,44.7],[4,5586,40,21,0,19,52.5,0,47.5],[5,741,38,19,0,19,50,0,50],[6,494,38,18,1,19,47.4,2.6,50],[7,484,38,18,1,19,47.4,2.6,50],[8,4075,40,17,0,23,42.5,0,57.5],[9,481,38,15,0,23,39.5,0,60.5],[10,9945,38,15,0,23,39.5,0,60.5],[11,16584,38,14,0,24,36.8,0,63.2],[12,480,38,13,1,24,34.2,2.6,63.2],[13,7800,2,1,0,1,50,0,50],[14,499,2,0,0,2,0,0,100]];
var HomeBs = [[1,741,19,13,0,6,68.4,0,31.6],[2,5586,20,12,0,8,60,0,40],[3,484,20,11,1,8,55,5,40],[4,491,18,10,0,8,55.6,0,44.4],[5,21249,19,10,0,9,52.6,0,47.4],[6,481,19,9,0,10,47.4,0,52.6],[7,488,19,8,0,11,42.1,0,57.9],[8,4075,19,8,0,11,42.1,0,57.9],[9,9945,19,8,0,11,42.1,0,57.9],[10,16584,19,7,0,12,36.8,0,63.2],[11,480,19,7,0,12,36.8,0,63.2],[12,494,20,5,1,14,25,5,70],[13,499,1,0,0,1,0,0,100],[14,7800,1,0,0,1,0,0,100]];
var GuestBs = [[1,494,18,13,0,5,72.2,0,27.8],[2,488,19,13,0,6,68.4,0,31.6],[3,491,20,13,1,6,65,5,30],[4,21249,19,11,0,8,57.9,0,42.1],[5,5586,20,9,0,11,45,0,55],[6,4075,21,9,0,12,42.9,0,57.1],[7,484,18,7,0,11,38.9,0,61.1],[8,9945,19,7,0,12,36.8,0,63.2],[9,16584,19,7,0,12,36.8,0,63.2],[10,480,19,6,1,12,31.6,5.3,63.2],[11,481,19,6,0,13,31.6,0,68.4],[12,741,19,6,0,13,31.6,0,68.4],[13,7800,1,1,0,0,100,0,0],[14,499,1,0,0,1,0,0,100]];
var TotalBsHalf = [[1,481,38,23,2,13,60.5,5.3,34.2],[2,16584,38,22,2,14,57.9,5.3,36.8],[3,21249,38,21,5,12,55.3,13.2,31.6],[4,741,38,21,3,14,55.3,7.9,36.8],[5,5586,40,21,4,15,52.5,10,37.5],[6,491,38,19,10,9,50,26.3,23.7],[7,484,38,18,5,15,47.4,13.2,39.5],[8,480,38,17,7,14,44.7,18.4,36.8],[9,9945,38,17,5,16,44.7,13.2,42.1],[10,488,38,17,4,17,44.7,10.5,44.7],[11,494,38,16,7,15,42.1,18.4,39.5],[12,4075,40,14,8,18,35,20,45],[13,7800,2,1,0,1,50,0,50],[14,499,2,1,0,1,50,0,50]];
var HomeBsHalf = [[1,741,19,14,1,4,73.7,5.3,21.1],[2,16584,19,12,2,5,63.2,10.5,26.3],[3,21249,19,11,2,6,57.9,10.5,31.6],[4,484,20,11,3,6,55,15,30],[5,5586,20,11,2,7,55,10,35],[6,481,19,10,1,8,52.6,5.3,42.1],[7,491,18,9,4,5,50,22.2,27.8],[8,9945,19,9,1,9,47.4,5.3,47.4],[9,488,19,8,2,9,42.1,10.5,47.4],[10,4075,19,7,6,6,36.8,31.6,31.6],[11,480,19,7,2,10,36.8,10.5,52.6],[12,494,20,5,5,10,25,25,50],[13,499,1,0,0,1,0,0,100],[14,7800,1,0,0,1,0,0,100]];
var GuestBsHalf = [[1,481,19,13,1,5,68.4,5.3,26.3],[2,494,18,11,2,5,61.1,11.1,27.8],[3,480,19,10,5,4,52.6,26.3,21.1],[4,491,20,10,6,4,50,30,20],[5,21249,19,10,3,6,52.6,15.8,31.6],[6,5586,20,10,2,8,50,10,40],[7,16584,19,10,0,9,52.6,0,47.4],[8,488,19,9,2,8,47.4,10.5,42.1],[9,9945,19,8,4,7,42.1,21.1,36.8],[10,484,18,7,2,9,38.9,11.1,50],[11,741,19,7,2,10,36.8,10.5,52.6],[12,4075,21,7,2,12,33.3,9.5,57.1],[13,499,1,1,0,0,100,0,0],[14,7800,1,1,0,0,100,0,0]];
var addUp = [216,46.6,4,0.9,244,52.6,[60.5,491],[100,499],[68.4,741],[100,499,7800],[100,7800],[100,499]];
var addUpHalf = [228,49.1,62,13.4,174,37.5,[60.5,481],[50,7800,499],[73.7,741],[100,499,7800],[100,499,7800],[57.1,4075]];
var lastUpdateTime = '2025-12-09 23:00:02';
