var arrLeague = [5,'比利时甲组联赛','比利時甲組聯賽','Belgian Pro League','2013-2014','#FC9B0A','league_match/images/1j5w1nybsp9.png','比甲','比甲','BEL D1'];
var arrTeam = [[122,'沙勒罗瓦','查內爾','Charleroi','','images/122/1j3veftrymp.png',0],[130,'标准列日','標準列治','Standard Liege','','images/130/1j3veftre2e.png',0],[140,'根特','真特','KAA Gent','','images/140/1gv1yqjs390.png',0],[145,'洛克伦','洛格倫','Lokeren','','images/20130413143949.jpg',0],[147,'亨克','亨克','Racing Genk','','images/147/1h54k7bfph11.png',0],[148,'布鲁日','布魯日','Club Brugge','','images/148/1hxqrpwvs12q.png',0],[153,'安德莱赫特','安德列治','Anderlecht','','images/153/1gv1yqjs302r.png',0],[159,'利尔斯','利亞斯','Lierse','','images/159/1h53w17xg22e.png',0],[161,'蒙斯','蒙斯','RAEC Mons','','images/161/1hx3bztkqn9.png',0],[164,'色格拉布鲁日','色格拉布魯日','Cercle Brugge','','images/164/1gq1zqkdtp6.png',0],[170,'奥斯坦德','奧斯坦德','Oostende','','images/170/1gq201wpefs.png',0],[1242,'科特赖克','哥積克','Kortrijk','','images/1242/1j22rz4and1t.png',0],[1244,'梅赫伦','梅赫倫','Mechelen','','images/1244/1gtqkzv9ys23.png',0],[1245,'华斯兰德','華斯蘭比華倫','Red Star Waasland','','images/1245/1gqbpxar3q1m.png',0],[1319,'威尔郡','威爾郡','Zulte-Waregem','','images/1319/1j5hhgvw2dj.png',0],[2606,'奥德赫维里','奧特希費利','Oud Heverlee','','images/2606/1gq15c96p07.png',0]];
var TotalBs = [[1,145,40,26,0,14,65,0,35],[2,1242,38,22,0,16,57.9,0,42.1],[3,1244,36,21,0,15,58.3,0,41.7],[4,147,40,20,1,19,50,2.5,47.5],[5,153,40,19,4,17,47.5,10,42.5],[6,159,36,19,0,17,52.8,0,47.2],[7,148,40,19,1,20,47.5,2.5,50],[8,1319,40,19,1,20,47.5,2.5,50],[9,164,36,18,1,17,50,2.8,47.2],[10,122,36,18,0,18,50,0,50],[11,140,36,16,1,19,44.4,2.8,52.8],[12,130,40,16,0,24,40,0,60],[13,2606,39,15,0,24,38.5,0,61.5],[14,161,33,14,0,19,42.4,0,57.6],[15,170,38,14,1,23,36.8,2.6,60.5],[16,1245,36,11,2,23,30.6,5.6,63.9],[17,1316,6,5,0,1,83.3,0,16.7],[18,156,6,5,0,1,83.3,0,16.7],[19,8564,6,3,0,3,50,0,50]];
var HomeBs = [[1,1242,19,15,0,4,78.9,0,21.1],[2,145,20,13,0,7,65,0,35],[3,147,20,12,0,8,60,0,40],[4,164,18,11,0,7,61.1,0,38.9],[5,1319,20,10,1,9,50,5,45],[6,153,20,10,1,9,50,5,45],[7,1244,18,9,0,9,50,0,50],[8,130,20,9,0,11,45,0,55],[9,170,19,8,1,10,42.1,5.3,52.6],[10,159,18,8,0,10,44.4,0,55.6],[11,2606,20,8,0,12,40,0,60],[12,140,18,7,1,10,38.9,5.6,55.6],[13,122,18,7,0,11,38.9,0,61.1],[14,148,20,6,1,13,30,5,65],[15,161,16,5,0,11,31.2,0,68.8],[16,1245,18,5,1,12,27.8,5.6,66.7],[17,1316,3,3,0,0,100,0,0],[18,156,3,3,0,0,100,0,0],[19,8564,3,1,0,2,33.3,0,66.7]];
var GuestBs = [[1,148,20,13,0,7,65,0,35],[2,145,20,13,0,7,65,0,35],[3,1244,18,12,0,6,66.7,0,33.3],[4,159,18,11,0,7,61.1,0,38.9],[5,122,18,11,0,7,61.1,0,38.9],[6,161,17,9,0,8,52.9,0,47.1],[7,153,20,9,3,8,45,15,40],[8,140,18,9,0,9,50,0,50],[9,1319,20,9,0,11,45,0,55],[10,147,20,8,1,11,40,5,55],[11,164,18,7,1,10,38.9,5.6,55.6],[12,1242,19,7,0,12,36.8,0,63.2],[13,2606,19,7,0,12,36.8,0,63.2],[14,130,20,7,0,13,35,0,65],[15,1245,18,6,1,11,33.3,5.6,61.1],[16,170,19,6,0,13,31.6,0,68.4],[17,1316,3,2,0,1,66.7,0,33.3],[18,8564,3,2,0,1,66.7,0,33.3],[19,156,3,2,0,1,66.7,0,33.3]];
var TotalBsHalf = [[1,145,39,16,11,12,41,28.2,30.8],[2,1242,37,15,10,12,40.5,27,32.4],[3,1319,39,15,6,18,38.5,15.4,46.2],[4,147,39,14,7,18,35.9,17.9,46.2],[5,153,40,14,6,20,35,15,50],[6,148,40,14,4,22,35,10,55],[7,164,35,13,8,14,37.1,22.9,40],[8,170,38,13,10,15,34.2,26.3,39.5],[9,140,36,13,6,17,36.1,16.7,47.2],[10,1245,36,11,6,19,30.6,16.7,52.8],[11,130,40,11,8,21,27.5,20,52.5],[12,1244,36,10,8,18,27.8,22.2,50],[13,161,32,9,15,8,28.1,46.9,25],[14,2606,39,9,8,22,23.1,20.5,56.4],[15,122,35,8,11,16,22.9,31.4,45.7],[16,159,35,7,10,18,20,28.6,51.4],[17,156,6,3,2,1,50,33.3,16.7],[18,1316,5,3,1,1,60,20,20],[19,8564,5,2,0,3,40,0,60]];
var HomeBsHalf = [[1,164,18,9,5,4,50,27.8,22.2],[2,145,20,9,5,6,45,25,30],[3,1242,19,8,7,4,42.1,36.8,21.1],[4,170,19,8,4,7,42.1,21.1,36.8],[5,147,20,8,4,8,40,20,40],[6,153,20,8,2,10,40,10,50],[7,1319,20,7,3,10,35,15,50],[8,2606,20,6,3,11,30,15,55],[9,1244,18,5,4,9,27.8,22.2,50],[10,1245,18,5,4,9,27.8,22.2,50],[11,130,20,5,3,12,25,15,60],[12,148,20,5,1,14,25,5,70],[13,161,16,4,8,4,25,50,25],[14,122,18,4,5,9,22.2,27.8,50],[15,140,18,4,4,10,22.2,22.2,55.6],[16,1316,3,2,1,0,66.7,33.3,0],[17,159,18,2,5,11,11.1,27.8,61.1],[18,156,3,1,2,0,33.3,66.7,0],[19,8564,3,1,0,2,33.3,0,66.7]];
var GuestBsHalf = [[1,140,18,9,2,7,50,11.1,38.9],[2,148,20,9,3,8,45,15,40],[3,1319,19,8,3,8,42.1,15.8,42.1],[4,145,19,7,6,6,36.8,31.6,31.6],[5,1242,18,7,3,8,38.9,16.7,44.4],[6,130,20,6,5,9,30,25,45],[7,147,19,6,3,10,31.6,15.8,52.6],[8,1245,18,6,2,10,33.3,11.1,55.6],[9,153,20,6,4,10,30,20,50],[10,161,16,5,7,4,31.2,43.8,25],[11,159,17,5,5,7,29.4,29.4,41.2],[12,170,19,5,6,8,26.3,31.6,42.1],[13,1244,18,5,4,9,27.8,22.2,50],[14,122,17,4,6,7,23.5,35.3,41.2],[15,164,17,4,3,10,23.5,17.6,58.8],[16,2606,19,3,5,11,15.8,26.3,57.9],[17,156,3,2,0,1,66.7,0,33.3],[18,1316,2,1,0,1,50,0,50],[19,8564,2,1,0,1,50,0,50]];
var addUp = [300,48.2,12,1.9,310,49.8,[83.3,1316,156],[63.9,1245],[100,1316,156],[68.8,161],[66.7,1244,1316,8564,156],[68.4,170]];
var addUpHalf = [200,32.7,137,22.4,275,44.9,[60,1316],[60,8564],[66.7,1316],[70,148],[66.7,156],[58.8,164]];
var lastUpdateTime = '2025-01-20 10:21:05';
