var arrLeague = [23,'葡萄牙超级联赛','葡萄牙超級聯賽','Liga Portugal 1','2016-2017','#006665','league_match/images/1j5w1nhx8v10.png','葡超','葡超','POR D1'];
var arrTeam = [[440,'塞图巴尔','塞圖巴爾','Vitoria Setubal','','images/440/1hg209ez7sa.png',0],[452,'马里迪莫','馬里迪莫','Maritimo','','images/165095610183.png',0],[457,'博阿维斯塔','博維斯塔','Boavista FC','','images/165095598511.png',0],[459,'布拉加','布拉加','Sporting Braga','','images/165095600132.png',0],[463,'本菲卡','賓菲加','Benfica','','images/165095593478.png',0],[466,'里斯本竞技','士砵亭','Sporting CP','','images/165095607959.png',0],[468,'波尔图','波圖','FC Porto','','images/165095597156.png',0],[476,'里奥阿维','里奧阿維','Rio Ave','','images/476/1hdajkkb221n.png',0],[486,'埃斯托里尔','伊斯托里爾','Estoril','','images/165095590467.png',0],[924,'摩里伦斯','摩里倫斯','Moreirense','','images/165095611817.png',0],[926,'比兰尼塞斯','比蘭倫斯','Belenenses','','images/165095595094.png',0],[927,'吉马良斯','甘馬雷斯','Vitoria Guimaraes','','images/165095604742.png',0],[951,'葡萄牙国民','國民隊','Nacional da Madeira','','images/951/1gxsf273jh2z.png',0],[999,'查维斯','沙維斯','GD Chaves','','images/999/1j50e1skc91a.png',0],[1006,'费雷拉','費利拿','Pacos de Ferreira','','images/165095603251.png',0],[1555,'费伦斯','費倫斯','Feirense','','images/1555/1h6swyavgr1.png',0],[9046,'阿罗卡','阿洛卡','FC Arouca','','images/16509559199.png',0],[19599,'唐迪拉','唐迪拉','CD Tondela','','images/165095615051.png',0]];
var TotalBs = [[1,466,34,18,3,13,52.9,8.8,38.2],[2,476,34,16,2,16,47.1,5.9,47.1],[3,459,34,16,2,16,47.1,5.9,47.1],[4,9046,34,15,8,11,44.1,23.5,32.4],[5,19599,34,15,4,15,44.1,11.8,44.1],[6,927,34,15,1,18,44.1,2.9,52.9],[7,468,34,14,5,15,41.2,14.7,44.1],[8,457,34,13,4,17,38.2,11.8,50],[9,999,34,13,4,17,38.2,11.8,50],[10,926,34,13,3,18,38.2,8.8,52.9],[11,1555,34,13,3,18,38.2,8.8,52.9],[12,440,34,13,3,18,38.2,8.8,52.9],[13,1006,34,13,1,20,38.2,2.9,58.8],[14,951,34,13,1,20,38.2,2.9,58.8],[15,924,34,12,5,17,35.3,14.7,50],[16,463,34,12,2,20,35.3,5.9,58.8],[17,486,34,11,2,21,32.4,5.9,61.8],[18,452,34,9,3,22,26.5,8.8,64.7]];
var HomeBs = [[1,459,17,11,0,6,64.7,0,35.3],[2,476,17,10,0,7,58.8,0,41.2],[3,9046,17,9,2,6,52.9,11.8,35.3],[4,463,17,8,2,7,47.1,11.8,41.2],[5,1555,17,8,1,8,47.1,5.9,47.1],[6,468,17,7,5,5,41.2,29.4,29.4],[7,19599,17,7,3,7,41.2,17.6,41.2],[8,926,17,7,1,9,41.2,5.9,52.9],[9,927,17,7,0,10,41.2,0,58.8],[10,457,17,6,3,8,35.3,17.6,47.1],[11,466,17,6,3,8,35.3,17.6,47.1],[12,486,17,6,2,9,35.3,11.8,52.9],[13,924,17,6,1,10,35.3,5.9,58.8],[14,452,17,6,0,11,35.3,0,64.7],[15,999,17,5,2,10,29.4,11.8,58.8],[16,951,17,5,0,12,29.4,0,70.6],[17,440,17,4,3,10,23.5,17.6,58.8],[18,1006,17,4,0,13,23.5,0,76.5]];
var GuestBs = [[1,466,17,12,0,5,70.6,0,29.4],[2,1006,17,9,1,7,52.9,5.9,41.2],[3,440,17,9,0,8,52.9,0,47.1],[4,999,17,8,2,7,47.1,11.8,41.2],[5,951,17,8,1,8,47.1,5.9,47.1],[6,927,17,8,1,8,47.1,5.9,47.1],[7,19599,17,8,1,8,47.1,5.9,47.1],[8,457,17,7,1,9,41.2,5.9,52.9],[9,468,17,7,0,10,41.2,0,58.8],[10,9046,17,6,6,5,35.3,35.3,29.4],[11,924,17,6,4,7,35.3,23.5,41.2],[12,476,17,6,2,9,35.3,11.8,52.9],[13,926,17,6,2,9,35.3,11.8,52.9],[14,459,17,5,2,10,29.4,11.8,58.8],[15,1555,17,5,2,10,29.4,11.8,58.8],[16,486,17,5,0,12,29.4,0,70.6],[17,463,17,4,0,13,23.5,0,76.5],[18,452,17,3,3,11,17.6,17.6,64.7]];
var TotalBsHalf = [[1,452,33,22,2,9,66.7,6.1,27.3],[2,1555,33,21,2,10,63.6,6.1,30.3],[3,9046,33,21,2,10,63.6,6.1,30.3],[4,924,34,20,5,9,58.8,14.7,26.5],[5,457,34,19,5,10,55.9,14.7,29.4],[6,999,33,18,3,12,54.5,9.1,36.4],[7,19599,34,18,2,14,52.9,5.9,41.2],[8,440,33,17,4,12,51.5,12.1,36.4],[9,951,34,16,6,12,47.1,17.6,35.3],[10,1006,34,16,5,13,47.1,14.7,38.2],[11,476,34,16,5,13,47.1,14.7,38.2],[12,926,33,16,3,14,48.5,9.1,42.4],[13,466,34,15,10,9,44.1,29.4,26.5],[14,459,33,13,10,10,39.4,30.3,30.3],[15,486,34,13,6,15,38.2,17.6,44.1],[16,927,34,12,10,12,35.3,29.4,35.3],[17,468,33,12,4,17,36.4,12.1,51.5],[18,463,33,10,9,14,30.3,27.3,42.4]];
var HomeBsHalf = [[1,452,17,13,2,2,76.5,11.8,11.8],[2,1555,17,11,2,4,64.7,11.8,23.5],[3,9046,17,10,2,5,58.8,11.8,29.4],[4,457,17,9,3,5,52.9,17.6,29.4],[5,440,17,9,2,6,52.9,11.8,35.3],[6,19599,17,9,2,6,52.9,11.8,35.3],[7,926,17,9,2,6,52.9,11.8,35.3],[8,999,17,9,1,7,52.9,5.9,41.2],[9,486,17,8,3,6,47.1,17.6,35.3],[10,463,17,8,2,7,47.1,11.8,41.2],[11,476,17,8,2,7,47.1,11.8,41.2],[12,459,17,7,7,3,41.2,41.2,17.6],[13,951,17,7,4,6,41.2,23.5,35.3],[14,924,17,7,3,7,41.2,17.6,41.2],[15,466,17,7,3,7,41.2,17.6,41.2],[16,927,17,6,6,5,35.3,35.3,29.4],[17,1006,17,6,2,9,35.3,11.8,52.9],[18,468,17,6,0,11,35.3,0,64.7]];
var GuestBsHalf = [[1,924,17,13,2,2,76.5,11.8,11.8],[2,9046,16,11,0,5,68.8,0,31.2],[3,1006,17,10,3,4,58.8,17.6,23.5],[4,457,17,10,2,5,58.8,11.8,29.4],[5,1555,16,10,0,6,62.5,0,37.5],[6,999,16,9,2,5,56.2,12.5,31.2],[7,951,17,9,2,6,52.9,11.8,35.3],[8,452,16,9,0,7,56.2,0,43.8],[9,19599,17,9,0,8,52.9,0,47.1],[10,466,17,8,7,2,47.1,41.2,11.8],[11,476,17,8,3,6,47.1,17.6,35.3],[12,440,16,8,2,6,50,12.5,37.5],[13,926,16,7,1,8,43.8,6.2,50],[14,468,16,6,4,6,37.5,25,37.5],[15,927,17,6,4,7,35.3,23.5,41.2],[16,459,16,6,3,7,37.5,18.8,43.8],[17,486,17,5,3,9,29.4,17.6,52.9],[18,463,16,2,7,7,12.5,43.8,43.8]];
var addUp = [244,39.9,56,9.2,312,51,[52.9,466],[64.7,452],[64.7,459],[76.5,1006],[70.6,466],[76.5,463]];
var addUpHalf = [295,48.9,93,15.4,215,35.7,[66.7,452],[51.5,468],[76.5,452],[64.7,468],[76.5,924],[52.9,486]];
var lastUpdateTime = '2025-01-19 14:53:14';
