var arrLeague = [8,'德国甲组联赛','德國甲組聯賽','German Bundesliga','2019-2020','#990099','league_match/images/166674997937.png','德甲','德甲','GER D1'];
var arrTeam = [[88,'拜仁慕尼黑','拜仁慕尼黑','Bayern Munchen','','images/1jarzw1r4wn.png',0],[99,'多特蒙德','多蒙特','Borussia Dortmund','','images/164870996363.png',0],[128,'门兴格拉德巴赫','慕遜加柏','Borussia Monchengladbach','','images/16487114506.png',0],[132,'云达不莱梅','雲達不萊梅','Werder Bremen','','images/2013119144220.jpg',0],[139,'柏林赫塔','哈化柏林','Hertha Berlin','','images/16487114635.png',0],[149,'沃尔夫斯堡','沃爾夫斯堡','VfL Wolfsburg','','images/164871147946.png',0],[151,'沙尔克04','史浩克零四','Schalke 04','','images/2013119145317.jpg',0],[162,'美因茨','緬恩斯','FSV Mainz 05','','images/164871151364.png',0],[165,'勒沃库森','利華古遜','Bayer Leverkusen','','images/164871152472.png',0],[172,'弗赖堡','費雷堡','SC Freiburg','','images/164871154089.png',0],[423,'法兰克福','法蘭克福','Eintracht Frankfurt','','images/164871155563.png',0],[490,'科隆','科隆','FC Koln','','images/164871158236.png',0],[1078,'霍芬海姆','賀芬咸','TSG Hoffenheim','','images/164871159920.png',0],[1087,'柏林联合','柏林聯','Union Berlin','','images/164871161365.png',0],[1135,'奥格斯堡','奧格斯堡','Augsburg','','images/164871162622.png',0],[1344,'杜塞尔多夫','杜斯多夫','Fortuna Dusseldorf','','images/201312093635.jpg',0],[1720,'帕德博恩','柏德博恩','SC Paderborn 07','','images/20180921192806.jpg',0],[13201,'RB莱比锡','RB萊比錫','RB Leipzig','','images/164871164178.png',0]];
var TotalBs = [[1,139,34,22,2,10,64.7,5.9,29.4],[2,490,34,21,2,11,61.8,5.9,32.4],[3,88,34,21,1,12,61.8,2.9,35.3],[4,99,34,20,2,12,58.8,5.9,35.3],[5,162,34,19,3,12,55.9,8.8,35.3],[6,423,34,18,6,10,52.9,17.6,29.4],[7,151,34,18,2,14,52.9,5.9,41.2],[8,132,34,17,4,13,50,11.8,38.2],[9,13201,34,17,4,13,50,11.8,38.2],[10,172,34,17,1,16,50,2.9,47.1],[11,1087,34,17,1,16,50,2.9,47.1],[12,1344,34,16,5,13,47.1,14.7,38.2],[13,149,34,16,2,16,47.1,5.9,47.1],[14,1135,34,15,3,16,44.1,8.8,47.1],[15,128,34,15,2,17,44.1,5.9,50],[16,1720,34,14,3,17,41.2,8.8,50],[17,165,34,14,2,18,41.2,5.9,52.9],[18,1078,34,13,3,18,38.2,8.8,52.9]];
var HomeBs = [[1,99,17,11,1,5,64.7,5.9,29.4],[2,423,17,11,1,5,64.7,5.9,29.4],[3,139,17,10,2,5,58.8,11.8,29.4],[4,1720,17,10,2,5,58.8,11.8,29.4],[5,490,17,10,1,6,58.8,5.9,35.3],[6,88,17,10,0,7,58.8,0,41.2],[7,162,17,9,1,7,52.9,5.9,41.2],[8,13201,17,9,1,7,52.9,5.9,41.2],[9,1135,17,8,3,6,47.1,17.6,35.3],[10,128,17,8,2,7,47.1,11.8,41.2],[11,1078,17,8,2,7,47.1,11.8,41.2],[12,1344,17,8,1,8,47.1,5.9,47.1],[13,151,17,8,1,8,47.1,5.9,47.1],[14,165,17,8,1,8,47.1,5.9,47.1],[15,149,17,8,0,9,47.1,0,52.9],[16,172,17,7,1,9,41.2,5.9,52.9],[17,132,17,6,3,8,35.3,17.6,47.1],[18,1087,17,6,1,10,35.3,5.9,58.8]];
var GuestBs = [[1,139,17,12,0,5,70.6,0,29.4],[2,490,17,11,1,5,64.7,5.9,29.4],[3,132,17,11,1,5,64.7,5.9,29.4],[4,88,17,11,1,5,64.7,5.9,29.4],[5,1087,17,11,0,6,64.7,0,35.3],[6,162,17,10,2,5,58.8,11.8,29.4],[7,151,17,10,1,6,58.8,5.9,35.3],[8,172,17,10,0,7,58.8,0,41.2],[9,99,17,9,1,7,52.9,5.9,41.2],[10,1344,17,8,4,5,47.1,23.5,29.4],[11,13201,17,8,3,6,47.1,17.6,35.3],[12,149,17,8,2,7,47.1,11.8,41.2],[13,423,17,7,5,5,41.2,29.4,29.4],[14,128,17,7,0,10,41.2,0,58.8],[15,1135,17,7,0,10,41.2,0,58.8],[16,165,17,6,1,10,35.3,5.9,58.8],[17,1078,17,5,1,11,29.4,5.9,64.7],[18,1720,17,4,1,12,23.5,5.9,70.6]];
var TotalBsHalf = [[1,88,34,19,0,15,55.9,0,44.1],[2,165,34,17,1,16,50,2.9,47.1],[3,1720,34,17,1,16,50,2.9,47.1],[4,162,34,16,3,15,47.1,8.8,44.1],[5,132,34,16,1,17,47.1,2.9,50],[6,13201,34,16,0,18,47.1,0,52.9],[7,128,34,14,2,18,41.2,5.9,52.9],[8,1087,34,13,8,13,38.2,23.5,38.2],[9,1078,34,13,0,21,38.2,0,61.8],[10,490,34,12,6,16,35.3,17.6,47.1],[11,172,34,12,5,17,35.3,14.7,50],[12,423,34,12,1,21,35.3,2.9,61.8],[13,99,34,12,0,22,35.3,0,64.7],[14,149,34,11,4,19,32.4,11.8,55.9],[15,1135,34,11,4,19,32.4,11.8,55.9],[16,1344,34,10,4,20,29.4,11.8,58.8],[17,139,34,10,4,20,29.4,11.8,58.8],[18,151,34,9,8,17,26.5,23.5,50]];
var HomeBsHalf = [[1,1720,17,11,0,6,64.7,0,35.3],[2,88,17,10,0,7,58.8,0,41.2],[3,165,17,9,1,7,52.9,5.9,41.2],[4,162,17,8,2,7,47.1,11.8,41.2],[5,1344,17,8,1,8,47.1,5.9,47.1],[6,1078,17,8,0,9,47.1,0,52.9],[7,13201,17,8,0,9,47.1,0,52.9],[8,99,17,8,0,9,47.1,0,52.9],[9,423,17,7,1,9,41.2,5.9,52.9],[10,128,17,7,0,10,41.2,0,58.8],[11,1087,17,6,5,6,35.3,29.4,35.3],[12,139,17,6,2,9,35.3,11.8,52.9],[13,149,17,6,0,11,35.3,0,64.7],[14,132,17,6,0,11,35.3,0,64.7],[15,1135,17,5,1,11,29.4,5.9,64.7],[16,490,17,4,4,9,23.5,23.5,52.9],[17,172,17,2,3,12,11.8,17.6,70.6],[18,151,17,1,6,10,5.9,35.3,58.8]];
var GuestBsHalf = [[1,172,17,10,2,5,58.8,11.8,29.4],[2,132,17,10,1,6,58.8,5.9,35.3],[3,88,17,9,0,8,52.9,0,47.1],[4,490,17,8,2,7,47.1,11.8,41.2],[5,151,17,8,2,7,47.1,11.8,41.2],[6,162,17,8,1,8,47.1,5.9,47.1],[7,165,17,8,0,9,47.1,0,52.9],[8,13201,17,8,0,9,47.1,0,52.9],[9,1087,17,7,3,7,41.2,17.6,41.2],[10,128,17,7,2,8,41.2,11.8,47.1],[11,1135,17,6,3,8,35.3,17.6,47.1],[12,1720,17,6,1,10,35.3,5.9,58.8],[13,149,17,5,4,8,29.4,23.5,47.1],[14,423,17,5,0,12,29.4,0,70.6],[15,1078,17,5,0,12,29.4,0,70.6],[16,139,17,4,2,11,23.5,11.8,64.7],[17,99,17,4,0,13,23.5,0,76.5],[18,1344,17,2,3,12,11.8,17.6,70.6]];
var addUp = [310,50.7,48,7.8,254,41.5,[64.7,139],[52.9,165,1078],[64.7,99,423],[58.8,1087],[70.6,139],[70.6,1720]];
var addUpHalf = [240,39.2,52,8.5,320,52.3,[55.9,88],[64.7,99],[64.7,1720],[70.6,172],[58.8,172,132],[76.5,99]];
var lastUpdateTime = '2025-01-19 09:03:41';
