var arrLeague = [26,'瑞典超级联赛','瑞典超級聯賽','Swedish Allsvenskan','2022','#004488','league_match/images/20200420031221.jpg','瑞典超','瑞典超','SWE D1'];
var arrTeam = [[400,'索尔纳','AIK蘇納','AIK Solna','','images/400/1h8asp945qp.png',0],[404,'赫尔辛堡','希爾星堡','Helsingborg','','images/404/1h4yn3a5rr27.png',0],[406,'松兹瓦尔','辛斯華爾','GIF Sundsvall','','images/406/1h8fzp9tbvz.png',0],[408,'马尔默','馬模','Malmo FF','','images/408/1hptap45j3v.png',0],[410,'哈马比','哈馬比','Hammarby','','images/410/1h6wfe05rw26.png',0],[413,'哥德堡','哥登堡','IFK Goteborg','','images/413/1hg209brnt23.png',0],[417,'埃尔夫斯堡','艾夫斯堡','Elfsborg','','images/417/1h8wtxnzmc2g.png',0],[421,'尤尔加登','佐加頓斯','Djurgardens','','images/421/1gv1yreqw82.png',0],[426,'卡尔马','卡馬亞','Kalmar','','images/426/1h6wfe05rcg.png',0],[1518,'赫根','赫根','Hacken','','images/1518/1h53w2zt69f.png',0],[2088,'迪格弗斯','迪加科斯','Degerfors IF','','images/2088/1h8fzpmyv32k.png',0],[2091,'米亚尔比','米贊比','Mjallby AIF','','images/2091/1h8fzp9swxp.png',0],[2165,'北雪平','諾高平','IFK Norrkoping FK','','images/2165/1ht6ehmpr52t.png',0],[2178,'瓦纳默','華納莫','IFK Varnamo','','images/2178/1h8t9wgp5f16.png',0],[2782,'天狼星','天狼星','IK Sirius FK','','images/2782/1h8wtxnzmj9.png',0],[4242,'瓦尔贝里','華保斯FC','Varbergs BoIS FC','','images/4242/1hrgc61tqk0.png',0]];
var TotalPanLu = [[1,1518,30,22,3,5,20,1,9,11,66.7,3.3,30],[2,410,30,25,0,5,19,0,11,8,63.3,0,36.7],[3,421,30,23,4,3,17,2,11,6,56.7,6.7,36.7],[4,426,30,13,6,11,17,2,11,6,56.7,6.7,36.7],[5,2091,30,8,5,17,16,2,12,4,53.3,6.7,40],[6,2178,30,5,5,20,16,2,12,4,53.3,6.7,40],[7,417,30,19,3,8,16,1,13,3,53.3,3.3,43.3],[8,2782,30,6,5,19,15,3,12,3,50,10,40],[9,413,30,9,7,14,15,1,14,1,50,3.3,46.7],[10,400,30,22,4,4,15,1,14,1,50,3.3,46.7],[11,2088,30,3,4,23,14,1,15,-1,46.7,3.3,50],[12,4242,30,5,7,18,12,2,16,-4,40,6.7,53.3],[13,404,30,3,6,21,10,3,17,-7,33.3,10,56.7],[14,2165,30,16,4,10,10,2,18,-8,33.3,6.7,60],[15,408,30,27,1,2,9,3,18,-9,30,10,60],[16,406,30,0,4,26,6,0,24,-18,20,0,80]];
var HomePanLu = [[1,426,15,9,3,3,11,0,4,7,73.3,0,26.7],[2,421,15,14,1,0,10,1,4,6,66.7,6.7,26.7],[3,410,15,14,0,1,9,0,6,3,60,0,40],[4,2178,15,4,5,6,8,2,5,3,53.3,13.3,33.3],[5,417,15,12,1,2,8,1,6,2,53.3,6.7,40],[6,1518,15,13,2,0,8,1,6,2,53.3,6.7,40],[7,2088,15,3,3,9,8,1,6,2,53.3,6.7,40],[8,2091,15,7,1,7,8,1,6,2,53.3,6.7,40],[9,413,15,8,2,5,8,0,7,1,53.3,0,46.7],[10,400,15,14,1,0,8,0,7,1,53.3,0,46.7],[11,2782,15,5,3,7,8,0,7,1,53.3,0,46.7],[12,4242,15,5,3,7,7,1,7,0,46.7,6.7,46.7],[13,408,15,15,0,0,5,2,8,-3,33.3,13.3,53.3],[14,2165,15,11,1,3,5,0,10,-5,33.3,0,66.7],[15,404,15,3,4,8,4,3,8,-4,26.7,20,53.3],[16,406,15,0,4,11,4,0,11,-7,26.7,0,73.3]];
var GuestPanLu = [[1,1518,15,9,1,5,12,0,3,9,80,0,20],[2,410,15,11,0,4,10,0,5,5,66.7,0,33.3],[3,2091,15,1,4,10,8,1,6,2,53.3,6.7,40],[4,2178,15,1,0,14,8,0,7,1,53.3,0,46.7],[5,417,15,7,2,6,8,0,7,1,53.3,0,46.7],[6,2782,15,1,2,12,7,3,5,2,46.7,20,33.3],[7,421,15,9,3,3,7,1,7,0,46.7,6.7,46.7],[8,413,15,1,5,9,7,1,7,0,46.7,6.7,46.7],[9,400,15,8,3,4,7,1,7,0,46.7,6.7,46.7],[10,426,15,4,3,8,6,2,7,-1,40,13.3,46.7],[11,2088,15,0,1,14,6,0,9,-3,40,0,60],[12,404,15,0,2,13,6,0,9,-3,40,0,60],[13,2165,15,5,3,7,5,2,8,-3,33.3,13.3,53.3],[14,4242,15,0,4,11,5,1,9,-4,33.3,6.7,60],[15,408,15,12,1,2,4,1,10,-6,26.7,6.7,66.7],[16,406,15,0,0,15,2,0,13,-11,13.3,0,86.7]];
var TotalHalfPanLu = [[1,413,30,8,12,10,19,3,8,11,63.3,10,26.7],[2,410,30,19,9,2,18,3,9,9,60,10,30],[3,2178,30,3,11,16,15,4,11,4,50,13.3,36.7],[4,2091,30,6,9,15,14,6,10,4,46.7,20,33.3],[5,404,30,1,9,20,14,3,13,1,46.7,10,43.3],[6,1518,30,16,10,4,14,3,13,1,46.7,10,43.3],[7,2165,30,12,11,7,14,1,15,-1,46.7,3.3,50],[8,426,30,10,13,7,13,6,11,2,43.3,20,36.7],[9,4242,30,3,10,17,13,3,14,-1,43.3,10,46.7],[10,417,30,16,10,4,12,5,13,-1,40,16.7,43.3],[11,406,30,0,6,24,12,4,14,-2,40,13.3,46.7],[12,421,30,22,7,1,12,3,15,-3,40,10,50],[13,2782,30,4,10,16,11,7,12,-1,36.7,23.3,40],[14,400,30,18,10,2,10,5,15,-5,33.3,16.7,50],[15,408,30,24,6,0,10,2,18,-8,33.3,6.7,60],[16,2088,30,2,9,19,8,4,18,-10,26.7,13.3,60]];
var HomeHalfPanLu = [[1,413,15,7,5,3,10,1,4,6,66.7,6.7,26.7],[2,410,15,12,3,0,9,2,4,5,60,13.3,26.7],[3,421,15,14,1,0,9,0,6,3,60,0,40],[4,426,15,7,7,1,8,4,3,5,53.3,26.7,20],[5,2178,15,3,7,5,8,3,4,4,53.3,20,26.7],[6,1518,15,10,5,0,8,1,6,2,53.3,6.7,40],[7,2091,15,6,3,6,8,0,7,1,53.3,0,46.7],[8,417,15,11,4,0,7,3,5,2,46.7,20,33.3],[9,2782,15,3,6,6,7,3,5,2,46.7,20,33.3],[10,404,15,1,7,7,7,3,5,2,46.7,20,33.3],[11,4242,15,3,6,6,7,2,6,1,46.7,13.3,40],[12,408,15,15,0,0,7,0,8,-1,46.7,0,53.3],[13,406,15,0,6,9,6,3,6,0,40,20,40],[14,400,15,11,4,0,6,2,7,-1,40,13.3,46.7],[15,2165,15,8,6,1,6,1,8,-2,40,6.7,53.3],[16,2088,15,2,6,7,4,3,8,-4,26.7,20,53.3]];
var GuestHalfPanLu = [[1,413,15,1,7,7,9,2,4,5,60,13.3,26.7],[2,410,15,7,6,2,9,1,5,4,60,6.7,33.3],[3,2165,15,4,5,6,8,0,7,1,53.3,0,46.7],[4,2178,15,0,4,11,7,1,7,0,46.7,6.7,46.7],[5,404,15,0,2,13,7,0,8,-1,46.7,0,53.3],[6,2091,15,0,6,9,6,6,3,3,40,40,20],[7,1518,15,6,5,4,6,2,7,-1,40,13.3,46.7],[8,406,15,0,0,15,6,1,8,-2,40,6.7,53.3],[9,4242,15,0,4,11,6,1,8,-2,40,6.7,53.3],[10,426,15,3,6,6,5,2,8,-3,33.3,13.3,53.3],[11,417,15,5,6,4,5,2,8,-3,33.3,13.3,53.3],[12,2782,15,1,4,10,4,4,7,-3,26.7,26.7,46.7],[13,400,15,7,6,2,4,3,8,-4,26.7,20,53.3],[14,2088,15,0,3,12,4,1,10,-6,26.7,6.7,66.7],[15,421,15,8,6,1,3,3,9,-6,20,20,60],[16,408,15,9,6,0,3,2,10,-7,20,13.3,66.7]];
var addUp = [119,49.6,13,5.4,108,45,[66.7,1518],[80,406],[73.3,426],[73.3,406],[80,1518],[86.7,406],[10,2782,404,408],[0,410,406]];
var addUpHalf = [117,48.8,31,12.9,92,38.3,[63.3,413],[60,408,2088],[66.7,413],[53.3,408,2165,2088],[60,413,410],[66.7,2088,408],[23.3,2782],[3.3,2165]];
var lastUpdateTime = '2025-01-18 11:49:40';
