var arrLeague = [26,'瑞典超级联赛','瑞典超級聯賽','Swedish Allsvenskan','2022','#004488','league_match/images/20200420031221.jpg','瑞典超','瑞典超','SWE D1'];
var arrTeam = [[400,'索尔纳','AIK蘇納','AIK Solna','','images/400/1h8asp945qp.png',0],[404,'赫尔辛堡','希爾星堡','Helsingborg','','images/404/1h4yn3a5rr27.png',0],[406,'松兹瓦尔','辛斯華爾','GIF Sundsvall','','images/406/1h8fzp9tbvz.png',0],[408,'马尔默','馬模','Malmo FF','','images/408/1hptap45j3v.png',0],[410,'哈马比','哈馬比','Hammarby','','images/410/1h6wfe05rw26.png',0],[413,'哥德堡','哥登堡','IFK Goteborg','','images/413/1hg209brnt23.png',0],[417,'埃尔夫斯堡','艾夫斯堡','Elfsborg','','images/417/1h8wtxnzmc2g.png',0],[421,'尤尔加登','佐加頓斯','Djurgardens','','images/421/1gv1yreqw82.png',0],[426,'卡尔马','卡馬亞','Kalmar','','images/426/1h6wfe05rcg.png',0],[1518,'赫根','赫根','Hacken','','images/1518/1h53w2zt69f.png',0],[2088,'迪格弗斯','迪加科斯','Degerfors IF','','images/2088/1h8fzpmyv32k.png',0],[2091,'米亚尔比','米贊比','Mjallby AIF','','images/2091/1h8fzp9swxp.png',0],[2165,'北雪平','諾高平','IFK Norrkoping FK','','images/2165/1ht6ehmpr52t.png',0],[2178,'瓦纳默','華納莫','IFK Varnamo','','images/2178/1h8t9wgp5f16.png',0],[2782,'天狼星','天狼星','IK Sirius FK','','images/2782/1h8wtxnzmj9.png',0],[4242,'瓦尔贝里','華保斯FC','Varbergs BoIS FC','','images/4242/1hrgc61tqk0.png',0]];
var TotalBs = [[1,406,30,20,0,10,66.7,0,33.3],[2,1518,30,20,0,10,66.7,0,33.3],[3,408,30,17,1,12,56.7,3.3,40],[4,4242,30,17,0,13,56.7,0,43.3],[5,421,30,16,1,13,53.3,3.3,43.3],[6,2178,30,16,0,14,53.3,0,46.7],[7,410,30,15,2,13,50,6.7,43.3],[8,413,30,15,0,15,50,0,50],[9,2088,30,15,0,15,50,0,50],[10,417,30,14,2,14,46.7,6.7,46.7],[11,400,30,14,1,15,46.7,3.3,50],[12,404,30,13,2,15,43.3,6.7,50],[13,2782,30,12,1,17,40,3.3,56.7],[14,2165,30,12,0,18,40,0,60],[15,2091,30,11,0,19,36.7,0,63.3],[16,426,30,11,0,19,36.7,0,63.3]];
var HomeBs = [[1,421,15,11,1,3,73.3,6.7,20],[2,406,15,11,0,4,73.3,0,26.7],[3,1518,15,11,0,4,73.3,0,26.7],[4,417,15,9,1,5,60,6.7,33.3],[5,410,15,9,1,5,60,6.7,33.3],[6,408,15,9,0,6,60,0,40],[7,4242,15,8,0,7,53.3,0,46.7],[8,2091,15,8,0,7,53.3,0,46.7],[9,2088,15,7,0,8,46.7,0,53.3],[10,2165,15,6,0,9,40,0,60],[11,2178,15,6,0,9,40,0,60],[12,413,15,6,0,9,40,0,60],[13,400,15,5,1,9,33.3,6.7,60],[14,2782,15,5,1,9,33.3,6.7,60],[15,404,15,5,0,10,33.3,0,66.7],[16,426,15,3,0,12,20,0,80]];
var GuestBs = [[1,2178,15,10,0,5,66.7,0,33.3],[2,4242,15,9,0,6,60,0,40],[3,400,15,9,0,6,60,0,40],[4,406,15,9,0,6,60,0,40],[5,413,15,9,0,6,60,0,40],[6,1518,15,9,0,6,60,0,40],[7,404,15,8,2,5,53.3,13.3,33.3],[8,408,15,8,1,6,53.3,6.7,40],[9,2088,15,8,0,7,53.3,0,46.7],[10,426,15,8,0,7,53.3,0,46.7],[11,2782,15,7,0,8,46.7,0,53.3],[12,410,15,6,1,8,40,6.7,53.3],[13,2165,15,6,0,9,40,0,60],[14,417,15,5,1,9,33.3,6.7,60],[15,421,15,5,0,10,33.3,0,66.7],[16,2091,15,3,0,12,20,0,80]];
var TotalBsHalf = [[1,406,30,17,4,9,56.7,13.3,30],[2,417,30,15,5,10,50,16.7,33.3],[3,408,30,13,3,14,43.3,10,46.7],[4,421,30,12,7,11,40,23.3,36.7],[5,1518,30,12,7,11,40,23.3,36.7],[6,4242,30,11,10,9,36.7,33.3,30],[7,2782,30,11,6,13,36.7,20,43.3],[8,426,30,10,10,10,33.3,33.3,33.3],[9,400,30,10,10,10,33.3,33.3,33.3],[10,413,30,9,13,8,30,43.3,26.7],[11,410,30,9,2,19,30,6.7,63.3],[12,2165,30,8,10,12,26.7,33.3,40],[13,2178,30,8,10,12,26.7,33.3,40],[14,2088,30,8,8,14,26.7,26.7,46.7],[15,404,30,7,13,10,23.3,43.3,33.3],[16,2091,30,6,10,14,20,33.3,46.7]];
var HomeBsHalf = [[1,406,15,10,1,4,66.7,6.7,26.7],[2,421,15,9,2,4,60,13.3,26.7],[3,417,15,8,1,6,53.3,6.7,40],[4,1518,15,7,2,6,46.7,13.3,40],[5,408,15,6,1,8,40,6.7,53.3],[6,2088,15,5,4,6,33.3,26.7,40],[7,2782,15,5,4,6,33.3,26.7,40],[8,413,15,4,7,4,26.7,46.7,26.7],[9,400,15,4,6,5,26.7,40,33.3],[10,4242,15,4,6,5,26.7,40,33.3],[11,2091,15,4,6,5,26.7,40,33.3],[12,2165,15,4,5,6,26.7,33.3,40],[13,2178,15,4,4,7,26.7,26.7,46.7],[14,410,15,4,1,10,26.7,6.7,66.7],[15,426,15,3,6,6,20,40,40],[16,404,15,2,8,5,13.3,53.3,33.3]];
var GuestBsHalf = [[1,426,15,7,4,4,46.7,26.7,26.7],[2,417,15,7,4,4,46.7,26.7,26.7],[3,4242,15,7,4,4,46.7,26.7,26.7],[4,406,15,7,3,5,46.7,20,33.3],[5,408,15,7,2,6,46.7,13.3,40],[6,400,15,6,4,5,40,26.7,33.3],[7,2782,15,6,2,7,40,13.3,46.7],[8,413,15,5,6,4,33.3,40,26.7],[9,404,15,5,5,5,33.3,33.3,33.3],[10,1518,15,5,5,5,33.3,33.3,33.3],[11,410,15,5,1,9,33.3,6.7,60],[12,2178,15,4,6,5,26.7,40,33.3],[13,2165,15,4,5,6,26.7,33.3,40],[14,421,15,3,5,7,20,33.3,46.7],[15,2088,15,3,4,8,20,26.7,53.3],[16,2091,15,2,4,9,13.3,26.7,60]];
var addUp = [238,49.6,10,2.1,232,48.3,[66.7,406,1518],[63.3,2091,426],[73.3,421,406,1518],[80,426],[66.7,2178],[80,2091]];
var addUpHalf = [166,34.6,128,26.7,186,38.8,[56.7,406],[63.3,410],[66.7,406],[66.7,410],[46.7,426,417,4242,406,408],[60,410,2091]];
var lastUpdateTime = '2025-01-18 11:49:49';
