var arrLeague = [60,'中国超级联赛','中國超級聯賽','Chinese Super League','2018','#0066FF','league_match/images/166674992094.png','中超','中超','CHA CSL'];
var arrTeam = [[39,'上海申花','上海申花','Shanghai Shenhua','','images/39/1gy3vjsrhn1p.png',0],[40,'山东泰山','山東泰山','Shandong Taishan','','images/40/1gy3vjsrhjq.png',0],[43,'北京国安','北京國安','Beijing Guoan','','images/1jr565tbs5z.png',0],[83,'重庆两江竞技','重慶兩江競技','Chongqing Liangjiang Athletic','','images/20180921192706.png',0],[89,'天津津门虎','天津津門虎','Tianjin Tigers','','images/89/1gy3vkgfwn2t.png',0],[528,'长春亚泰','長春亞泰','Changchun Yatai','','images/1jr56ftb35z.png',0],[535,'广州队','廣州隊','Guangzhou FC','','images/535/1hy4p3apdsh.png',0],[541,'河南队','河南隊','Henan Football Club','','images/541/1j39p5ccv415.png',0],[543,'江苏苏宁易购','江蘇蘇寧','Jiangsu Suning FC','','images/20180921195311.png',0],[3969,'北京人和','北京人和','Beijing Renhe','','images/20180921194257.png',0],[7642,'上海海港','上海海港','Shanghai Port','','images/7642/1h8n2nv7tw23.png',0],[8685,'天津天海','天津天海','Tianjin Tianhai','','images/20190228090603.png',0],[8686,'贵州队','貴州隊','Guizhou Hengfeng F.C.','','images/20180921193147.png',0],[13969,'大连人','大連人','Dalian Pro','','images/20200123150128.png',0],[16668,'广州城','廣州城','Guangzhou City','','images/165371552931.png',0],[16961,'河北队','河北隊','Hebei FC','','images/20180921193444.png',0]];
var TotalPanLu = [[1,535,30,28,2,0,17,2,11,6,56.7,6.7,36.7],[2,40,30,20,5,5,16,4,10,6,53.3,13.3,33.3],[3,7642,30,26,3,1,16,2,12,4,53.3,6.7,40],[4,83,30,10,4,16,16,1,13,3,53.3,3.3,43.3],[5,543,30,15,5,10,15,4,11,4,50,13.3,36.7],[6,541,30,6,4,20,14,4,12,2,46.7,13.3,40],[7,39,30,9,2,19,14,3,13,1,46.7,10,43.3],[8,8685,30,14,4,12,14,2,14,0,46.7,6.7,46.7],[9,13969,30,8,0,22,14,2,14,0,46.7,6.7,46.7],[10,89,30,7,2,21,13,1,16,-3,43.3,3.3,53.3],[11,16668,30,15,2,13,13,0,17,-4,43.3,0,56.7],[12,43,30,23,3,4,12,2,16,-4,40,6.7,53.3],[13,16961,30,16,1,13,11,3,16,-5,36.7,10,53.3],[14,528,30,8,2,20,11,2,17,-6,36.7,6.7,56.7],[15,8686,30,4,5,21,11,1,18,-7,36.7,3.3,60]];
var HomePanLu = [[1,13969,15,8,0,7,11,0,4,7,73.3,0,26.7],[2,7642,15,14,1,0,10,0,5,5,66.7,0,33.3],[3,40,15,13,1,1,9,2,4,5,60,13.3,26.7],[4,535,15,15,0,0,9,1,5,4,60,6.7,33.3],[5,39,15,8,1,6,8,2,5,3,53.3,13.3,33.3],[6,543,15,12,1,2,8,2,5,3,53.3,13.3,33.3],[7,8686,15,4,4,7,7,0,8,-1,46.7,0,53.3],[8,541,15,5,3,7,6,3,6,0,40,20,40],[9,43,15,13,2,0,6,1,8,-2,40,6.7,53.3],[10,89,15,7,2,6,6,1,8,-2,40,6.7,53.3],[11,8685,15,11,1,3,6,1,8,-2,40,6.7,53.3],[12,16668,15,11,1,3,6,0,9,-3,40,0,60],[13,83,15,8,3,4,6,0,9,-3,40,0,60],[14,16961,15,12,0,3,5,3,7,-2,33.3,20,46.7],[15,528,15,8,1,6,5,0,10,-5,33.3,0,66.7]];
var GuestPanLu = [[1,83,15,2,1,12,10,1,4,6,66.7,6.7,26.7],[2,535,15,13,2,0,8,1,6,2,53.3,6.7,40],[3,541,15,1,1,13,8,1,6,2,53.3,6.7,40],[4,8685,15,3,3,9,8,1,6,2,53.3,6.7,40],[5,543,15,3,4,8,7,2,6,1,46.7,13.3,40],[6,40,15,7,4,4,7,2,6,1,46.7,13.3,40],[7,89,15,0,0,15,7,0,8,-1,46.7,0,53.3],[8,16668,15,4,1,10,7,0,8,-1,46.7,0,53.3],[9,528,15,0,1,14,6,2,7,-1,40,13.3,46.7],[10,7642,15,12,2,1,6,2,7,-1,40,13.3,46.7],[11,43,15,10,1,4,6,1,8,-2,40,6.7,53.3],[12,39,15,1,1,13,6,1,8,-2,40,6.7,53.3],[13,16961,15,4,1,10,6,0,9,-3,40,0,60],[14,8686,15,0,1,14,4,1,10,-6,26.7,6.7,66.7],[15,13969,15,0,0,15,3,2,10,-7,20,13.3,66.7]];
var TotalHalfPanLu = [[1,543,30,11,10,9,17,3,10,7,56.7,10,33.3],[2,13969,30,5,6,19,16,5,9,7,53.3,16.7,30],[3,43,30,21,7,2,15,4,11,4,50,13.3,36.7],[4,83,30,9,8,13,15,4,11,4,50,13.3,36.7],[5,7642,30,26,3,1,14,4,12,2,46.7,13.3,40],[6,8686,30,1,9,20,14,4,12,2,46.7,13.3,40],[7,89,30,6,8,16,14,3,13,1,46.7,10,43.3],[8,16668,30,11,7,12,13,1,16,-3,43.3,3.3,53.3],[9,541,30,3,12,15,12,6,12,0,40,20,40],[10,40,30,16,10,4,12,5,13,-1,40,16.7,43.3],[11,8685,30,11,9,10,12,4,14,-2,40,13.3,46.7],[12,16961,30,11,8,11,12,3,15,-3,40,10,50],[13,39,30,8,9,13,12,3,15,-3,40,10,50],[14,535,30,27,3,0,11,6,13,-2,36.7,20,43.3],[15,528,30,6,8,16,10,3,17,-7,33.3,10,56.7]];
var HomeHalfPanLu = [[1,7642,15,14,1,0,9,3,3,6,60,20,20],[2,13969,15,5,5,5,8,3,4,4,53.3,20,26.7],[3,43,15,13,2,0,8,3,4,4,53.3,20,26.7],[4,40,15,12,2,1,8,0,7,1,53.3,0,46.7],[5,8686,15,1,8,6,7,2,6,1,46.7,13.3,40],[6,543,15,11,2,2,7,1,7,0,46.7,6.7,46.7],[7,16668,15,10,2,3,7,0,8,-1,46.7,0,53.3],[8,535,15,15,0,0,6,3,6,0,40,20,40],[9,83,15,7,5,3,6,2,7,-1,40,13.3,46.7],[10,89,15,6,4,5,6,2,7,-1,40,13.3,46.7],[11,541,15,2,10,3,5,4,6,-1,33.3,26.7,40],[12,8685,15,9,4,2,5,2,8,-3,33.3,13.3,53.3],[13,16961,15,10,2,3,5,1,9,-4,33.3,6.7,60],[14,528,15,6,5,4,5,1,9,-4,33.3,6.7,60],[15,39,15,8,4,3,4,1,10,-6,26.7,6.7,66.7]];
var GuestHalfPanLu = [[1,543,15,0,8,7,10,2,3,7,66.7,13.3,20],[2,83,15,2,3,10,9,2,4,5,60,13.3,26.7],[3,39,15,0,5,10,8,2,5,3,53.3,13.3,33.3],[4,13969,15,0,1,14,8,2,5,3,53.3,13.3,33.3],[5,89,15,0,4,11,8,1,6,2,53.3,6.7,40],[6,8685,15,2,5,8,7,2,6,1,46.7,13.3,40],[7,8686,15,0,1,14,7,2,6,1,46.7,13.3,40],[8,541,15,1,2,12,7,2,6,1,46.7,13.3,40],[9,16961,15,1,6,8,7,2,6,1,46.7,13.3,40],[10,43,15,8,5,2,7,1,7,0,46.7,6.7,46.7],[11,16668,15,1,5,9,6,1,8,-2,40,6.7,53.3],[12,535,15,12,3,0,5,3,7,-2,33.3,20,46.7],[13,528,15,0,3,12,5,2,8,-3,33.3,13.3,53.3],[14,7642,15,12,2,1,5,1,9,-4,33.3,6.7,60],[15,40,15,4,8,3,4,5,6,-2,26.7,33.3,40]];
var addUp = [108,48.4,16,7.2,99,44.4,[56.7,535],[60,8686],[73.3,13969],[66.7,528],[66.7,83],[66.7,8686,13969],[13.3,40,543,541],[0,16668]];
var addUpHalf = [96,42.3,28,12.3,103,45.4,[56.7,543],[56.7,528],[60,7642],[66.7,39],[66.7,543],[60,7642],[20,541,535],[3.3,16668]];
var lastUpdateTime = '2025-06-24 12:35:51';
