var arrLeague = [60,'中国超级联赛','中國超級聯賽','Chinese Super League','2018','#0066FF','league_match/images/166674992094.png','中超','中超','CHA CSL'];
var arrTeam = [[39,'上海申花','上海申花','Shanghai Shenhua','','images/39/1gy3vjsrhn1p.png',0],[40,'山东泰山','山東泰山','Shandong Taishan','','images/40/1gy3vjsrhjq.png',0],[43,'北京国安','北京國安','Beijing Guoan','','images/1jr565tbs5z.png',0],[83,'重庆两江竞技','重慶兩江競技','Chongqing Liangjiang Athletic','','images/20180921192706.png',0],[89,'天津津门虎','天津津門虎','Tianjin Tigers','','images/89/1gy3vkgfwn2t.png',0],[528,'长春亚泰','長春亞泰','Changchun Yatai','','images/1jr56ftb35z.png',0],[535,'广州队','廣州隊','Guangzhou FC','','images/535/1hy4p3apdsh.png',0],[541,'河南队','河南隊','Henan Football Club','','images/541/1j39p5ccv415.png',0],[543,'江苏苏宁易购','江蘇蘇寧','Jiangsu Suning FC','','images/20180921195311.png',0],[3969,'北京人和','北京人和','Beijing Renhe','','images/20180921194257.png',0],[7642,'上海海港','上海海港','Shanghai Port','','images/7642/1h8n2nv7tw23.png',0],[8685,'天津天海','天津天海','Tianjin Tianhai','','images/20190228090603.png',0],[8686,'贵州队','貴州隊','Guizhou Hengfeng F.C.','','images/20180921193147.png',0],[13969,'大连人','大連人','Dalian Pro','','images/20200123150128.png',0],[16668,'广州城','廣州城','Guangzhou City','','images/165371552931.png',0],[16961,'河北队','河北隊','Hebei FC','','images/20180921193444.png',0]];
var TotalBs = [[1,39,30,17,0,13,56.7,0,43.3],[2,43,30,16,1,13,53.3,3.3,43.3],[3,8686,30,16,1,13,53.3,3.3,43.3],[4,16961,30,16,0,14,53.3,0,46.7],[5,40,30,16,0,14,53.3,0,46.7],[6,535,30,16,0,14,53.3,0,46.7],[7,8685,30,15,1,14,50,3.3,46.7],[8,89,30,15,0,15,50,0,50],[9,528,30,15,0,15,50,0,50],[10,13969,30,14,2,14,46.7,6.7,46.7],[11,16668,30,13,2,15,43.3,6.7,50],[12,543,30,13,0,17,43.3,0,56.7],[13,7642,30,12,0,18,40,0,60],[14,83,30,12,0,18,40,0,60],[15,541,30,11,1,18,36.7,3.3,60]];
var HomeBs = [[1,89,15,11,0,4,73.3,0,26.7],[2,43,15,9,1,5,60,6.7,33.3],[3,535,15,9,0,6,60,0,40],[4,13969,15,8,1,6,53.3,6.7,40],[5,39,15,8,0,7,53.3,0,46.7],[6,40,15,7,0,8,46.7,0,53.3],[7,528,15,7,0,8,46.7,0,53.3],[8,16668,15,7,0,8,46.7,0,53.3],[9,16961,15,7,0,8,46.7,0,53.3],[10,543,15,7,0,8,46.7,0,53.3],[11,8685,15,6,1,8,40,6.7,53.3],[12,8686,15,6,1,8,40,6.7,53.3],[13,7642,15,6,0,9,40,0,60],[14,83,15,6,0,9,40,0,60],[15,541,15,5,0,10,33.3,0,66.7]];
var GuestBs = [[1,8686,15,10,0,5,66.7,0,33.3],[2,8685,15,9,0,6,60,0,40],[3,16961,15,9,0,6,60,0,40],[4,39,15,9,0,6,60,0,40],[5,40,15,9,0,6,60,0,40],[6,528,15,8,0,7,53.3,0,46.7],[7,535,15,7,0,8,46.7,0,53.3],[8,43,15,7,0,8,46.7,0,53.3],[9,16668,15,6,2,7,40,13.3,46.7],[10,13969,15,6,1,8,40,6.7,53.3],[11,541,15,6,1,8,40,6.7,53.3],[12,543,15,6,0,9,40,0,60],[13,7642,15,6,0,9,40,0,60],[14,83,15,6,0,9,40,0,60],[15,89,15,4,0,11,26.7,0,73.3]];
var TotalBsHalf = [[1,7642,30,17,0,13,56.7,0,43.3],[2,40,30,15,3,12,50,10,40],[3,89,30,14,5,11,46.7,16.7,36.7],[4,535,30,14,0,16,46.7,0,53.3],[5,16668,30,14,0,16,46.7,0,53.3],[6,43,30,13,2,15,43.3,6.7,50],[7,528,30,12,3,15,40,10,50],[8,83,30,11,5,14,36.7,16.7,46.7],[9,8686,30,11,5,14,36.7,16.7,46.7],[10,13969,30,11,2,17,36.7,6.7,56.7],[11,541,30,10,7,13,33.3,23.3,43.3],[12,543,30,10,3,17,33.3,10,56.7],[13,16961,30,10,3,17,33.3,10,56.7],[14,39,30,10,1,19,33.3,3.3,63.3],[15,8685,30,8,6,16,26.7,20,53.3]];
var HomeBsHalf = [[1,89,15,11,2,2,73.3,13.3,13.3],[2,43,15,8,1,6,53.3,6.7,40],[3,541,15,7,4,4,46.7,26.7,26.7],[4,40,15,7,2,6,46.7,13.3,40],[5,13969,15,7,2,6,46.7,13.3,40],[6,83,15,7,1,7,46.7,6.7,46.7],[7,7642,15,7,0,8,46.7,0,53.3],[8,535,15,7,0,8,46.7,0,53.3],[9,16668,15,6,0,9,40,0,60],[10,8686,15,5,3,7,33.3,20,46.7],[11,528,15,5,2,8,33.3,13.3,53.3],[12,16961,15,5,1,9,33.3,6.7,60],[13,543,15,3,1,11,20,6.7,73.3],[14,39,15,3,0,12,20,0,80],[15,8685,15,2,4,9,13.3,26.7,60]];
var GuestBsHalf = [[1,7642,15,10,0,5,66.7,0,33.3],[2,40,15,8,1,6,53.3,6.7,40],[3,16668,15,8,0,7,53.3,0,46.7],[4,543,15,7,2,6,46.7,13.3,40],[5,39,15,7,1,7,46.7,6.7,46.7],[6,528,15,7,1,7,46.7,6.7,46.7],[7,535,15,7,0,8,46.7,0,53.3],[8,8685,15,6,2,7,40,13.3,46.7],[9,8686,15,6,2,7,40,13.3,46.7],[10,16961,15,5,2,8,33.3,13.3,53.3],[11,43,15,5,1,9,33.3,6.7,60],[12,83,15,4,4,7,26.7,26.7,46.7],[13,13969,15,4,0,11,26.7,0,73.3],[14,89,15,3,3,9,20,20,60],[15,541,15,3,3,9,20,20,60]];
var addUp = [217,48.2,8,1.8,225,50,[56.7,39],[60,7642,83,541],[73.3,89],[66.7,541],[66.7,8686],[73.3,89]];
var addUpHalf = [180,40,45,10,225,50,[56.7,7642],[63.3,39],[73.3,89],[80,39],[66.7,7642],[73.3,13969]];
var lastUpdateTime = '2025-06-24 12:35:51';
