var arrLeague = [26,'瑞典超级联赛','瑞典超級聯賽','Swedish Allsvenskan','2020','#004488','league_match/images/20200420031221.jpg','瑞典超','瑞典超','SWE D1'];
var arrTeam = [[400,'索尔纳','AIK蘇納','AIK Solna','','images/400/1h8asp945qp.png',0],[404,'赫尔辛堡','希爾星堡','Helsingborg','','images/404/1h4yn3a5rr27.png',0],[408,'马尔默','馬模','Malmo FF','','images/408/1hptap45j3v.png',0],[410,'哈马比','哈馬比','Hammarby','','images/410/1h6wfe05rw26.png',0],[413,'哥德堡','哥登堡','IFK Goteborg','','images/413/1hg209brnt23.png',0],[417,'埃尔夫斯堡','艾夫斯堡','Elfsborg','','images/417/1h8wtxnzmc2g.png',0],[419,'奥雷布洛','奧雷布洛','Orebro','','images/419/1htbmr8n137.png',0],[421,'尤尔加登','佐加頓斯','Djurgardens','','images/421/1gv1yreqw82.png',0],[426,'卡尔马','卡馬亞','Kalmar','','images/426/1h6wfe05rcg.png',0],[1518,'赫根','赫根','Hacken','','images/1518/1h53w2zt69f.png',0],[1527,'法尔肯堡','科根堡','Falkenberg','','images/1527/1h8fzp9tb626.png',0],[2091,'米亚尔比','米贊比','Mjallby AIF','','images/2091/1h8fzp9swxp.png',0],[2156,'奥斯特桑斯','奧斯達辛斯','Ostersunds FK','','images/2156/1h8fzp9swx2r.png',0],[2165,'北雪平','諾高平','IFK Norrkoping FK','','images/2165/1ht6ehmpr52t.png',0],[2782,'天狼星','天狼星','IK Sirius FK','','images/2782/1h8wtxnzmj9.png',0],[4242,'瓦尔贝里','華保斯FC','Varbergs BoIS FC','','images/4242/1hrgc61tqk0.png',0]];
var TotalPanLu = [[1,2091,30,7,5,18,18,3,9,9,60,10,30],[2,417,30,16,5,9,17,1,12,5,56.7,3.3,40],[3,419,30,5,4,21,17,1,12,5,56.7,3.3,40],[4,4242,30,5,5,20,16,3,11,5,53.3,10,36.7],[5,2156,30,2,6,22,16,2,12,4,53.3,6.7,40],[6,1527,30,2,3,25,15,2,13,2,50,6.7,43.3],[7,2165,30,22,4,4,15,0,15,0,50,0,50],[8,2782,30,8,6,16,14,4,12,2,46.7,13.3,40],[9,404,30,4,5,21,14,2,14,0,46.7,6.7,46.7],[10,400,30,16,7,7,13,3,14,-1,43.3,10,46.7],[11,426,30,8,5,17,12,4,14,-2,40,13.3,46.7],[12,413,30,14,5,11,12,2,16,-4,40,6.7,53.3],[13,408,30,27,3,0,11,4,15,-4,36.7,13.3,50],[14,421,30,23,5,2,11,3,16,-5,36.7,10,53.3],[15,1518,30,22,3,5,11,2,17,-6,36.7,6.7,56.7],[16,410,30,20,7,3,9,2,19,-10,30,6.7,63.3]];
var HomePanLu = [[1,419,15,5,2,8,10,0,5,5,66.7,0,33.3],[2,2091,15,7,3,5,9,1,5,4,60,6.7,33.3],[3,4242,15,5,2,8,8,1,6,2,53.3,6.7,40],[4,408,15,15,0,0,7,2,6,1,46.7,13.3,40],[5,404,15,4,4,7,7,1,7,0,46.7,6.7,46.7],[6,417,15,10,3,2,7,1,7,0,46.7,6.7,46.7],[7,1518,15,12,2,1,7,1,7,0,46.7,6.7,46.7],[8,1527,15,2,3,10,7,0,8,-1,46.7,0,53.3],[9,2165,15,13,1,1,7,0,8,-1,46.7,0,53.3],[10,2782,15,7,2,6,6,3,6,0,40,20,40],[11,400,15,11,3,1,6,1,8,-2,40,6.7,53.3],[12,421,15,14,1,0,4,2,9,-5,26.7,13.3,60],[13,426,15,5,4,6,4,2,9,-5,26.7,13.3,60],[14,2156,15,2,4,9,4,2,9,-5,26.7,13.3,60],[15,413,15,9,2,4,4,0,11,-7,26.7,0,73.3],[16,410,15,12,3,0,3,2,10,-7,20,13.3,66.7]];
var GuestPanLu = [[1,2156,15,0,2,13,12,0,3,9,80,0,20],[2,417,15,6,2,7,10,0,5,5,66.7,0,33.3],[3,2091,15,0,2,13,9,2,4,5,60,13.3,26.7],[4,1527,15,0,0,15,8,2,5,3,53.3,13.3,33.3],[5,4242,15,0,3,12,8,2,5,3,53.3,13.3,33.3],[6,426,15,3,1,11,8,2,5,3,53.3,13.3,33.3],[7,413,15,5,3,7,8,2,5,3,53.3,13.3,33.3],[8,2782,15,1,4,10,8,1,6,2,53.3,6.7,40],[9,2165,15,9,3,3,8,0,7,1,53.3,0,46.7],[10,400,15,5,4,6,7,2,6,1,46.7,13.3,40],[11,404,15,0,1,14,7,1,7,0,46.7,6.7,46.7],[12,419,15,0,2,13,7,1,7,0,46.7,6.7,46.7],[13,421,15,9,4,2,7,1,7,0,46.7,6.7,46.7],[14,410,15,8,4,3,6,0,9,-3,40,0,60],[15,408,15,12,3,0,4,2,9,-5,26.7,13.3,60],[16,1518,15,10,1,4,4,1,10,-6,26.7,6.7,66.7]];
var TotalHalfPanLu = [[1,419,30,3,10,17,20,4,6,14,66.7,13.3,20],[2,408,30,24,6,0,17,1,12,5,56.7,3.3,40],[3,2091,30,5,11,14,15,6,9,6,50,20,30],[4,1527,30,0,10,20,15,5,10,5,50,16.7,33.3],[5,2782,30,6,9,15,14,5,11,3,46.7,16.7,36.7],[6,2156,30,1,8,21,14,5,11,3,46.7,16.7,36.7],[7,417,30,15,8,7,13,4,13,0,43.3,13.3,43.3],[8,413,30,13,9,8,12,4,14,-2,40,13.3,46.7],[9,404,30,2,8,20,12,4,14,-2,40,13.3,46.7],[10,1518,30,18,10,2,12,2,16,-4,40,6.7,53.3],[11,426,30,3,13,14,11,8,11,0,36.7,26.7,36.7],[12,4242,30,3,10,17,11,7,12,-1,36.7,23.3,40],[13,2165,30,21,8,1,11,2,17,-6,36.7,6.7,56.7],[14,410,30,18,9,3,11,2,17,-6,36.7,6.7,56.7],[15,421,30,20,9,1,9,3,18,-9,30,10,60],[16,400,30,12,14,4,8,8,14,-6,26.7,26.7,46.7]];
var HomeHalfPanLu = [[1,419,15,3,4,8,9,2,4,5,60,13.3,26.7],[2,408,15,14,1,0,9,0,6,3,60,0,40],[3,1518,15,10,5,0,8,0,7,1,53.3,0,46.7],[4,1527,15,0,8,7,7,5,3,4,46.7,33.3,20],[5,2156,15,1,6,8,7,3,5,2,46.7,20,33.3],[6,404,15,2,6,7,7,3,5,2,46.7,20,33.3],[7,2091,15,5,5,5,7,0,8,-1,46.7,0,53.3],[8,2782,15,6,3,6,6,2,7,-1,40,13.3,46.7],[9,417,15,10,3,2,6,2,7,-1,40,13.3,46.7],[10,410,15,10,5,0,6,1,8,-2,40,6.7,53.3],[11,2165,15,13,2,0,5,1,9,-4,33.3,6.7,60],[12,426,15,3,8,4,4,6,5,-1,26.7,40,33.3],[13,4242,15,3,6,6,4,5,6,-2,26.7,33.3,40],[14,413,15,9,5,1,4,2,9,-5,26.7,13.3,60],[15,400,15,9,6,0,4,2,9,-5,26.7,13.3,60],[16,421,15,12,3,0,3,1,11,-8,20,6.7,73.3]];
var GuestHalfPanLu = [[1,419,15,0,6,9,11,2,2,9,73.3,13.3,13.3],[2,2091,15,0,6,9,8,6,1,7,53.3,40,6.7],[3,2782,15,0,6,9,8,3,4,4,53.3,20,26.7],[4,413,15,4,4,7,8,2,5,3,53.3,13.3,33.3],[5,408,15,10,5,0,8,1,6,2,53.3,6.7,40],[6,1527,15,0,2,13,8,0,7,1,53.3,0,46.7],[7,4242,15,0,4,11,7,2,6,1,46.7,13.3,40],[8,2156,15,0,2,13,7,2,6,1,46.7,13.3,40],[9,426,15,0,5,10,7,2,6,1,46.7,13.3,40],[10,417,15,5,5,5,7,2,6,1,46.7,13.3,40],[11,421,15,8,6,1,6,2,7,-1,40,13.3,46.7],[12,2165,15,8,6,1,6,1,8,-2,40,6.7,53.3],[13,410,15,8,4,3,5,1,9,-4,33.3,6.7,60],[14,404,15,0,2,13,5,1,9,-4,33.3,6.7,60],[15,400,15,3,8,4,4,6,5,-1,26.7,40,33.3],[16,1518,15,8,5,2,4,2,9,-5,26.7,13.3,60]];
var addUp = [100,41.7,19,7.9,121,50.4,[60,2091],[63.3,410],[66.7,419],[73.3,413],[80,2156],[66.7,1518],[13.3,2782,426,408],[0,2165]];
var addUpHalf = [96,40,35,14.6,109,45.4,[66.7,419],[60,421],[60,419,408],[73.3,421],[73.3,419],[60,410,404,1518],[26.7,426,400],[3.3,408]];
var lastUpdateTime = '2025-01-18 17:48:57';
