var arrLeague = [26,'瑞典超级联赛','瑞典超級聯賽','Swedish Allsvenskan','2020','#004488','league_match/images/20200420031221.jpg','瑞典超','瑞典超','SWE D1'];
var arrTeam = [[400,'索尔纳','AIK蘇納','AIK Solna','','images/400/1h8asp945qp.png',0],[404,'赫尔辛堡','希爾星堡','Helsingborg','','images/404/1h4yn3a5rr27.png',0],[408,'马尔默','馬模','Malmo FF','','images/408/1hptap45j3v.png',0],[410,'哈马比','哈馬比','Hammarby','','images/410/1h6wfe05rw26.png',0],[413,'哥德堡','哥登堡','IFK Goteborg','','images/413/1hg209brnt23.png',0],[417,'埃尔夫斯堡','艾夫斯堡','Elfsborg','','images/417/1h8wtxnzmc2g.png',0],[419,'奥雷布洛','奧雷布洛','Orebro','','images/419/1htbmr8n137.png',0],[421,'尤尔加登','佐加頓斯','Djurgardens','','images/421/1gv1yreqw82.png',0],[426,'卡尔马','卡馬亞','Kalmar','','images/426/1h6wfe05rcg.png',0],[1518,'赫根','赫根','Hacken','','images/1518/1h53w2zt69f.png',0],[1527,'法尔肯堡','科根堡','Falkenberg','','images/1527/1h8fzp9tb626.png',0],[2091,'米亚尔比','米贊比','Mjallby AIF','','images/2091/1h8fzp9swxp.png',0],[2156,'奥斯特桑斯','奧斯達辛斯','Ostersunds FK','','images/2156/1h8fzp9swx2r.png',0],[2165,'北雪平','諾高平','IFK Norrkoping FK','','images/2165/1ht6ehmpr52t.png',0],[2782,'天狼星','天狼星','IK Sirius FK','','images/2782/1h8wtxnzmj9.png',0],[4242,'瓦尔贝里','華保斯FC','Varbergs BoIS FC','','images/4242/1hrgc61tqk0.png',0]];
var TotalBs = [[1,410,30,19,0,11,63.3,0,36.7],[2,408,30,18,2,10,60,6.7,33.3],[3,2165,30,18,2,10,60,6.7,33.3],[4,2091,30,18,0,12,60,0,40],[5,421,30,18,0,12,60,0,40],[6,4242,30,17,0,13,56.7,0,43.3],[7,2782,30,16,2,12,53.3,6.7,40],[8,426,30,16,0,14,53.3,0,46.7],[9,1527,30,15,3,12,50,10,40],[10,417,30,15,1,14,50,3.3,46.7],[11,1518,30,15,0,15,50,0,50],[12,413,30,15,0,15,50,0,50],[13,404,30,15,0,15,50,0,50],[14,2156,30,15,0,15,50,0,50],[15,419,30,14,2,14,46.7,6.7,46.7],[16,400,30,10,0,20,33.3,0,66.7]];
var HomeBs = [[1,2782,15,10,1,4,66.7,6.7,26.7],[2,4242,15,10,0,5,66.7,0,33.3],[3,2091,15,10,0,5,66.7,0,33.3],[4,421,15,10,0,5,66.7,0,33.3],[5,1518,15,9,0,6,60,0,40],[6,408,15,8,2,5,53.3,13.3,33.3],[7,417,15,8,1,6,53.3,6.7,40],[8,1527,15,8,1,6,53.3,6.7,40],[9,2165,15,8,1,6,53.3,6.7,40],[10,413,15,8,0,7,53.3,0,46.7],[11,2156,15,8,0,7,53.3,0,46.7],[12,419,15,8,0,7,53.3,0,46.7],[13,426,15,8,0,7,53.3,0,46.7],[14,410,15,6,0,9,40,0,60],[15,400,15,4,0,11,26.7,0,73.3],[16,404,15,4,0,11,26.7,0,73.3]];
var GuestBs = [[1,410,15,13,0,2,86.7,0,13.3],[2,404,15,11,0,4,73.3,0,26.7],[3,2165,15,10,1,4,66.7,6.7,26.7],[4,408,15,10,0,5,66.7,0,33.3],[5,421,15,8,0,7,53.3,0,46.7],[6,426,15,8,0,7,53.3,0,46.7],[7,2091,15,8,0,7,53.3,0,46.7],[8,1527,15,7,2,6,46.7,13.3,40],[9,2156,15,7,0,8,46.7,0,53.3],[10,4242,15,7,0,8,46.7,0,53.3],[11,413,15,7,0,8,46.7,0,53.3],[12,417,15,7,0,8,46.7,0,53.3],[13,419,15,6,2,7,40,13.3,46.7],[14,2782,15,6,1,8,40,6.7,53.3],[15,400,15,6,0,9,40,0,60],[16,1518,15,6,0,9,40,0,60]];
var TotalBsHalf = [[1,2165,30,15,5,10,50,16.7,33.3],[2,408,30,14,10,6,46.7,33.3,20],[3,417,30,14,5,11,46.7,16.7,36.7],[4,4242,30,13,6,11,43.3,20,36.7],[5,426,30,12,10,8,40,33.3,26.7],[6,1527,30,12,5,13,40,16.7,43.3],[7,413,30,11,13,6,36.7,43.3,20],[8,421,30,10,11,9,33.3,36.7,30],[9,2091,30,10,9,11,33.3,30,36.7],[10,1518,30,10,8,12,33.3,26.7,40],[11,404,30,10,7,13,33.3,23.3,43.3],[12,2782,30,10,6,14,33.3,20,46.7],[13,400,30,9,6,15,30,20,50],[14,410,30,9,3,18,30,10,60],[15,419,30,8,9,13,26.7,30,43.3],[16,2156,30,7,7,16,23.3,23.3,53.3]];
var HomeBsHalf = [[1,408,15,9,3,3,60,20,20],[2,4242,15,8,2,5,53.3,13.3,33.3],[3,426,15,7,3,5,46.7,20,33.3],[4,1527,15,7,3,5,46.7,20,33.3],[5,417,15,7,2,6,46.7,13.3,40],[6,2782,15,6,4,5,40,26.7,33.3],[7,413,15,5,8,2,33.3,53.3,13.3],[8,2091,15,5,7,3,33.3,46.7,20],[9,421,15,5,5,5,33.3,33.3,33.3],[10,419,15,5,2,8,33.3,13.3,53.3],[11,2165,15,5,2,8,33.3,13.3,53.3],[12,1518,15,4,7,4,26.7,46.7,26.7],[13,400,15,4,4,7,26.7,26.7,46.7],[14,2156,15,4,3,8,26.7,20,53.3],[15,410,15,4,1,10,26.7,6.7,66.7],[16,404,15,2,4,9,13.3,26.7,60]];
var GuestBsHalf = [[1,2165,15,10,3,2,66.7,20,13.3],[2,404,15,8,3,4,53.3,20,26.7],[3,417,15,7,3,5,46.7,20,33.3],[4,413,15,6,5,4,40,33.3,26.7],[5,1518,15,6,1,8,40,6.7,53.3],[6,408,15,5,7,3,33.3,46.7,20],[7,426,15,5,7,3,33.3,46.7,20],[8,421,15,5,6,4,33.3,40,26.7],[9,4242,15,5,4,6,33.3,26.7,40],[10,1527,15,5,2,8,33.3,13.3,53.3],[11,2091,15,5,2,8,33.3,13.3,53.3],[12,410,15,5,2,8,33.3,13.3,53.3],[13,400,15,5,2,8,33.3,13.3,53.3],[14,2782,15,4,2,9,26.7,13.3,60],[15,419,15,3,7,5,20,46.7,33.3],[16,2156,15,3,4,8,20,26.7,53.3]];
var addUp = [254,52.9,12,2.5,214,44.6,[63.3,410],[66.7,400],[66.7,2782,4242,2091,421],[73.3,400,404],[86.7,410],[60,400,1518]];
var addUpHalf = [174,36.2,120,25,186,38.8,[50,2165],[60,410],[60,408],[66.7,410],[66.7,2165],[60,2782]];
var lastUpdateTime = '2025-01-18 17:49:04';
