var arrLeague = [36,'英格兰超级联赛','英格蘭超級聯賽','English Premier League','2021-2022','#FF3333','league_match/images/164577482086.png','英超','英超','ENG PR'];
var arrTeam = [[19,'阿森纳','阿仙奴','Arsenal','','images/164577419697.png',0],[20,'阿斯顿维拉','阿士東維拉','Aston Villa','','images/1hzrbdqcqe1x.png',0],[24,'切尔西','車路士','Chelsea','','images/164577409120.png',0],[25,'利物浦','利物浦','Liverpool','','images/1j6np822z82a.png',0],[26,'曼彻斯特城','曼城','Manchester City','','images/164577478031.png',0],[27,'曼彻斯特联','曼聯','Manchester United','','images/164577479190.png',0],[28,'纽卡斯尔联','紐卡素','Newcastle United','','images/164577474623.png',0],[30,'南安普敦','修咸頓','Southampton','','images/164577463784.png',0],[31,'埃弗顿','愛華頓','Everton','','images/164577449385.png',0],[33,'托特纳姆热刺','熱刺','Tottenham Hotspur','','images/1jdbdk17e62x.png',0],[34,'诺维奇','諾域治','Norwich City','','images/165900268751.png',0],[35,'水晶宫','水晶宮','Crystal Palace','','images/164577426766.png',0],[46,'伯恩利','般尼','Burnley','','images/1h99zdamy01a.png',0],[52,'狼队','狼隊','Wolves','','images/164577451783.png',0],[53,'沃特福德','屈福特','Watford','','images/164601828730.png',0],[56,'利兹联','列斯聯','Leeds United','','images/164577434254.png',0],[59,'莱斯特城','李斯特城','Leicester City','','images/164577432827.png',0],[60,'布莱顿','白禮頓','Brighton Hove Albion','','images/164577420829.png',0],[62,'西汉姆联','韋斯咸','West Ham United','','images/164577453830.png',0],[365,'布伦特福德','賓福特','Brentford','','images/164601812119.png',0]];
var TotalBs = [[1,59,38,24,0,14,63.2,0,36.8],[2,56,38,23,1,14,60.5,2.6,36.8],[3,33,38,22,0,16,57.9,0,42.1],[4,34,38,22,0,16,57.9,0,42.1],[5,365,38,21,1,16,55.3,2.6,42.1],[6,62,38,21,0,17,55.3,0,44.7],[7,30,38,21,0,17,55.3,0,44.7],[8,19,38,20,2,16,52.6,5.3,42.1],[9,20,38,20,2,16,52.6,5.3,42.1],[10,31,38,20,0,18,52.6,0,47.4],[11,53,38,20,0,18,52.6,0,47.4],[12,27,38,19,0,19,50,0,50],[13,26,38,18,3,17,47.4,7.9,44.7],[14,25,38,18,2,18,47.4,5.3,47.4],[15,24,38,18,1,19,47.4,2.6,50],[16,28,38,18,0,20,47.4,0,52.6],[17,35,38,17,1,20,44.7,2.6,52.6],[18,46,38,14,0,24,36.8,0,63.2],[19,52,38,14,0,24,36.8,0,63.2],[20,60,38,12,1,25,31.6,2.6,65.8]];
var HomeBs = [[1,53,19,13,0,6,68.4,0,31.6],[2,33,19,13,0,6,68.4,0,31.6],[3,34,19,12,0,7,63.2,0,36.8],[4,59,19,12,0,7,63.2,0,36.8],[5,62,19,12,0,7,63.2,0,36.8],[6,56,19,11,0,8,57.9,0,42.1],[7,26,19,10,1,8,52.6,5.3,42.1],[8,19,19,9,2,8,47.4,10.5,42.1],[9,20,19,9,2,8,47.4,10.5,42.1],[10,25,19,9,1,9,47.4,5.3,47.4],[11,28,19,9,0,10,47.4,0,52.6],[12,52,19,9,0,10,47.4,0,52.6],[13,31,19,9,0,10,47.4,0,52.6],[14,35,19,9,0,10,47.4,0,52.6],[15,365,19,9,0,10,47.4,0,52.6],[16,24,19,8,1,10,42.1,5.3,52.6],[17,27,19,8,0,11,42.1,0,57.9],[18,46,19,7,0,12,36.8,0,63.2],[19,30,19,7,0,12,36.8,0,63.2],[20,60,19,6,0,13,31.6,0,68.4]];
var GuestBs = [[1,30,19,14,0,5,73.7,0,26.3],[2,365,19,12,1,6,63.2,5.3,31.6],[3,56,19,12,1,6,63.2,5.3,31.6],[4,59,19,12,0,7,63.2,0,36.8],[5,31,19,11,0,8,57.9,0,42.1],[6,19,19,11,0,8,57.9,0,42.1],[7,27,19,11,0,8,57.9,0,42.1],[8,20,19,11,0,8,57.9,0,42.1],[9,24,19,10,0,9,52.6,0,47.4],[10,34,19,10,0,9,52.6,0,47.4],[11,25,19,9,1,9,47.4,5.3,47.4],[12,28,19,9,0,10,47.4,0,52.6],[13,62,19,9,0,10,47.4,0,52.6],[14,33,19,9,0,10,47.4,0,52.6],[15,26,19,8,2,9,42.1,10.5,47.4],[16,35,19,8,1,10,42.1,5.3,52.6],[17,46,19,7,0,12,36.8,0,63.2],[18,53,19,7,0,12,36.8,0,63.2],[19,60,19,6,1,12,31.6,5.3,63.2],[20,52,19,5,0,14,26.3,0,73.7]];
var TotalBsHalf = [[1,59,38,20,5,13,52.6,13.2,34.2],[2,30,38,18,9,11,47.4,23.7,28.9],[3,19,38,18,7,13,47.4,18.4,34.2],[4,53,38,18,7,13,47.4,18.4,34.2],[5,25,38,18,1,19,47.4,2.6,50],[6,28,38,17,7,14,44.7,18.4,36.8],[7,35,38,17,7,14,44.7,18.4,36.8],[8,26,38,17,0,21,44.7,0,55.3],[9,31,38,16,9,13,42.1,23.7,34.2],[10,33,38,16,7,15,42.1,18.4,39.5],[11,34,38,16,6,16,42.1,15.8,42.1],[12,365,38,15,8,15,39.5,21.1,39.5],[13,52,38,15,5,18,39.5,13.2,47.4],[14,62,38,14,8,16,36.8,21.1,42.1],[15,56,38,14,8,16,36.8,21.1,42.1],[16,46,38,14,7,17,36.8,18.4,44.7],[17,24,38,14,3,21,36.8,7.9,55.3],[18,20,38,13,14,11,34.2,36.8,28.9],[19,60,38,13,13,12,34.2,34.2,31.6],[20,27,38,13,9,16,34.2,23.7,42.1]];
var HomeBsHalf = [[1,52,19,12,2,5,63.2,10.5,26.3],[2,53,19,11,4,4,57.9,21.1,21.1],[3,34,19,11,2,6,57.9,10.5,31.6],[4,59,19,10,1,8,52.6,5.3,42.1],[5,35,19,9,3,7,47.4,15.8,36.8],[6,28,19,9,3,7,47.4,15.8,36.8],[7,26,19,9,0,10,47.4,0,52.6],[8,20,19,8,6,5,42.1,31.6,26.3],[9,30,19,8,5,6,42.1,26.3,31.6],[10,33,19,8,4,7,42.1,21.1,36.8],[11,62,19,7,7,5,36.8,36.8,26.3],[12,19,19,7,3,9,36.8,15.8,47.4],[13,46,19,7,3,9,36.8,15.8,47.4],[14,25,19,7,0,12,36.8,0,63.2],[15,60,19,6,8,5,31.6,42.1,26.3],[16,31,19,6,6,7,31.6,31.6,36.8],[17,365,19,6,3,10,31.6,15.8,52.6],[18,27,19,6,3,10,31.6,15.8,52.6],[19,24,19,6,1,12,31.6,5.3,63.2],[20,56,19,5,6,8,26.3,31.6,42.1]];
var GuestBsHalf = [[1,19,19,11,4,4,57.9,21.1,21.1],[2,25,19,11,1,7,57.9,5.3,36.8],[3,30,19,10,4,5,52.6,21.1,26.3],[4,59,19,10,4,5,52.6,21.1,26.3],[5,31,19,10,3,6,52.6,15.8,31.6],[6,365,19,9,5,5,47.4,26.3,26.3],[7,56,19,9,2,8,47.4,10.5,42.1],[8,35,19,8,4,7,42.1,21.1,36.8],[9,28,19,8,4,7,42.1,21.1,36.8],[10,33,19,8,3,8,42.1,15.8,42.1],[11,24,19,8,2,9,42.1,10.5,47.4],[12,26,19,8,0,11,42.1,0,57.9],[13,27,19,7,6,6,36.8,31.6,31.6],[14,60,19,7,5,7,36.8,26.3,36.8],[15,46,19,7,4,8,36.8,21.1,42.1],[16,53,19,7,3,9,36.8,15.8,47.4],[17,62,19,7,1,11,36.8,5.3,57.9],[18,20,19,5,8,6,26.3,42.1,31.6],[19,34,19,5,4,10,26.3,21.1,52.6],[20,52,19,3,3,13,15.8,15.8,68.4]];
var addUp = [382,50.3,14,1.8,364,47.9,[63.2,59],[65.8,60],[68.4,53,33],[68.4,60],[73.7,30],[73.7,52]];
var addUpHalf = [316,41.6,140,18.4,304,40,[52.6,59],[55.3,26,24],[63.2,52],[63.2,25,24],[57.9,19,25],[68.4,52]];
var lastUpdateTime = '2025-01-18 15:35:59';
