var arrLeague = [25,'日本职业联赛J1','日本職業聯賽J1','Japan J1 League','2015','#009900','league_match/images/20130413112735.jpg','日职联','日職聯','JPN D1'];
var arrTeam = [[178,'新泻天鹅','新潟天鵝','Albirex Niigata','','images/178/1gtzd3qtet5.png',0],[181,'名古屋鲸八','名古屋八鯨','Nagoya Grampus','','images/181/1kkqp8ga5a1e.png',0],[188,'浦和红钻','浦和紅鑽','Urawa Red Diamonds','','images/188/1gtzcts2pj1a.png',0],[190,'鹿岛鹿角','鹿島鹿角','Kashima Antlers','','images/190/1gtzcts261m.png',0],[196,'横滨水手','橫濱水手','Yokohama Marinos','','images/196/1gtzcts26eq.png',0],[201,'FC东京','FC東京','FC Tokyo','','images/1jqk6vdj212v.png',0],[203,'神户胜利船','神戶勝利船','Vissel Kobe','','images/203/1gtzcts1qh1b.png',0],[204,'清水鼓动','清水心跳','Shimizu S-Pulse','','images/204/1gtzcts2p01p.png',0],[206,'广岛三箭','廣島三箭','Hiroshima Sanfrecce','','images/206/1gtzcts1qj1h.png',0],[207,'大阪钢巴','大阪飛腳','Gamba Osaka','','images/207/1gtzd3qtya20.png',0],[209,'柏太阳神','柏雷素爾','Kashiwa Reysol','','images/209/1gtzcts3612j.png',0],[1612,'湘南海洋','湘南比馬','Shonan Bellmare','','images/1612/1gtzcts2pg27.png',0],[1989,'川崎前锋','川崎前鋒','Kawasaki Frontale','','images/1989/1gtzcts26x2r.png',0],[3162,'甲府风林','甲府風林','Ventforet Kofu','','images/3162/1h53w49p6r20.png',0],[3164,'鸟栖沙岩','鳥栖沙岩','Sagan Tosu','','images/3164/1gtzcts2pxc.png',0],[3165,'山形山神','山形山神','Montedio Yamagata','','images/3165/1h53w5e0fn2.png',0],[3193,'仙台维加泰','仙台維加泰','Vegalta Sendai','','images/3193/1h53w49ppqd.png',0],[9030,'松本山雅','松本山雅','Matsumoto Yamaga FC','','images/9030/1jrc38rd901e.png',0]];
var TotalBs = [[1,190,34,22,0,12,64.7,0,35.3],[2,204,34,21,0,13,61.8,0,38.2],[3,1989,34,20,0,14,58.8,0,41.2],[4,188,35,20,0,15,57.1,0,42.9],[5,206,36,19,0,17,52.8,0,47.2],[6,178,34,18,0,16,52.9,0,47.1],[7,207,37,18,0,19,48.6,0,51.4],[8,209,34,17,0,17,50,0,50],[9,1612,34,17,0,17,50,0,50],[10,181,34,16,0,18,47.1,0,52.9],[11,3164,34,16,0,18,47.1,0,52.9],[12,201,34,16,0,18,47.1,0,52.9],[13,203,34,16,0,18,47.1,0,52.9],[14,3165,34,15,1,18,44.1,2.9,52.9],[15,9030,34,15,1,18,44.1,2.9,52.9],[16,3193,34,15,0,19,44.1,0,55.9],[17,196,34,15,0,19,44.1,0,55.9],[18,3162,34,8,2,24,23.5,5.9,70.6]];
var HomeBs = [[1,204,17,12,0,5,70.6,0,29.4],[2,190,17,12,0,5,70.6,0,29.4],[3,3193,17,11,0,6,64.7,0,35.3],[4,9030,17,10,1,6,58.8,5.9,35.3],[5,1989,17,10,0,7,58.8,0,41.2],[6,201,17,10,0,7,58.8,0,41.2],[7,3165,17,9,0,8,52.9,0,47.1],[8,207,18,9,0,9,50,0,50],[9,203,17,8,0,9,47.1,0,52.9],[10,1612,17,8,0,9,47.1,0,52.9],[11,181,17,8,0,9,47.1,0,52.9],[12,188,18,8,0,10,44.4,0,55.6],[13,209,17,7,0,10,41.2,0,58.8],[14,196,17,7,0,10,41.2,0,58.8],[15,178,17,7,0,10,41.2,0,58.8],[16,206,18,7,0,11,38.9,0,61.1],[17,3164,17,6,0,11,35.3,0,64.7],[18,3162,17,3,1,13,17.6,5.9,76.5]];
var GuestBs = [[1,188,17,12,0,5,70.6,0,29.4],[2,206,18,12,0,6,66.7,0,33.3],[3,178,17,11,0,6,64.7,0,35.3],[4,3164,17,10,0,7,58.8,0,41.2],[5,209,17,10,0,7,58.8,0,41.2],[6,1989,17,10,0,7,58.8,0,41.2],[7,190,17,10,0,7,58.8,0,41.2],[8,1612,17,9,0,8,52.9,0,47.1],[9,204,17,9,0,8,52.9,0,47.1],[10,207,19,9,0,10,47.4,0,52.6],[11,203,17,8,0,9,47.1,0,52.9],[12,181,17,8,0,9,47.1,0,52.9],[13,196,17,8,0,9,47.1,0,52.9],[14,3165,17,6,1,10,35.3,5.9,58.8],[15,201,17,6,0,11,35.3,0,64.7],[16,3162,17,5,1,11,29.4,5.9,64.7],[17,9030,17,5,0,12,29.4,0,70.6],[18,3193,17,4,0,13,23.5,0,76.5]];
var TotalBsHalf = [[1,188,35,16,8,11,45.7,22.9,31.4],[2,206,36,15,10,11,41.7,27.8,30.6],[3,3162,34,14,3,17,41.2,8.8,50],[4,1989,34,13,10,11,38.2,29.4,32.4],[5,196,34,12,13,9,35.3,38.2,26.5],[6,190,34,11,14,9,32.4,41.2,26.5],[7,9030,32,11,11,10,34.4,34.4,31.2],[8,178,33,11,11,11,33.3,33.3,33.3],[9,181,33,11,11,11,33.3,33.3,33.3],[10,3164,33,11,9,13,33.3,27.3,39.4],[11,3165,33,11,5,17,33.3,15.2,51.5],[12,204,32,10,13,9,31.2,40.6,28.1],[13,203,33,10,12,11,30.3,36.4,33.3],[14,209,34,10,12,12,29.4,35.3,35.3],[15,1612,32,9,12,11,28.1,37.5,34.4],[16,207,36,7,17,12,19.4,47.2,33.3],[17,3193,32,7,13,12,21.9,40.6,37.5],[18,201,34,7,15,12,20.6,44.1,35.3]];
var HomeBsHalf = [[1,204,17,7,8,2,41.2,47.1,11.8],[2,203,17,7,6,4,41.2,35.3,23.5],[3,9030,17,7,5,5,41.2,29.4,29.4],[4,181,17,7,4,6,41.2,23.5,35.3],[5,188,18,7,3,8,38.9,16.7,44.4],[6,196,17,6,6,5,35.3,35.3,29.4],[7,190,17,6,6,5,35.3,35.3,29.4],[8,209,17,6,6,5,35.3,35.3,29.4],[9,206,18,6,6,6,33.3,33.3,33.3],[10,3165,17,6,3,8,35.3,17.6,47.1],[11,3162,17,6,0,11,35.3,0,64.7],[12,178,17,5,6,6,29.4,35.3,35.3],[13,1989,17,5,6,6,29.4,35.3,35.3],[14,1612,17,5,5,7,29.4,29.4,41.2],[15,201,17,4,9,4,23.5,52.9,23.5],[16,3193,17,4,7,6,23.5,41.2,35.3],[17,3164,17,3,6,8,17.6,35.3,47.1],[18,207,18,2,10,6,11.1,55.6,33.3]];
var GuestBsHalf = [[1,188,17,9,5,3,52.9,29.4,17.6],[2,206,18,9,4,5,50,22.2,27.8],[3,3164,16,8,3,5,50,18.8,31.2],[4,1989,17,8,4,5,47.1,23.5,29.4],[5,3162,17,8,3,6,47.1,17.6,35.3],[6,196,17,6,7,4,35.3,41.2,23.5],[7,178,16,6,5,5,37.5,31.2,31.2],[8,190,17,5,8,4,29.4,47.1,23.5],[9,207,18,5,7,6,27.8,38.9,33.3],[10,3165,16,5,2,9,31.2,12.5,56.2],[11,1612,15,4,7,4,26.7,46.7,26.7],[12,181,16,4,7,5,25,43.8,31.2],[13,9030,15,4,6,5,26.7,40,33.3],[14,209,17,4,6,7,23.5,35.3,41.2],[15,3193,15,3,6,6,20,40,40],[16,204,15,3,5,7,20,33.3,46.7],[17,203,16,3,6,7,18.8,37.5,43.8],[18,201,17,3,6,8,17.6,35.3,47.1]];
var addUp = [304,49.2,4,0.6,310,50.2,[64.7,190],[70.6,3162],[70.6,204,190],[76.5,3162],[70.6,188],[76.5,3193]];
var addUpHalf = [196,32.5,199,32.9,209,34.6,[45.7,188],[51.5,3165],[41.2,204,203,9030,181],[64.7,3162],[52.9,188],[56.2,3165]];
var lastUpdateTime = '2026-04-08 08:56:01';
