var arrLeague = [12,'法国乙组联赛','法國乙組聯賽','France Ligue 2','2016-2017','#B1A7A7','league_match/images/1j5w0bknv81g.png','法乙','法乙','FRA D2'];
var arrTeam = [[194,'阿雅克肖','阿些斯奧','Ajaccio','','images/194/1h71ky6nm62v.png',0],[202,'朗斯','朗斯','Lens','','images/164871168519.png',0],[215,'欧塞尔','歐塞爾','AJ Auxerre','','images/215/1h71ky6nmw2f.png',0],[260,'斯特拉斯堡','史特拉斯堡','Strasbourg','','images/164871181440.png',0],[267,'索肖','索察','Sochaux','','images/267/1hke8b1sjc2k.png',0],[306,'布雷斯特','比斯特','Stade Brestois','','images/164871188569.png',0],[313,'克莱蒙','克萊蒙特','Clermont','','images/164871190892.png',0],[325,'尼奥特','尼奧特','Chamois Niortais','','images/20150714133215.png',0],[330,'拉瓦勒','拉瓦勒','Stade Lavallois MFC','','images/330/1h71kxn4191q.png',0],[333,'洛里昂','羅連安特','Lorient','','images/164871192161.png',0],[335,'勒阿弗尔','勒哈費爾','Le Havre','','images/335/1hkgsvdrhc1c.png',0],[366,'特鲁瓦','特魯瓦','Troyes','','images/164871194730.png',0],[382,'亚眠','阿美恩斯','Amiens','','images/382/1h71kxn41t2.png',0],[1744,'尼姆','尼姆','Nimes','','images/1744/1h5btqtznf2r.png',0],[2103,'图尔','杜亞斯','Tours','','images/2103/1jdxkkyk2j2v.png',0],[2104,'瓦朗谢纳','華倫西恩斯','Valenciennes','','images/2104/1h71kxn4hy7.png',0],[2141,'GFC阿雅克肖','GFCO阿些斯奧','Ajaccio Gfco','','images/201327164251.jpg',0],[4957,'兰斯','蘭斯','Reims','','images/164871196247.png',0],[5025,'奥兰斯','奧爾良','Orleans US 45','','images/5025/1h5bja71em6.png',0],[7052,'普瑞兰斯','布爾格','Bourg Peronnas','','images/7052/1hg20g3srq2j.png',0],[12220,'红星','紅星','Red Star FC 93','','images/12220/1j3p925km716.png',0]];
var TotalBs = [[1,2103,38,24,2,12,63.2,5.3,31.6],[2,325,38,21,4,13,55.3,10.5,34.2],[3,306,38,20,6,12,52.6,15.8,31.6],[4,194,38,19,9,10,50,23.7,26.3],[5,260,38,19,5,14,50,13.2,36.8],[6,382,38,19,4,15,50,10.5,39.5],[7,1744,38,19,0,19,50,0,50],[8,366,40,19,0,21,47.5,0,52.5],[9,7052,38,18,0,20,47.4,0,52.6],[10,12220,38,17,5,16,44.7,13.2,42.1],[11,5025,38,17,2,19,44.7,5.3,50],[12,2141,38,16,8,14,42.1,21.1,36.8],[13,313,38,16,4,18,42.1,10.5,47.4],[14,202,38,16,0,22,42.1,0,57.9],[15,267,38,15,6,17,39.5,15.8,44.7],[16,2104,38,15,1,22,39.5,2.6,57.9],[17,330,38,12,12,14,31.6,31.6,36.8],[18,4957,38,12,5,21,31.6,13.2,55.3],[19,335,38,10,8,20,26.3,21.1,52.6],[20,215,38,9,3,26,23.7,7.9,68.4],[21,333,2,1,0,1,50,0,50]];
var HomeBs = [[1,306,19,12,2,5,63.2,10.5,26.3],[2,325,19,12,2,5,63.2,10.5,26.3],[3,2103,19,12,2,5,63.2,10.5,26.3],[4,194,19,10,4,5,52.6,21.1,26.3],[5,260,19,9,2,8,47.4,10.5,42.1],[6,267,19,9,2,8,47.4,10.5,42.1],[7,382,19,9,2,8,47.4,10.5,42.1],[8,12220,19,9,2,8,47.4,10.5,42.1],[9,7052,19,9,0,10,47.4,0,52.6],[10,366,20,9,0,11,45,0,55],[11,5025,19,8,2,9,42.1,10.5,47.4],[12,2104,19,8,1,10,42.1,5.3,52.6],[13,330,19,7,6,6,36.8,31.6,31.6],[14,2141,19,7,5,7,36.8,26.3,36.8],[15,313,19,7,2,10,36.8,10.5,52.6],[16,202,19,7,0,12,36.8,0,63.2],[17,1744,19,7,0,12,36.8,0,63.2],[18,335,19,6,5,8,31.6,26.3,42.1],[19,4957,19,5,2,12,26.3,10.5,63.2],[20,215,19,5,1,13,26.3,5.3,68.4],[21,333,1,0,0,1,0,0,100]];
var GuestBs = [[1,1744,19,12,0,7,63.2,0,36.8],[2,2103,19,12,0,7,63.2,0,36.8],[3,260,19,10,3,6,52.6,15.8,31.6],[4,382,19,10,2,7,52.6,10.5,36.8],[5,366,20,10,0,10,50,0,50],[6,194,19,9,5,5,47.4,26.3,26.3],[7,2141,19,9,3,7,47.4,15.8,36.8],[8,313,19,9,2,8,47.4,10.5,42.1],[9,325,19,9,2,8,47.4,10.5,42.1],[10,202,19,9,0,10,47.4,0,52.6],[11,5025,19,9,0,10,47.4,0,52.6],[12,7052,19,9,0,10,47.4,0,52.6],[13,306,19,8,4,7,42.1,21.1,36.8],[14,12220,19,8,3,8,42.1,15.8,42.1],[15,4957,19,7,3,9,36.8,15.8,47.4],[16,2104,19,7,0,12,36.8,0,63.2],[17,267,19,6,4,9,31.6,21.1,47.4],[18,330,19,5,6,8,26.3,31.6,42.1],[19,335,19,4,3,12,21.1,15.8,63.2],[20,215,19,4,2,13,21.1,10.5,68.4],[21,333,1,1,0,0,100,0,0]];
var TotalBsHalf = [[1,2103,38,26,2,10,68.4,5.3,26.3],[2,194,38,25,3,10,65.8,7.9,26.3],[3,267,38,23,3,12,60.5,7.9,31.6],[4,306,38,23,3,12,60.5,7.9,31.6],[5,12220,38,23,3,12,60.5,7.9,31.6],[6,382,38,23,1,14,60.5,2.6,36.8],[7,260,38,22,3,13,57.9,7.9,34.2],[8,2141,38,21,6,11,55.3,15.8,28.9],[9,325,38,21,5,12,55.3,13.2,31.6],[10,366,39,20,10,9,51.3,25.6,23.1],[11,335,38,20,4,14,52.6,10.5,36.8],[12,202,38,20,3,15,52.6,7.9,39.5],[13,5025,38,20,3,15,52.6,7.9,39.5],[14,4957,38,19,4,15,50,10.5,39.5],[15,7052,38,18,7,13,47.4,18.4,34.2],[16,330,38,18,1,19,47.4,2.6,50],[17,1744,38,16,9,13,42.1,23.7,34.2],[18,313,38,15,7,16,39.5,18.4,42.1],[19,215,38,13,5,20,34.2,13.2,52.6],[20,2104,38,12,7,19,31.6,18.4,50],[21,333,2,0,1,1,0,50,50]];
var HomeBsHalf = [[1,267,19,15,1,3,78.9,5.3,15.8],[2,306,19,15,0,4,78.9,0,21.1],[3,325,19,14,1,4,73.7,5.3,21.1],[4,260,19,13,1,5,68.4,5.3,26.3],[5,12220,19,12,2,5,63.2,10.5,26.3],[6,2103,19,12,0,7,63.2,0,36.8],[7,2141,19,11,3,5,57.9,15.8,26.3],[8,194,19,11,2,6,57.9,10.5,31.6],[9,335,19,11,1,7,57.9,5.3,36.8],[10,382,19,11,0,8,57.9,0,42.1],[11,4957,19,9,4,6,47.4,21.1,31.6],[12,5025,19,9,1,9,47.4,5.3,47.4],[13,330,19,9,1,9,47.4,5.3,47.4],[14,366,20,8,8,4,40,40,20],[15,7052,19,8,4,7,42.1,21.1,36.8],[16,215,19,8,2,9,42.1,10.5,47.4],[17,202,19,7,2,10,36.8,10.5,52.6],[18,1744,19,6,5,8,31.6,26.3,42.1],[19,2104,19,5,4,10,26.3,21.1,52.6],[20,313,19,5,3,11,26.3,15.8,57.9],[21,333,1,0,0,1,0,0,100]];
var GuestBsHalf = [[1,2103,19,14,2,3,73.7,10.5,15.8],[2,194,19,14,1,4,73.7,5.3,21.1],[3,202,19,13,1,5,68.4,5.3,26.3],[4,366,19,12,2,5,63.2,10.5,26.3],[5,382,19,12,1,6,63.2,5.3,31.6],[6,5025,19,11,2,6,57.9,10.5,31.6],[7,12220,19,11,1,7,57.9,5.3,36.8],[8,1744,19,10,4,5,52.6,21.1,26.3],[9,313,19,10,4,5,52.6,21.1,26.3],[10,2141,19,10,3,6,52.6,15.8,31.6],[11,7052,19,10,3,6,52.6,15.8,31.6],[12,4957,19,10,0,9,52.6,0,47.4],[13,335,19,9,3,7,47.4,15.8,36.8],[14,260,19,9,2,8,47.4,10.5,42.1],[15,330,19,9,0,10,47.4,0,52.6],[16,306,19,8,3,8,42.1,15.8,42.1],[17,267,19,8,2,9,42.1,10.5,47.4],[18,325,19,7,4,8,36.8,21.1,42.1],[19,2104,19,7,3,9,36.8,15.8,47.4],[20,215,19,5,3,11,26.3,15.8,57.9],[21,333,1,0,1,0,0,100,0]];
var addUp = [334,43.7,84,11,346,45.3,[63.2,2103],[68.4,215],[63.2,306,325,2103],[100,333],[100,333],[68.4,215]];
var addUpHalf = [398,52.2,90,11.8,275,36,[68.4,2103],[52.6,215],[78.9,267,306],[100,333],[73.7,2103,194],[57.9,215]];
var lastUpdateTime = '2025-01-19 14:53:14';
