var arrLeague = [10,'俄罗斯超级联赛','俄羅斯超級聯賽','Russia Premier League','2023-2024','#006699','league_match/images/20200411092415.jpg','俄超','俄超','RUS PR'];
var arrTeam = [[300,'苏维埃之翼','蘇維杜夫','Krylya Sovetov','','images/165095551520.png',0],[395,'圣彼得堡泽尼特','聖彼德斯堡','Zenit St. Petersburg','','images/395/1hnyhx549p2m.png',0],[407,'莫斯科中央陆军','莫斯科中央陸軍','CSKA Moscow','','images/407/1gtqm0cjh91x.png',0],[411,'莫斯科斯巴达','莫斯科斯巴達','Spartak Moscow','','images/165095544593.png',0],[416,'莫斯科迪纳摩','莫斯科戴拿模','Dynamo Moscow','','images/416/1gtqm0cjhm20.png',0],[420,'莫斯科火车头','莫斯科火車頭','Lokomotiv Moscow','','images/165095543060.png',0],[429,'罗斯托夫','羅斯杜夫','Rostov FK','','images/165095539431.png',0],[441,'喀山红宝石','卡山魯賓','Rubin Kazan','','images/441/1gq15ejwg51f.png',0],[605,'格罗兹尼特里克','塔利克','Terek Grozny','','images/165095534661.png',0],[2450,'乌拉尔','烏拉爾','Ural Sverdlovsk Oblast','','images/165095556739.png',0],[2451,'索契','索契','FK Sochi','','images/2451/1gtqm0cjh82.png',0],[2465,'沃罗涅日火炬','法克爾','Fakel','','images/2465/1hm7w3cnbk1j.png',0],[4091,'巴蒂卡','巴提卡','Baltika Kaliningrad','','images/4091/1h6mra2akh1j.png',0],[5755,'奥伦堡加索维克','奧倫堡','Gazovik Orenburg','','images/5755/1heh20art832.png',0],[10112,'克拉斯诺达尔','克拉斯諾達爾','FC Krasnodar','','images/10112/1gtqm0cjha2q.png',0],[19764,'图拉兵工厂','圖拉兵工廠','Arsenal Tula','','images/165095553317.png',0],[25289,'诺夫哥罗德','諾夫哥羅德','FK Nizhny Novgorod','','images/25289/1gvvp55xq5j.png',0],[44198,'阿克伦托格里蒂','阿克倫托格里蒂','Akron Togliatti','','images/44198/1gq16mdze9z.png',0]];
var TotalBs = [[1,429,30,18,1,11,60,3.3,36.7],[2,416,30,18,0,12,60,0,40],[3,300,30,18,0,12,60,0,40],[4,407,30,17,0,13,56.7,0,43.3],[5,2450,32,16,0,16,50,0,50],[6,2451,29,14,1,14,48.3,3.4,48.3],[7,4091,30,14,1,15,46.7,3.3,50],[8,411,29,14,0,15,48.3,0,51.7],[9,420,30,14,1,15,46.7,3.3,50],[10,605,30,14,0,16,46.7,0,53.3],[11,5755,30,13,0,17,43.3,0,56.7],[12,441,30,12,0,18,40,0,60],[13,395,30,11,3,16,36.7,10,53.3],[14,10112,30,11,0,19,36.7,0,63.3],[15,25289,32,11,1,20,34.4,3.1,62.5],[16,2465,30,7,0,23,23.3,0,76.7],[17,44198,2,1,0,1,50,0,50],[18,19764,2,1,0,1,50,0,50]];
var HomeBs = [[1,429,15,11,0,4,73.3,0,26.7],[2,2450,16,10,0,6,62.5,0,37.5],[3,411,14,8,0,6,57.1,0,42.9],[4,605,15,8,0,7,53.3,0,46.7],[5,300,15,8,0,7,53.3,0,46.7],[6,407,15,8,0,7,53.3,0,46.7],[7,416,15,8,0,7,53.3,0,46.7],[8,4091,15,7,1,7,46.7,6.7,46.7],[9,5755,15,7,0,8,46.7,0,53.3],[10,2451,15,7,0,8,46.7,0,53.3],[11,25289,16,7,0,9,43.8,0,56.2],[12,420,15,6,0,9,40,0,60],[13,441,15,6,0,9,40,0,60],[14,10112,15,5,0,10,33.3,0,66.7],[15,395,15,4,3,8,26.7,20,53.3],[16,44198,1,1,0,0,100,0,0],[17,2465,15,1,0,14,6.7,0,93.3],[18,19764,1,0,0,1,0,0,100]];
var GuestBs = [[1,416,15,10,0,5,66.7,0,33.3],[2,300,15,10,0,5,66.7,0,33.3],[3,407,15,9,0,6,60,0,40],[4,420,15,8,1,6,53.3,6.7,40],[5,2451,14,7,1,6,50,7.1,42.9],[6,429,15,7,1,7,46.7,6.7,46.7],[7,4091,15,7,0,8,46.7,0,53.3],[8,395,15,7,0,8,46.7,0,53.3],[9,2465,15,6,0,9,40,0,60],[10,441,15,6,0,9,40,0,60],[11,605,15,6,0,9,40,0,60],[12,411,15,6,0,9,40,0,60],[13,5755,15,6,0,9,40,0,60],[14,10112,15,6,0,9,40,0,60],[15,2450,16,6,0,10,37.5,0,62.5],[16,25289,16,4,1,11,25,6.2,68.8],[17,19764,1,1,0,0,100,0,0],[18,44198,1,0,0,1,0,0,100]];
var TotalBsHalf = [[1,25289,32,16,5,11,50,15.6,34.4],[2,429,30,15,7,8,50,23.3,26.7],[3,441,30,14,6,10,46.7,20,33.3],[4,605,30,12,11,7,40,36.7,23.3],[5,300,30,12,9,9,40,30,30],[6,2451,29,12,6,11,41.4,20.7,37.9],[7,2450,32,12,7,13,37.5,21.9,40.6],[8,416,30,11,9,10,36.7,30,33.3],[9,407,30,10,11,9,33.3,36.7,30],[10,4091,30,10,6,14,33.3,20,46.7],[11,420,30,9,10,11,30,33.3,36.7],[12,411,29,8,8,13,27.6,27.6,44.8],[13,395,30,8,7,15,26.7,23.3,50],[14,10112,30,7,12,11,23.3,40,36.7],[15,5755,30,6,7,17,20,23.3,56.7],[16,2465,30,5,12,13,16.7,40,43.3],[17,19764,2,1,1,0,50,50,0],[18,44198,2,0,0,2,0,0,100]];
var HomeBsHalf = [[1,25289,16,10,1,5,62.5,6.2,31.2],[2,429,15,8,5,2,53.3,33.3,13.3],[3,441,15,8,2,5,53.3,13.3,33.3],[4,605,15,7,6,2,46.7,40,13.3],[5,2450,16,7,4,5,43.8,25,31.2],[6,2451,15,7,3,5,46.7,20,33.3],[7,300,15,6,6,3,40,40,20],[8,407,15,6,5,4,40,33.3,26.7],[9,4091,15,6,3,6,40,20,40],[10,420,15,4,5,6,26.7,33.3,40],[11,411,14,4,4,6,28.6,28.6,42.9],[12,416,15,3,7,5,20,46.7,33.3],[13,395,15,3,2,10,20,13.3,66.7],[14,5755,15,3,1,11,20,6.7,73.3],[15,10112,15,1,7,7,6.7,46.7,46.7],[16,2465,15,1,5,9,6.7,33.3,60],[17,19764,1,0,1,0,0,100,0],[18,44198,1,0,0,1,0,0,100]];
var GuestBsHalf = [[1,416,15,8,2,5,53.3,13.3,33.3],[2,429,15,7,2,6,46.7,13.3,40],[3,10112,15,6,5,4,40,33.3,26.7],[4,441,15,6,4,5,40,26.7,33.3],[5,25289,16,6,4,6,37.5,25,37.5],[6,300,15,6,3,6,40,20,40],[7,395,15,5,5,5,33.3,33.3,33.3],[8,420,15,5,5,5,33.3,33.3,33.3],[9,605,15,5,5,5,33.3,33.3,33.3],[10,2451,14,5,3,6,35.7,21.4,42.9],[11,2450,16,5,3,8,31.2,18.8,50],[12,2465,15,4,7,4,26.7,46.7,26.7],[13,407,15,4,6,5,26.7,40,33.3],[14,411,15,4,4,7,26.7,26.7,46.7],[15,4091,15,4,3,8,26.7,20,53.3],[16,5755,15,3,6,6,20,40,40],[17,19764,1,1,0,0,100,0,0],[18,44198,1,0,0,1,0,0,100]];
var addUp = [224,46.1,8,1.6,254,52.3,[60,429,416,300],[76.7,2465],[100,44198],[100,19764],[100,19764],[100,44198]];
var addUpHalf = [168,34.6,134,27.6,184,37.9,[50,25289,429,19764],[100,44198],[62.5,25289],[100,44198],[100,19764],[100,44198]];
var lastUpdateTime = '2025-06-24 14:20:54';
