var arrLeague = [36,'英格兰超级联赛','英格蘭超級聯賽','English Premier League','2023-2024','#FF3333','league_match/images/164577482086.png','英超','英超','ENG PR'];
var arrTeam = [[19,'阿森纳','阿仙奴','Arsenal','','images/164577419697.png',0],[20,'阿斯顿维拉','阿士東維拉','Aston Villa','','images/1hzrbdqcqe1x.png',0],[24,'切尔西','車路士','Chelsea','','images/164577409120.png',0],[25,'利物浦','利物浦','Liverpool','','images/1j6np822z82a.png',0],[26,'曼彻斯特城','曼城','Manchester City','','images/164577478031.png',0],[27,'曼彻斯特联','曼聯','Manchester United','','images/164577479190.png',0],[28,'纽卡斯尔联','紐卡素','Newcastle United','','images/164577474623.png',0],[29,'富勒姆','富咸','Fulham','','images/16486909637.png',0],[31,'埃弗顿','愛華頓','Everton','','images/164577449385.png',0],[33,'托特纳姆热刺','熱刺','Tottenham Hotspur','','images/1jdbdk17e62x.png',0],[35,'水晶宫','水晶宮','Crystal Palace','','images/164577426766.png',0],[46,'伯恩利','般尼','Burnley','','images/1h99zdamy01a.png',0],[49,'诺丁汉森林','諾定咸森林','Nottingham Forest','','images/164869100556.png',0],[51,'谢菲尔德联队','錫菲聯','Sheffield United','','images/164869103617.png',0],[52,'狼队','狼隊','Wolves','','images/164577451783.png',0],[60,'布莱顿','白禮頓','Brighton Hove Albion','','images/164577420829.png',0],[62,'西汉姆联','韋斯咸','West Ham United','','images/164577453830.png',0],[348,'伯恩茅斯','般尼茅夫','AFC Bournemouth','','images/164869115455.png',0],[365,'布伦特福德','賓福特','Brentford','','images/164601812119.png',0],[372,'卢顿','盧頓','Luton Town','','images/164869119739.png',0]];
var TotalBs = [[1,28,38,25,1,12,65.8,2.6,31.6],[2,20,38,24,2,12,63.2,5.3,31.6],[3,24,38,24,1,13,63.2,2.6,34.2],[4,62,38,23,3,12,60.5,7.9,31.6],[5,372,38,23,1,14,60.5,2.6,36.8],[6,51,38,22,4,12,57.9,10.5,31.6],[7,29,38,22,2,14,57.9,5.3,36.8],[8,348,38,22,0,16,57.9,0,42.1],[9,365,38,21,1,16,55.3,2.6,42.1],[10,52,38,21,1,16,55.3,2.6,42.1],[11,46,38,20,2,16,52.6,5.3,42.1],[12,35,38,20,1,17,52.6,2.6,44.7],[13,27,38,19,5,14,50,13.2,36.8],[14,33,38,19,5,14,50,13.2,36.8],[15,19,38,19,1,18,50,2.6,47.4],[16,49,38,18,1,19,47.4,2.6,50],[17,26,38,17,4,17,44.7,10.5,44.7],[18,25,38,17,2,19,44.7,5.3,50],[19,60,38,16,2,20,42.1,5.3,52.6],[20,31,38,14,1,23,36.8,2.6,60.5]];
var HomeBs = [[1,20,19,14,1,4,73.7,5.3,21.1],[2,51,19,13,2,4,68.4,10.5,21.1],[3,365,19,13,0,6,68.4,0,31.6],[4,35,19,11,1,7,57.9,5.3,36.8],[5,28,19,11,1,7,57.9,5.3,36.8],[6,29,19,11,1,7,57.9,5.3,36.8],[7,52,19,11,0,8,57.9,0,42.1],[8,372,19,11,0,8,57.9,0,42.1],[9,27,19,10,3,6,52.6,15.8,31.6],[10,24,19,10,1,8,52.6,5.3,42.1],[11,19,19,10,0,9,52.6,0,47.4],[12,62,19,10,0,9,52.6,0,47.4],[13,348,19,10,0,9,52.6,0,47.4],[14,49,19,10,0,9,52.6,0,47.4],[15,46,19,9,2,8,47.4,10.5,42.1],[16,26,19,9,1,9,47.4,5.3,47.4],[17,60,19,8,2,9,42.1,10.5,47.4],[18,25,19,8,1,10,42.1,5.3,52.6],[19,33,19,7,4,8,36.8,21.1,42.1],[20,31,19,7,0,12,36.8,0,63.2]];
var GuestBs = [[1,24,19,14,0,5,73.7,0,26.3],[2,28,19,14,0,5,73.7,0,26.3],[3,62,19,13,3,3,68.4,15.8,15.8],[4,33,19,12,1,6,63.2,5.3,31.6],[5,372,19,12,1,6,63.2,5.3,31.6],[6,348,19,12,0,7,63.2,0,36.8],[7,29,19,11,1,7,57.9,5.3,36.8],[8,46,19,11,0,8,57.9,0,42.1],[9,52,19,10,1,8,52.6,5.3,42.1],[10,20,19,10,1,8,52.6,5.3,42.1],[11,27,19,9,2,8,47.4,10.5,42.1],[12,51,19,9,2,8,47.4,10.5,42.1],[13,19,19,9,1,9,47.4,5.3,47.4],[14,25,19,9,1,9,47.4,5.3,47.4],[15,35,19,9,0,10,47.4,0,52.6],[16,26,19,8,3,8,42.1,15.8,42.1],[17,49,19,8,1,10,42.1,5.3,52.6],[18,365,19,8,1,10,42.1,5.3,52.6],[19,60,19,8,0,11,42.1,0,57.9],[20,31,19,7,1,11,36.8,5.3,57.9]];
var TotalBsHalf = [[1,24,38,20,2,16,52.6,5.3,42.1],[2,28,38,20,1,17,52.6,2.6,44.7],[3,49,38,19,5,14,50,13.2,36.8],[4,20,38,19,2,17,50,5.3,44.7],[5,46,38,18,8,12,47.4,21.1,31.6],[6,19,38,18,1,19,47.4,2.6,50],[7,33,38,18,0,20,47.4,0,52.6],[8,51,38,17,3,18,44.7,7.9,47.4],[9,25,38,17,0,21,44.7,0,55.3],[10,62,38,16,3,19,42.1,7.9,50],[11,60,38,15,2,21,39.5,5.3,55.3],[12,26,38,15,0,23,39.5,0,60.5],[13,52,38,14,5,19,36.8,13.2,50],[14,348,38,14,3,21,36.8,7.9,55.3],[15,29,38,14,3,21,36.8,7.9,55.3],[16,365,38,13,6,19,34.2,15.8,50],[17,372,38,13,6,19,34.2,15.8,50],[18,31,38,13,3,22,34.2,7.9,57.9],[19,27,38,13,1,24,34.2,2.6,63.2],[20,35,38,12,8,18,31.6,21.1,47.4]];
var HomeBsHalf = [[1,46,19,11,3,5,57.9,15.8,26.3],[2,51,19,11,2,6,57.9,10.5,31.6],[3,25,19,11,0,8,57.9,0,42.1],[4,28,19,11,0,8,57.9,0,42.1],[5,19,19,10,0,9,52.6,0,47.4],[6,372,19,9,3,7,47.4,15.8,36.8],[7,24,19,9,1,9,47.4,5.3,47.4],[8,20,19,9,0,10,47.4,0,52.6],[9,26,19,9,0,10,47.4,0,52.6],[10,29,19,8,2,9,42.1,10.5,47.4],[11,365,19,8,2,9,42.1,10.5,47.4],[12,62,19,8,1,10,42.1,5.3,52.6],[13,33,19,8,0,11,42.1,0,57.9],[14,35,19,7,4,8,36.8,21.1,42.1],[15,348,19,6,2,11,31.6,10.5,57.9],[16,60,19,6,0,13,31.6,0,68.4],[17,27,19,6,0,13,31.6,0,68.4],[18,49,19,5,5,9,26.3,26.3,47.4],[19,52,19,4,4,11,21.1,21.1,57.9],[20,31,19,3,2,14,15.8,10.5,73.7]];
var GuestBsHalf = [[1,49,19,14,0,5,73.7,0,26.3],[2,24,19,11,1,7,57.9,5.3,36.8],[3,20,19,10,2,7,52.6,10.5,36.8],[4,31,19,10,1,8,52.6,5.3,42.1],[5,52,19,10,1,8,52.6,5.3,42.1],[6,33,19,10,0,9,52.6,0,47.4],[7,60,19,9,2,8,47.4,10.5,42.1],[8,28,19,9,1,9,47.4,5.3,47.4],[9,62,19,8,2,9,42.1,10.5,47.4],[10,348,19,8,1,10,42.1,5.3,52.6],[11,19,19,8,1,10,42.1,5.3,52.6],[12,46,19,7,5,7,36.8,26.3,36.8],[13,27,19,7,1,11,36.8,5.3,57.9],[14,51,19,6,1,12,31.6,5.3,63.2],[15,29,19,6,1,12,31.6,5.3,63.2],[16,25,19,6,0,13,31.6,0,68.4],[17,26,19,6,0,13,31.6,0,68.4],[18,35,19,5,4,10,26.3,21.1,52.6],[19,365,19,5,4,10,26.3,21.1,52.6],[20,372,19,4,3,12,21.1,15.8,63.2]];
var addUp = [406,53.4,40,5.3,314,41.3,[65.8,28],[60.5,31],[73.7,20],[63.2,31],[73.7,24,28],[57.9,60,31]];
var addUpHalf = [318,41.8,62,8.2,380,50,[52.6,24,28],[63.2,27],[57.9,46,51,25,28],[73.7,31],[73.7,49],[68.4,25,26]];
var lastUpdateTime = '2025-01-18 10:07:12';
