var arrLeague = [21,'美国职业大联盟联赛','美國職業大聯盟聯賽','USA Major League Soccer','2014','#660033','league_match/images/20200709144320.png','美职业','美職業','MLS'];
var arrTeam = [[310,'纽约红牛','紐約紅牛','New York Red Bulls','','images/310/1j3s20wrkq7.png',1],[311,'洛杉矶银河','洛杉磯銀河','Los Angeles Galaxy','','images/311/1gshts0qkp29.png',2],[314,'华盛顿联','華盛頓聯隊','DC United','','images/314/1j3p97keem1v.png',1],[316,'新英格兰革命','新英倫革命','New England Revolution','','images/316/1gt31ntq8c11.png',1],[318,'堪萨斯城竞技','肯薩斯體育會','Sporting Kansas City','','images/318/1h8qp9bzst19.png',2],[319,'芝加哥火焰','芝加哥火燄','Chicago Fire','','images/319/1j3vezpgz82.png',1],[321,'达拉斯FC','FC達拉斯','FC Dallas','','images/1kb4sqqahq0.png',2],[323,'科罗拉多急流','科羅拉多急流','Colorado Rapids','','images/1kb4tgrcfq1w.png',2],[326,'圣何塞地震','聖荷西地震','San Jose Earthquakes','','images/326/1gytydqn1g2z.png',2],[327,'哥伦布机员','哥倫布機員','Columbus Crew','','images/327/1hr8pf0r2p2h.png',1],[2071,'皇家盐湖城','皇家鹽湖城','Real Salt Lake','','images/2071/1gt31ntq8j2r.png',2],[2072,'美国芝华士','美國芝華士','Deportivo Chivas USA','','images/20130921165821.gif',1],[4073,'休斯敦迪纳摩','侯斯頓戴拿模','Houston Dynamo','','images/4073/1h8fzsff9s2w.png',2],[5345,'多伦多FC','多倫多FC','Toronto FC','','images/5345/1gshts0qkc2m.png',1],[5526,'西雅图海湾人','西雅圖海灣者','Seattle Sounders','','images/5526/1hxb3nrv3ya.png',2],[5530,'CF蒙特利尔','CF蒙特利爾','CF Montreal','','images/5530/1hxkcfqmkck.png',1],[5533,'温哥华白浪','溫哥華白帽','Vancouver Whitecaps','','images/5533/1gtzd9vt3r22.png',2],[5555,'波特兰伐木者','波特蘭伐木者','Portland Timbers','','images/5555/1j3vezbrp12x.png',2],[13541,'费城联合','費城聯','Philadelphia Union','','images/13541/1gxsf4vmaw1p.png',1]];
var TotalBs = [[1,321,37,24,0,13,64.9,0,35.1],[2,316,39,24,0,15,61.5,0,38.5],[3,5526,38,23,0,15,60.5,0,39.5],[4,311,39,22,1,16,56.4,2.6,41],[5,310,39,22,0,17,56.4,0,43.6],[6,5555,34,20,0,14,58.8,0,41.2],[7,13541,34,20,0,14,58.8,0,41.2],[8,323,34,20,0,14,58.8,0,41.2],[9,327,36,20,0,16,55.6,0,44.4],[10,5345,34,19,1,14,55.9,2.9,41.2],[11,4073,34,19,0,15,55.9,0,44.1],[12,318,35,19,0,16,54.3,0,45.7],[13,2071,36,19,0,17,52.8,0,47.2],[14,314,36,18,0,18,50,0,50],[15,2072,34,17,0,17,50,0,50],[16,5530,34,17,0,17,50,0,50],[17,5533,35,16,0,19,45.7,0,54.3],[18,326,34,14,0,20,41.2,0,58.8],[19,319,34,13,0,21,38.2,0,61.8]];
var HomeBs = [[1,321,19,14,0,5,73.7,0,26.3],[2,310,20,14,0,6,70,0,30],[3,311,20,12,1,7,60,5,35],[4,316,19,11,0,8,57.9,0,42.1],[5,5555,17,10,0,7,58.8,0,41.2],[6,13541,17,10,0,7,58.8,0,41.2],[7,5533,17,10,0,7,58.8,0,41.2],[8,2071,18,10,0,8,55.6,0,44.4],[9,5526,19,10,0,9,52.6,0,47.4],[10,4073,17,9,0,8,52.9,0,47.1],[11,2072,17,9,0,8,52.9,0,47.1],[12,5345,17,9,0,8,52.9,0,47.1],[13,327,18,9,0,9,50,0,50],[14,318,17,8,0,9,47.1,0,52.9],[15,5530,17,8,0,9,47.1,0,52.9],[16,323,17,8,0,9,47.1,0,52.9],[17,326,17,8,0,9,47.1,0,52.9],[18,314,18,8,0,10,44.4,0,55.6],[19,319,17,6,0,11,35.3,0,64.7]];
var GuestBs = [[1,5526,19,13,0,6,68.4,0,31.6],[2,316,20,13,0,7,65,0,35],[3,323,17,12,0,5,70.6,0,29.4],[4,318,18,11,0,7,61.1,0,38.9],[5,327,18,11,0,7,61.1,0,38.9],[6,5345,17,10,1,6,58.8,5.9,35.3],[7,5555,17,10,0,7,58.8,0,41.2],[8,13541,17,10,0,7,58.8,0,41.2],[9,4073,17,10,0,7,58.8,0,41.2],[10,321,18,10,0,8,55.6,0,44.4],[11,314,18,10,0,8,55.6,0,44.4],[12,311,19,10,0,9,52.6,0,47.4],[13,5530,17,9,0,8,52.9,0,47.1],[14,2071,18,9,0,9,50,0,50],[15,2072,17,8,0,9,47.1,0,52.9],[16,310,19,8,0,11,42.1,0,57.9],[17,319,17,7,0,10,41.2,0,58.8],[18,326,17,6,0,11,35.3,0,64.7],[19,5533,18,6,0,12,33.3,0,66.7]];
var TotalBsHalf = [[1,316,38,17,11,10,44.7,28.9,26.3],[2,311,39,17,5,17,43.6,12.8,43.6],[3,5345,33,16,10,7,48.5,30.3,21.2],[4,5526,38,14,10,14,36.8,26.3,36.8],[5,2071,35,14,7,14,40,20,40],[6,321,36,14,8,14,38.9,22.2,38.9],[7,5530,34,13,14,7,38.2,41.2,20.6],[8,5555,33,13,8,12,39.4,24.2,36.4],[9,319,34,12,12,10,35.3,35.3,29.4],[10,4073,33,12,9,12,36.4,27.3,36.4],[11,327,35,11,15,9,31.4,42.9,25.7],[12,310,38,11,14,13,28.9,36.8,34.2],[13,314,36,10,15,11,27.8,41.7,30.6],[14,318,34,10,13,11,29.4,38.2,32.4],[15,323,33,10,9,14,30.3,27.3,42.4],[16,5533,34,10,10,14,29.4,29.4,41.2],[17,2072,34,10,8,16,29.4,23.5,47.1],[18,13541,34,9,14,11,26.5,41.2,32.4],[19,326,33,9,10,14,27.3,30.3,42.4]];
var HomeBsHalf = [[1,311,20,10,2,8,50,10,40],[2,2071,18,9,2,7,50,11.1,38.9],[3,5530,17,8,7,2,47.1,41.2,11.8],[4,5345,17,8,4,5,47.1,23.5,29.4],[5,4073,17,8,3,6,47.1,17.6,35.3],[6,5555,17,7,6,4,41.2,35.3,23.5],[7,319,17,7,5,5,41.2,29.4,29.4],[8,321,19,7,5,7,36.8,26.3,36.8],[9,310,20,7,4,9,35,20,45],[10,316,19,6,6,7,31.6,31.6,36.8],[11,13541,17,5,7,5,29.4,41.2,29.4],[12,5533,17,5,6,6,29.4,35.3,35.3],[13,2072,17,5,5,7,29.4,29.4,41.2],[14,5526,19,5,5,9,26.3,26.3,47.4],[15,323,17,5,3,9,29.4,17.6,52.9],[16,327,18,4,9,5,22.2,50,27.8],[17,318,17,4,6,7,23.5,35.3,41.2],[18,326,17,4,6,7,23.5,35.3,41.2],[19,314,18,3,11,4,16.7,61.1,22.2],[20,13541,1,0,1,0,0,100,0]];
var GuestBsHalf = [[1,316,19,11,5,3,57.9,26.3,15.8],[2,5526,19,9,5,5,47.4,26.3,26.3],[3,5345,16,8,6,2,50,37.5,12.5],[4,327,17,7,6,4,41.2,35.3,23.5],[5,314,18,7,4,7,38.9,22.2,38.9],[6,321,17,7,3,7,41.2,17.6,41.2],[7,311,19,7,3,9,36.8,15.8,47.4],[8,318,17,6,7,4,35.3,41.2,23.5],[9,5555,16,6,2,8,37.5,12.5,50],[10,319,17,5,7,5,29.4,41.2,29.4],[11,5530,17,5,7,5,29.4,41.2,29.4],[12,323,16,5,6,5,31.2,37.5,31.2],[13,326,16,5,4,7,31.2,25,43.8],[14,2071,17,5,5,7,29.4,29.4,41.2],[15,5533,17,5,4,8,29.4,23.5,47.1],[16,2072,17,5,3,9,29.4,17.6,52.9],[17,310,18,4,10,4,22.2,55.6,22.2],[18,13541,16,4,6,6,25,37.5,37.5],[19,4073,16,4,6,6,25,37.5,37.5]];
var addUp = [366,54.1,2,0.3,308,45.6,[64.9,321],[61.8,319],[73.7,321],[64.7,319],[70.6,323],[66.7,5533]];
var addUpHalf = [232,34.9,202,30.4,230,34.6,[48.5,5345],[47.1,2072],[50,311,2071],[52.9,323],[57.9,316],[52.9,2072]];
var lastUpdateTime = '2026-04-07 16:54:32';
