var arrLeague = [9,'德国乙组联赛','德國乙組聯賽','German Bundesliga 2','2017-2018','#CA00CA','league_match/images/20181221085736.png','德乙','德乙','GER D2'];
var arrTeam = [[90,'比勒菲尔德','比勒費爾德','Arminia Bielefeld','','images/164870990786.png',0],[95,'波鸿','波琴','VfL Bochum','','images/164870992655.png',0],[136,'纽伦堡','紐倫堡','Nurnberg','','images/2013119145001.jpg',0],[149,'沃尔夫斯堡','沃爾夫斯堡','VfL Wolfsburg','','images/164871147946.png',0],[175,'凯泽斯劳滕','凱沙羅頓','Kaiserslautern','','images/201312095551.jpg',0],[425,'特雷斯登','特雷斯登','Dynamo Dresden','','images/2013120100028.jpg',0],[458,'菲尔特','格雷特霍夫','Greuther Furth','','images/16487115697.png',0],[461,'奥厄','奧厄','Erzgebirge Aue','','images/20180921190117.jpg',0],[487,'卡尔斯鲁厄','卡斯魯厄','Karlsruher SC','','images/2013120111953.jpg',0],[493,'杜伊斯堡','杜伊斯堡','MSV Duisburg','','images/20180921192243.jpg',0],[1079,'雷根斯堡','雷根斯堡','Jahn Regensburg','','images/2013119132308.jpg',0],[1080,'达姆施塔特','達斯泰特','Darmstadt','','images/2013120114115.jpg',0],[1085,'圣保利','聖保利','St. Pauli','','images/20180921185751.jpg',0],[1087,'柏林联合','柏林聯','Union Berlin','','images/164871161365.png',0],[1116,'布伦瑞克','布倫斯維克','Eintracht Braunschweig','','images/2013120103227.jpg',0],[1117,'荷尔斯泰因','基爾','Holstein Kiel','','images/2013120132327.jpg',0],[1344,'杜塞尔多夫','杜斯多夫','Fortuna Dusseldorf','','images/201312093635.jpg',0],[2786,'因戈尔施塔特','恩高斯達特','Ingolstadt','','images/2013120104003.jpg',0],[4449,'桑德豪森','辛特侯遜','SV Sandhausen','','images/2013120104323.jpg',0],[8371,'海登海姆','海登海默','Heidenheimer','','images/2013120120906.jpg',0]];
var TotalBs = [[1,1117,36,24,1,11,66.7,2.8,30.6],[2,493,34,22,0,12,64.7,0,35.3],[3,1344,34,21,0,13,61.8,0,38.2],[4,1079,34,20,1,13,58.8,2.9,38.2],[5,2786,34,19,0,15,55.9,0,44.1],[6,458,34,19,0,15,55.9,0,44.1],[7,8371,34,19,0,15,55.9,0,44.1],[8,461,36,19,0,17,52.8,0,47.2],[9,175,34,18,0,16,52.9,0,47.1],[10,136,34,18,0,16,52.9,0,47.1],[11,1087,34,18,0,16,52.9,0,47.1],[12,90,34,17,0,17,50,0,50],[13,1085,34,16,0,18,47.1,0,52.9],[14,425,34,15,1,18,44.1,2.9,52.9],[15,1080,34,15,1,18,44.1,2.9,52.9],[16,95,34,13,0,21,38.2,0,61.8],[17,1116,34,12,0,22,35.3,0,64.7],[18,4449,34,11,0,23,32.4,0,67.6],[19,149,2,1,0,1,50,0,50],[20,487,2,1,0,1,50,0,50]];
var HomeBs = [[1,136,17,12,0,5,70.6,0,29.4],[2,1117,18,12,1,5,66.7,5.6,27.8],[3,1079,17,11,1,5,64.7,5.9,29.4],[4,8371,17,11,0,6,64.7,0,35.3],[5,458,17,11,0,6,64.7,0,35.3],[6,2786,17,10,0,7,58.8,0,41.2],[7,1344,17,10,0,7,58.8,0,41.2],[8,493,17,10,0,7,58.8,0,41.2],[9,1087,17,9,0,8,52.9,0,47.1],[10,1080,17,9,0,8,52.9,0,47.1],[11,461,18,9,0,9,50,0,50],[12,425,17,8,0,9,47.1,0,52.9],[13,1085,17,8,0,9,47.1,0,52.9],[14,90,17,7,0,10,41.2,0,58.8],[15,95,17,6,0,11,35.3,0,64.7],[16,1116,17,6,0,11,35.3,0,64.7],[17,4449,17,5,0,12,29.4,0,70.6],[18,175,17,4,0,13,23.5,0,76.5],[19,149,1,1,0,0,100,0,0],[20,487,1,0,0,1,0,0,100]];
var GuestBs = [[1,175,17,14,0,3,82.4,0,17.6],[2,493,17,12,0,5,70.6,0,29.4],[3,1117,18,12,0,6,66.7,0,33.3],[4,1344,17,11,0,6,64.7,0,35.3],[5,90,17,10,0,7,58.8,0,41.2],[6,461,18,10,0,8,55.6,0,44.4],[7,1079,17,9,0,8,52.9,0,47.1],[8,2786,17,9,0,8,52.9,0,47.1],[9,1087,17,9,0,8,52.9,0,47.1],[10,1085,17,8,0,9,47.1,0,52.9],[11,458,17,8,0,9,47.1,0,52.9],[12,8371,17,8,0,9,47.1,0,52.9],[13,425,17,7,1,9,41.2,5.9,52.9],[14,95,17,7,0,10,41.2,0,58.8],[15,1080,17,6,1,10,35.3,5.9,58.8],[16,136,17,6,0,11,35.3,0,64.7],[17,1116,17,6,0,11,35.3,0,64.7],[18,4449,17,6,0,11,35.3,0,64.7],[19,487,1,1,0,0,100,0,0],[20,149,1,0,0,1,0,0,100]];
var TotalBsHalf = [[1,1117,36,20,6,10,55.6,16.7,27.8],[2,461,36,16,9,11,44.4,25,30.6],[3,175,34,15,8,11,44.1,23.5,32.4],[4,458,34,14,11,9,41.2,32.4,26.5],[5,493,34,14,11,9,41.2,32.4,26.5],[6,1080,34,13,14,7,38.2,41.2,20.6],[7,95,34,13,13,8,38.2,38.2,23.5],[8,1116,34,13,10,11,38.2,29.4,32.4],[9,1079,34,13,9,12,38.2,26.5,35.3],[10,1344,34,12,15,7,35.3,44.1,20.6],[11,1085,34,12,11,11,35.3,32.4,32.4],[12,2786,34,12,10,12,35.3,29.4,35.3],[13,8371,34,11,11,12,32.4,32.4,35.3],[14,4449,34,11,8,15,32.4,23.5,44.1],[15,136,34,11,6,17,32.4,17.6,50],[16,425,34,9,14,11,26.5,41.2,32.4],[17,90,34,9,14,11,26.5,41.2,32.4],[18,1087,34,8,10,16,23.5,29.4,47.1],[19,487,2,1,0,1,50,0,50],[20,149,2,1,0,1,50,0,50]];
var HomeBsHalf = [[1,1117,18,10,3,5,55.6,16.7,27.8],[2,1079,17,9,5,3,52.9,29.4,17.6],[3,461,18,9,3,6,50,16.7,33.3],[4,1080,17,8,6,3,47.1,35.3,17.6],[5,1085,17,8,4,5,47.1,23.5,29.4],[6,95,17,8,3,6,47.1,17.6,35.3],[7,1116,17,7,5,5,41.2,29.4,29.4],[8,136,17,7,2,8,41.2,11.8,47.1],[9,458,17,6,8,3,35.3,47.1,17.6],[10,493,17,6,7,4,35.3,41.2,23.5],[11,1344,17,6,6,5,35.3,35.3,29.4],[12,8371,17,5,5,7,29.4,29.4,41.2],[13,175,17,5,4,8,29.4,23.5,47.1],[14,90,17,4,9,4,23.5,52.9,23.5],[15,2786,17,4,8,5,23.5,47.1,29.4],[16,1087,17,4,4,9,23.5,23.5,52.9],[17,4449,17,4,3,10,23.5,17.6,58.8],[18,425,17,3,10,4,17.6,58.8,23.5],[19,149,1,1,0,0,100,0,0],[20,487,1,0,0,1,0,0,100]];
var GuestBsHalf = [[1,175,17,10,4,3,58.8,23.5,17.6],[2,1117,18,10,3,5,55.6,16.7,27.8],[3,493,17,8,4,5,47.1,23.5,29.4],[4,458,17,8,3,6,47.1,17.6,35.3],[5,2786,17,8,2,7,47.1,11.8,41.2],[6,461,18,7,6,5,38.9,33.3,27.8],[7,4449,17,7,5,5,41.2,29.4,29.4],[8,1344,17,6,9,2,35.3,52.9,11.8],[9,8371,17,6,6,5,35.3,35.3,29.4],[10,1116,17,6,5,6,35.3,29.4,35.3],[11,425,17,6,4,7,35.3,23.5,41.2],[12,95,17,5,10,2,29.4,58.8,11.8],[13,1080,17,5,8,4,29.4,47.1,23.5],[14,90,17,5,5,7,29.4,29.4,41.2],[15,1085,17,4,7,6,23.5,41.2,35.3],[16,1087,17,4,6,7,23.5,35.3,41.2],[17,136,17,4,4,9,23.5,23.5,52.9],[18,1079,17,4,4,9,23.5,23.5,52.9],[19,487,1,1,0,0,100,0,0],[20,149,1,0,0,1,0,0,100]];
var addUp = [318,51.3,4,0.6,298,48.1,[66.7,1117],[67.6,4449],[100,149],[100,487],[100,487],[100,149]];
var addUpHalf = [228,36.8,190,30.6,202,32.6,[55.6,1117],[50,136,487,149],[100,149],[100,487],[100,487],[100,149]];
var lastUpdateTime = '2025-01-19 11:33:14';
