var arrLeague = [23,'葡萄牙超级联赛','葡萄牙超級聯賽','Liga Portugal 1','2020-2021','#006665','league_match/images/1j5w1nhx8v10.png','葡超','葡超','POR D1'];
var arrTeam = [[452,'马里迪莫','馬里迪莫','Maritimo','','images/165095610183.png',0],[457,'博阿维斯塔','博維斯塔','Boavista FC','','images/165095598511.png',0],[459,'布拉加','布拉加','Sporting Braga','','images/165095600132.png',0],[463,'本菲卡','賓菲加','Benfica','','images/165095593478.png',0],[466,'里斯本竞技','士砵亭','Sporting CP','','images/165095607959.png',0],[468,'波尔图','波圖','FC Porto','','images/165095597156.png',0],[476,'里奥阿维','里奧阿維','Rio Ave','','images/476/1hdajkkb221n.png',0],[919,'吉维森特','基維辛迪','Gil Vicente','','images/919/1gpyrknv73a.png',0],[924,'摩里伦斯','摩里倫斯','Moreirense','','images/165095611817.png',0],[926,'比兰尼塞斯','比蘭倫斯','Belenenses','','images/165095595094.png',0],[927,'吉马良斯','甘馬雷斯','Vitoria Guimaraes','','images/165095604742.png',0],[951,'葡萄牙国民','國民隊','Nacional da Madeira','','images/951/1gxsf273jh2z.png',0],[1002,'圣克拉拉','辛達卡拉','Santa Clara','','images/1jfp59pdzy7.png',0],[1006,'费雷拉','費利拿','Pacos de Ferreira','','images/165095603251.png',0],[1554,'朴迪莫伦斯','樸迪莫倫斯','Portimonense','','images/165095613598.png',0],[4970,'法马利康','法馬利卡奧','FC Famalicao','','images/165095601658.png',0],[9046,'阿罗卡','阿洛卡','FC Arouca','','images/16509559199.png',0],[11499,'法伦斯','法倫斯','SC Farense','','images/11499/1h6swyav1k1h.png',0],[19599,'唐迪拉','唐迪拉','CD Tondela','','images/165095615051.png',0]];
var TotalBs = [[1,468,34,18,1,15,52.9,2.9,44.1],[2,459,34,18,0,16,52.9,0,47.1],[3,951,34,18,0,16,52.9,0,47.1],[4,4970,34,18,0,16,52.9,0,47.1],[5,927,34,17,0,17,50,0,50],[6,452,34,16,1,17,47.1,2.9,50],[7,19599,34,16,1,17,47.1,2.9,50],[8,1002,34,15,4,15,44.1,11.8,44.1],[9,457,34,15,2,17,44.1,5.9,50],[10,924,34,14,3,17,41.2,8.8,50],[11,1554,34,14,3,17,41.2,8.8,50],[12,919,34,14,1,19,41.2,2.9,55.9],[13,463,34,13,2,19,38.2,5.9,55.9],[14,466,34,13,0,21,38.2,0,61.8],[15,11499,34,12,3,19,35.3,8.8,55.9],[16,1006,34,11,3,20,32.4,8.8,58.8],[17,476,36,11,3,22,30.6,8.3,61.1],[18,926,34,10,3,21,29.4,8.8,61.8],[19,9046,2,1,0,1,50,0,50]];
var HomeBs = [[1,927,17,10,0,7,58.8,0,41.2],[2,951,17,10,0,7,58.8,0,41.2],[3,468,17,9,1,7,52.9,5.9,41.2],[4,459,17,9,0,8,52.9,0,47.1],[5,924,17,8,1,8,47.1,5.9,47.1],[6,1554,17,8,0,9,47.1,0,52.9],[7,4970,17,8,0,9,47.1,0,52.9],[8,11499,17,7,2,8,41.2,11.8,47.1],[9,1006,17,7,1,9,41.2,5.9,52.9],[10,1002,17,7,1,9,41.2,5.9,52.9],[11,452,17,7,1,9,41.2,5.9,52.9],[12,466,17,7,0,10,41.2,0,58.8],[13,926,17,6,3,8,35.3,17.6,47.1],[14,19599,17,6,1,10,35.3,5.9,58.8],[15,476,18,6,2,10,33.3,11.1,55.6],[16,919,17,6,0,11,35.3,0,64.7],[17,463,17,5,2,10,29.4,11.8,58.8],[18,457,17,5,0,12,29.4,0,70.6],[19,9046,1,1,0,0,100,0,0]];
var GuestBs = [[1,457,17,10,2,5,58.8,11.8,29.4],[2,4970,17,10,0,7,58.8,0,41.2],[3,19599,17,10,0,7,58.8,0,41.2],[4,452,17,9,0,8,52.9,0,47.1],[5,468,17,9,0,8,52.9,0,47.1],[6,459,17,9,0,8,52.9,0,47.1],[7,1002,17,8,3,6,47.1,17.6,35.3],[8,919,17,8,1,8,47.1,5.9,47.1],[9,463,17,8,0,9,47.1,0,52.9],[10,951,17,8,0,9,47.1,0,52.9],[11,927,17,7,0,10,41.2,0,58.8],[12,1554,17,6,3,8,35.3,17.6,47.1],[13,924,17,6,2,9,35.3,11.8,52.9],[14,466,17,6,0,11,35.3,0,64.7],[15,11499,17,5,1,11,29.4,5.9,64.7],[16,476,18,5,1,12,27.8,5.6,66.7],[17,1006,17,4,2,11,23.5,11.8,64.7],[18,926,17,4,0,13,23.5,0,76.5],[19,9046,1,0,0,1,0,0,100]];
var TotalBsHalf = [[1,927,34,22,3,9,64.7,8.8,26.5],[2,1554,34,21,2,11,61.8,5.9,32.4],[3,19599,34,20,6,8,58.8,17.6,23.5],[4,4970,34,20,5,9,58.8,14.7,26.5],[5,924,34,20,4,10,58.8,11.8,29.4],[6,1006,34,19,5,10,55.9,14.7,29.4],[7,457,34,18,4,12,52.9,11.8,35.3],[8,452,34,18,2,14,52.9,5.9,41.2],[9,1002,34,17,7,10,50,20.6,29.4],[10,926,34,16,3,15,47.1,8.8,44.1],[11,468,34,15,9,10,44.1,26.5,29.4],[12,951,34,15,6,13,44.1,17.6,38.2],[13,476,36,15,7,14,41.7,19.4,38.9],[14,919,34,15,5,14,44.1,14.7,41.2],[15,11499,34,14,5,15,41.2,14.7,44.1],[16,459,34,13,8,13,38.2,23.5,38.2],[17,463,34,12,5,17,35.3,14.7,50],[18,466,34,11,13,10,32.4,38.2,29.4],[19,9046,2,1,1,0,50,50,0]];
var HomeBsHalf = [[1,924,17,12,3,2,70.6,17.6,11.8],[2,927,17,12,1,4,70.6,5.9,23.5],[3,926,17,11,1,5,64.7,5.9,29.4],[4,4970,17,10,3,4,58.8,17.6,23.5],[5,19599,17,10,2,5,58.8,11.8,29.4],[6,1554,17,10,1,6,58.8,5.9,35.3],[7,468,17,10,0,7,58.8,0,41.2],[8,1006,17,9,3,5,52.9,17.6,29.4],[9,457,17,9,2,6,52.9,11.8,35.3],[10,452,17,9,1,7,52.9,5.9,41.2],[11,1002,17,8,4,5,47.1,23.5,29.4],[12,11499,17,8,4,5,47.1,23.5,29.4],[13,951,17,7,4,6,41.2,23.5,35.3],[14,476,18,7,3,8,38.9,16.7,44.4],[15,919,17,6,3,8,35.3,17.6,47.1],[16,466,17,5,6,6,29.4,35.3,35.3],[17,459,17,4,6,7,23.5,35.3,41.2],[18,463,17,3,3,11,17.6,17.6,64.7],[19,9046,1,1,0,0,100,0,0]];
var GuestBsHalf = [[1,1554,17,11,1,5,64.7,5.9,29.4],[2,19599,17,10,4,3,58.8,23.5,17.6],[3,1006,17,10,2,5,58.8,11.8,29.4],[4,4970,17,10,2,5,58.8,11.8,29.4],[5,927,17,10,2,5,58.8,11.8,29.4],[6,1002,17,9,3,5,52.9,17.6,29.4],[7,919,17,9,2,6,52.9,11.8,35.3],[8,463,17,9,2,6,52.9,11.8,35.3],[9,457,17,9,2,6,52.9,11.8,35.3],[10,459,17,9,2,6,52.9,11.8,35.3],[11,452,17,9,1,7,52.9,5.9,41.2],[12,476,18,8,4,6,44.4,22.2,33.3],[13,951,17,8,2,7,47.1,11.8,41.2],[14,924,17,8,1,8,47.1,5.9,47.1],[15,466,17,6,7,4,35.3,41.2,23.5],[16,11499,17,6,1,10,35.3,5.9,58.8],[17,468,17,5,9,3,29.4,52.9,17.6],[18,926,17,5,2,10,29.4,11.8,58.8],[19,9046,1,0,1,0,0,100,0]];
var addUp = [264,42.9,30,4.9,322,52.3,[52.9,468,459,951,4970],[61.8,466,926],[100,9046],[70.6,457],[58.8,457,4970,19599],[100,9046]];
var addUpHalf = [302,49,100,16.2,214,34.7,[64.7,927],[50,463],[100,9046],[64.7,463],[64.7,1554],[58.8,11499,926]];
var lastUpdateTime = '2025-01-18 16:50:08';
