var arrLeague = [4,'巴西甲组联赛','巴西甲組聯賽','Brazil Serie A','2019','#996600','league_match/images/20210621103014.png','巴西甲','巴西甲','BRA D1'];
var arrTeam = [[337,'桑托斯','山度士','Santos','','images/337/1gv1yhgq3n2e.png',0],[343,'米内罗竞技','明尼路','Atletico Mineiro','','images/343/1j9d3cawpn18.png',0],[347,'巴拉纳竞技','巴拉納體育會','Atletico Paranaense','','images/347/1gxhxt30w91z.png',0],[349,'科林蒂安','哥連泰斯','Corinthians Paulista (SP)','','images/349/1j9d3cawpe2k.png',0],[354,'克鲁塞罗','高士路','Cruzeiro','','images/354/1grcyq30k1x.png',0],[356,'弗拉门戈','法林明高','Flamengo','','images/356/1j9d3cawp41r.png',0],[360,'戈伊亚斯','戈亞斯','Goias','','images/360/1gtqpsvqgg2d.png',0],[364,'格雷米奥','甘美奧','Gremio (RS)','','images/364/1gq1fbpxrd5.png',0],[369,'巴西国际','國際體育會','Internacional RS','','images/369/1hxg39ttg32m.png',0],[453,'圣保罗','聖保羅','Sao Paulo','','images/453/1hxqrprbs1c.png',0],[456,'瓦斯科达伽马','華斯高','Vasco da Gama','','images/456/1j9d3cawpjh.png',0],[465,'帕尔梅拉斯','彭美拉斯','Palmeiras','','images/465/1gxsf3fvqe1p.png',0],[467,'博塔弗戈','保地花高','Botafogo RJ','','images/467/1gtqm76wzmz.png',0],[469,'弗鲁米嫩塞','富明尼斯','Fluminense RJ','','images/469/1hxqrprbsp13.png',0],[1979,'巴伊亚','巴希亞','Bahia','','images/1979/1grdmmb9f68.png',0],[2001,'福塔雷萨','科泰尼沙','Fortaleza','','images/2001/1gqxnqd00y2y.png',0],[2108,'塞阿拉','施亞拉','Ceara','','images/2108/1grmn77tvad.png',0],[4175,'奥瓦','艾華爾','Avai FC','','images/4175/1gtqpszsvf1a.png',0],[7344,'沙佩科恩斯','查比高恩斯','Chapecoense SC','','images/7344/1grwgc3gyj2p.png',0],[9844,'阿拉戈亚诺体育队','阿拉戈亞諾體育隊','Centro Sportivo Alagoano','','images/9844/1gtn82r1dn22.png',0]];
var TotalBs = [[1,356,38,25,1,12,65.8,2.6,31.6],[2,360,38,22,0,16,57.9,0,42.1],[3,364,38,21,2,15,55.3,5.3,39.5],[4,2001,38,20,2,16,52.6,5.3,42.1],[5,343,38,19,1,18,50,2.6,47.4],[6,337,38,17,2,19,44.7,5.3,50],[7,369,38,16,5,17,42.1,13.2,44.7],[8,469,38,15,3,20,39.5,7.9,52.6],[9,9844,38,15,3,20,39.5,7.9,52.6],[10,465,38,14,6,18,36.8,15.8,47.4],[11,2108,38,14,6,18,36.8,15.8,47.4],[12,1979,38,14,5,19,36.8,13.2,50],[13,349,38,14,4,20,36.8,10.5,52.6],[14,4175,38,14,3,21,36.8,7.9,55.3],[15,456,38,14,2,22,36.8,5.3,57.9],[16,7344,38,13,3,22,34.2,7.9,57.9],[17,347,38,13,1,24,34.2,2.6,63.2],[18,467,38,12,5,21,31.6,13.2,55.3],[19,354,38,11,7,20,28.9,18.4,52.6],[20,453,38,11,5,22,28.9,13.2,57.9]];
var HomeBs = [[1,356,19,14,0,5,73.7,0,26.3],[2,360,19,13,0,6,68.4,0,31.6],[3,364,19,11,1,7,57.9,5.3,36.8],[4,337,19,11,0,8,57.9,0,42.1],[5,343,19,10,0,9,52.6,0,47.4],[6,465,19,9,1,9,47.4,5.3,47.4],[7,2001,19,9,1,9,47.4,5.3,47.4],[8,9844,19,8,3,8,42.1,15.8,42.1],[9,369,19,8,2,9,42.1,10.5,47.4],[10,4175,19,8,2,9,42.1,10.5,47.4],[11,349,19,7,3,9,36.8,15.8,47.4],[12,7344,19,7,2,10,36.8,10.5,52.6],[13,456,19,7,1,11,36.8,5.3,57.9],[14,2108,19,6,5,8,31.6,26.3,42.1],[15,1979,19,6,2,11,31.6,10.5,57.9],[16,467,19,6,2,11,31.6,10.5,57.9],[17,469,19,5,2,12,26.3,10.5,63.2],[18,453,19,4,3,12,21.1,15.8,63.2],[19,354,19,4,3,12,21.1,15.8,63.2],[20,347,19,4,0,15,21.1,0,78.9]];
var GuestBs = [[1,356,19,11,1,7,57.9,5.3,36.8],[2,2001,19,11,1,7,57.9,5.3,36.8],[3,469,19,10,1,8,52.6,5.3,42.1],[4,364,19,10,1,8,52.6,5.3,42.1],[5,343,19,9,1,9,47.4,5.3,47.4],[6,347,19,9,1,9,47.4,5.3,47.4],[7,360,19,9,0,10,47.4,0,52.6],[8,1979,19,8,3,8,42.1,15.8,42.1],[9,369,19,8,3,8,42.1,15.8,42.1],[10,2108,19,8,1,10,42.1,5.3,52.6],[11,354,19,7,4,8,36.8,21.1,42.1],[12,453,19,7,2,10,36.8,10.5,52.6],[13,349,19,7,1,11,36.8,5.3,57.9],[14,456,19,7,1,11,36.8,5.3,57.9],[15,9844,19,7,0,12,36.8,0,63.2],[16,467,19,6,3,10,31.6,15.8,52.6],[17,337,19,6,2,11,31.6,10.5,57.9],[18,4175,19,6,1,12,31.6,5.3,63.2],[19,7344,19,6,1,12,31.6,5.3,63.2],[20,465,19,5,5,9,26.3,26.3,47.4]];
var TotalBsHalf = [[1,2108,38,22,4,12,57.9,10.5,31.6],[2,465,38,21,9,8,55.3,23.7,21.1],[3,343,38,21,7,10,55.3,18.4,26.3],[4,364,38,21,3,14,55.3,7.9,36.8],[5,2001,38,20,4,14,52.6,10.5,36.8],[6,4175,38,20,2,16,52.6,5.3,42.1],[7,349,38,20,1,17,52.6,2.6,44.7],[8,356,38,19,11,8,50,28.9,21.1],[9,469,38,19,7,12,50,18.4,31.6],[10,369,38,19,5,14,50,13.2,36.8],[11,337,38,19,4,15,50,10.5,39.5],[12,1979,38,19,3,16,50,7.9,42.1],[13,467,38,19,3,16,50,7.9,42.1],[14,453,38,19,3,16,50,7.9,42.1],[15,354,38,18,2,18,47.4,5.3,47.4],[16,360,38,17,11,10,44.7,28.9,26.3],[17,347,38,17,8,13,44.7,21.1,34.2],[18,9844,38,16,5,17,42.1,13.2,44.7],[19,456,38,16,4,18,42.1,10.5,47.4],[20,7344,38,14,8,16,36.8,21.1,42.1]];
var HomeBsHalf = [[1,343,19,13,3,3,68.4,15.8,15.8],[2,7344,19,11,2,6,57.9,10.5,31.6],[3,364,19,11,1,7,57.9,5.3,36.8],[4,2108,19,11,1,7,57.9,5.3,36.8],[5,9844,19,11,0,8,57.9,0,42.1],[6,4175,19,11,0,8,57.9,0,42.1],[7,467,19,11,0,8,57.9,0,42.1],[8,360,19,10,4,5,52.6,21.1,26.3],[9,369,19,10,3,6,52.6,15.8,31.6],[10,337,19,10,3,6,52.6,15.8,31.6],[11,349,19,10,1,8,52.6,5.3,42.1],[12,356,19,9,8,2,47.4,42.1,10.5],[13,453,19,9,2,8,47.4,10.5,42.1],[14,469,19,9,2,8,47.4,10.5,42.1],[15,347,19,8,6,5,42.1,31.6,26.3],[16,1979,19,8,2,9,42.1,10.5,47.4],[17,2001,19,8,2,9,42.1,10.5,47.4],[18,465,19,7,8,4,36.8,42.1,21.1],[19,456,19,6,3,10,31.6,15.8,52.6],[20,354,19,5,1,13,26.3,5.3,68.4]];
var GuestBsHalf = [[1,465,19,14,1,4,73.7,5.3,21.1],[2,354,19,13,1,5,68.4,5.3,26.3],[3,2001,19,12,2,5,63.2,10.5,26.3],[4,2108,19,11,3,5,57.9,15.8,26.3],[5,1979,19,11,1,7,57.9,5.3,36.8],[6,469,19,10,5,4,52.6,26.3,21.1],[7,356,19,10,3,6,52.6,15.8,31.6],[8,364,19,10,2,7,52.6,10.5,36.8],[9,453,19,10,1,8,52.6,5.3,42.1],[10,456,19,10,1,8,52.6,5.3,42.1],[11,349,19,10,0,9,52.6,0,47.4],[12,347,19,9,2,8,47.4,10.5,42.1],[13,4175,19,9,2,8,47.4,10.5,42.1],[14,369,19,9,2,8,47.4,10.5,42.1],[15,337,19,9,1,9,47.4,5.3,47.4],[16,343,19,8,4,7,42.1,21.1,36.8],[17,467,19,8,3,8,42.1,15.8,42.1],[18,360,19,7,7,5,36.8,36.8,26.3],[19,9844,19,5,5,9,26.3,26.3,47.4],[20,7344,19,3,6,10,15.8,31.6,52.6]];
var addUp = [314,41.3,66,8.7,380,50,[65.8,356],[63.2,347],[73.7,356],[78.9,347],[57.9,356,2001],[63.2,9844,4175,7344]];
var addUpHalf = [376,49.5,104,13.7,280,36.8,[57.9,2108],[47.4,354,456],[68.4,343],[68.4,354],[73.7,465],[52.6,7344]];
var lastUpdateTime = '2025-01-19 09:38:05';
