var arrLeague = [27,'瑞士超级联赛','瑞士超級聯賽','Switzerland Super League','2017-2018','#1ba578','league_match/images/20151127162550.jpg','瑞士超','瑞士超','SUI SL'];
var arrTeam = [[430,'图恩','杜安','Thun','','images/430/1gtqm5nk922e.png',0],[433,'圣加仑','聖加倫','St. Gallen','','images/433/1gtqm1pz3d2d.png',0],[436,'草蜢','草蜢','Grasshopper','','images/436/1h8asqtqsjb.png',0],[442,'年青人','年青人','Young Boys','','images/442/1gxmbma5rq4.png',0],[449,'苏黎世','蘇黎世','FC Zurich','','images/449/1jh4aqszf629.png',0],[451,'巴塞尔','巴素利','Basel','','images/451/1gv1yreqw0h.png',0],[1229,'卢加诺','盧加諾','Lugano','','images/1229/1gtqm1pzk318.png',0],[1237,'卢森','琉森','Luzern','','images/1237/1h6wfe0585w.png',0],[1323,'锡昂','錫永','FC Sion','','images/1323/1hkrdvr1r626.png',0],[2601,'洛桑','洛桑體育隊','Lausanne Sports','','images/2601/1j0ytn4xd41b.png',0]];
var TotalPanLu = [[1,442,36,32,0,4,25,0,11,14,69.4,0,30.6],[2,1237,36,12,5,19,21,1,14,7,58.3,2.8,38.9],[3,436,36,10,8,18,19,0,17,2,52.8,0,47.2],[4,1323,36,12,6,18,17,1,18,-1,47.2,2.8,50],[5,433,36,8,5,23,17,0,19,-2,47.2,0,52.8],[6,2601,35,3,7,26,16,0,19,-3,45.7,0,54.3],[7,451,36,35,0,1,16,0,20,-4,44.4,0,55.6],[8,1229,36,12,4,20,16,0,20,-4,44.4,0,55.6],[9,430,35,11,6,19,15,0,20,-5,42.9,0,57.1],[10,449,36,22,5,9,15,2,19,-4,41.7,5.6,52.8]];
var HomePanLu = [[1,442,18,17,0,1,12,0,6,6,66.7,0,33.3],[2,1237,18,12,2,4,9,1,8,1,50,5.6,44.4],[3,433,18,8,3,7,8,0,10,-2,44.4,0,55.6],[4,449,18,15,0,3,8,0,10,-2,44.4,0,55.6],[5,1323,18,10,3,5,7,1,10,-3,38.9,5.6,55.6],[6,436,18,9,4,5,7,0,11,-4,38.9,0,61.1],[7,451,18,18,0,0,7,0,11,-4,38.9,0,61.1],[8,1229,18,12,1,5,7,0,11,-4,38.9,0,61.1],[9,2601,17,3,7,8,6,0,11,-5,35.3,0,64.7],[10,430,18,11,3,4,6,0,12,-6,33.3,0,66.7]];
var GuestPanLu = [[1,442,18,15,0,3,13,0,5,8,72.2,0,27.8],[2,1237,18,0,3,15,12,0,6,6,66.7,0,33.3],[3,436,18,1,4,13,12,0,6,6,66.7,0,33.3],[4,1323,18,2,3,13,10,0,8,2,55.6,0,44.4],[5,2601,18,0,0,18,10,0,8,2,55.6,0,44.4],[6,430,17,0,3,15,9,0,8,1,52.9,0,47.1],[7,433,18,0,2,16,9,0,9,0,50,0,50],[8,451,18,17,0,1,9,0,9,0,50,0,50],[9,1229,18,0,3,15,9,0,9,0,50,0,50],[10,449,18,7,5,6,7,2,9,-2,38.9,11.1,50]];
var TotalHalfPanLu = [[1,1237,36,9,12,15,18,7,11,7,50,19.4,30.6],[2,2601,35,0,12,24,17,6,12,5,48.6,17.1,34.3],[3,1323,36,7,15,14,16,8,12,4,44.4,22.2,33.3],[4,451,36,32,4,0,16,4,16,0,44.4,11.1,44.4],[5,442,36,30,3,3,16,3,17,-1,44.4,8.3,47.2],[6,433,36,4,13,19,15,8,13,2,41.7,22.2,36.1],[7,1229,36,9,12,15,15,8,13,2,41.7,22.2,36.1],[8,449,36,20,11,5,13,7,16,-3,36.1,19.4,44.4],[9,436,36,8,13,15,12,7,17,-5,33.3,19.4,47.2],[10,430,35,8,11,17,10,4,21,-11,28.6,11.4,60]];
var HomeHalfPanLu = [[1,1237,18,9,5,4,9,3,6,3,50,16.7,33.3],[2,451,18,18,0,0,9,0,9,0,50,0,50],[3,433,18,4,9,5,8,6,4,4,44.4,33.3,22.2],[4,442,18,16,2,0,8,2,8,0,44.4,11.1,44.4],[5,1323,18,7,7,4,7,4,7,0,38.9,22.2,38.9],[6,1229,18,9,5,4,7,3,8,-1,38.9,16.7,44.4],[7,449,18,15,2,1,7,2,9,-2,38.9,11.1,50],[8,2601,17,0,12,6,5,6,6,-1,29.4,35.3,35.3],[9,436,18,8,5,5,4,2,12,-8,22.2,11.1,66.7],[10,430,18,8,6,4,2,3,13,-11,11.1,16.7,72.2]];
var GuestHalfPanLu = [[1,2601,18,0,0,18,12,0,6,6,66.7,0,33.3],[2,1237,18,0,7,11,9,4,5,4,50,22.2,27.8],[3,1323,18,0,8,10,9,4,5,4,50,22.2,27.8],[4,430,17,0,5,13,8,1,8,0,47.1,5.9,47.1],[5,436,18,0,8,10,8,5,5,3,44.4,27.8,27.8],[6,1229,18,0,7,11,8,5,5,3,44.4,27.8,27.8],[7,442,18,14,1,3,8,1,9,-1,44.4,5.6,50],[8,451,18,14,4,0,7,4,7,0,38.9,22.2,38.9],[9,433,18,0,4,14,7,2,9,-2,38.9,11.1,50],[10,449,18,5,9,4,6,5,7,-1,33.3,27.8,38.9]];
var addUp = [77,43,2,1.1,100,55.9,[69.4,442],[57.1,430],[66.7,442],[66.7,430],[72.2,442],[50,433,451,1229,449],[5.6,449],[0,442,436,433,2601,451,1229,430]];
var addUpHalf = [66,36.9,31,17.3,82,45.8,[50,1237],[60,430],[50,1237,451],[72.2,430],[66.7,2601],[50,442,433],[22.2,1323,433,1229],[8.3,442]];
var lastUpdateTime = '2025-01-19 11:33:01';
