var arrLeague = [27,'瑞士超级联赛','瑞士超級聯賽','Switzerland Super League','2017-2018','#1ba578','league_match/images/20151127162550.jpg','瑞士超','瑞士超','SUI SL'];
var arrTeam = [[430,'图恩','杜安','Thun','','images/430/1gtqm5nk922e.png',0],[433,'圣加仑','聖加倫','St. Gallen','','images/433/1gtqm1pz3d2d.png',0],[436,'草蜢','草蜢','Grasshopper','','images/436/1h8asqtqsjb.png',0],[442,'年青人','年青人','Young Boys','','images/442/1gxmbma5rq4.png',0],[449,'苏黎世','蘇黎世','FC Zurich','','images/449/1jh4aqszf629.png',0],[451,'巴塞尔','巴素利','Basel','','images/451/1gv1yreqw0h.png',0],[1229,'卢加诺','盧加諾','Lugano','','images/1229/1gtqm1pzk318.png',0],[1237,'卢森','琉森','Luzern','','images/1237/1h6wfe0585w.png',0],[1323,'锡昂','錫永','FC Sion','','images/1323/1hkrdvr1r626.png',0],[2601,'洛桑','洛桑體育隊','Lausanne Sports','','images/2601/1j0ytn4xd41b.png',0]];
var TotalBs = [[1,433,36,24,1,11,66.7,2.8,30.6],[2,442,36,21,1,14,58.3,2.8,38.9],[3,430,35,20,3,12,57.1,8.6,34.3],[4,1237,36,18,1,17,50,2.8,47.2],[5,1323,36,17,0,19,47.2,0,52.8],[6,1229,36,16,2,18,44.4,5.6,50],[7,449,36,16,1,19,44.4,2.8,52.8],[8,436,36,16,0,20,44.4,0,55.6],[9,451,36,15,2,19,41.7,5.6,52.8],[10,2601,35,15,1,19,42.9,2.9,54.3]];
var HomeBs = [[1,433,18,12,1,5,66.7,5.6,27.8],[2,1237,18,10,1,7,55.6,5.6,38.9],[3,442,18,10,1,7,55.6,5.6,38.9],[4,449,18,9,1,8,50,5.6,44.4],[5,430,18,9,1,8,50,5.6,44.4],[6,2601,17,9,0,8,52.9,0,47.1],[7,1323,18,9,0,9,50,0,50],[8,1229,18,9,0,9,50,0,50],[9,451,18,7,1,10,38.9,5.6,55.6],[10,436,18,5,0,13,27.8,0,72.2]];
var GuestBs = [[1,433,18,12,0,6,66.7,0,33.3],[2,430,17,11,2,4,64.7,11.8,23.5],[3,436,18,11,0,7,61.1,0,38.9],[4,442,18,11,0,7,61.1,0,38.9],[5,451,18,8,1,9,44.4,5.6,50],[6,1237,18,8,0,10,44.4,0,55.6],[7,1323,18,8,0,10,44.4,0,55.6],[8,1229,18,7,2,9,38.9,11.1,50],[9,449,18,7,0,11,38.9,0,61.1],[10,2601,18,6,1,11,33.3,5.6,61.1]];
var TotalBsHalf = [[1,2601,35,19,0,16,54.3,0,45.7],[2,433,36,17,3,16,47.2,8.3,44.4],[3,1237,36,16,5,15,44.4,13.9,41.7],[4,1323,36,16,2,18,44.4,5.6,50],[5,430,35,16,1,18,45.7,2.9,51.4],[6,442,36,16,0,20,44.4,0,55.6],[7,451,36,13,2,21,36.1,5.6,58.3],[8,449,36,12,4,20,33.3,11.1,55.6],[9,1229,36,10,8,18,27.8,22.2,50],[10,436,36,7,5,24,19.4,13.9,66.7]];
var HomeBsHalf = [[1,433,18,10,2,6,55.6,11.1,33.3],[2,1323,18,10,1,7,55.6,5.6,38.9],[3,2601,17,10,0,7,58.8,0,41.2],[4,442,18,10,0,8,55.6,0,44.4],[5,1237,18,8,2,8,44.4,11.1,44.4],[6,430,18,7,0,11,38.9,0,61.1],[7,449,18,5,2,11,27.8,11.1,61.1],[8,451,18,5,0,13,27.8,0,72.2],[9,1229,18,4,6,8,22.2,33.3,44.4],[10,436,18,2,2,14,11.1,11.1,77.8]];
var GuestBsHalf = [[1,430,17,9,1,7,52.9,5.9,41.2],[2,2601,18,9,0,9,50,0,50],[3,1237,18,8,3,7,44.4,16.7,38.9],[4,451,18,8,2,8,44.4,11.1,44.4],[5,449,18,7,2,9,38.9,11.1,50],[6,433,18,7,1,10,38.9,5.6,55.6],[7,1229,18,6,2,10,33.3,11.1,55.6],[8,1323,18,6,1,11,33.3,5.6,61.1],[9,442,18,6,0,12,33.3,0,66.7],[10,436,18,5,3,10,27.8,16.7,55.6]];
var addUp = [178,49.7,12,3.4,168,46.9,[66.7,433],[55.6,436],[66.7,433],[72.2,436],[66.7,433],[61.1,449,2601]];
var addUpHalf = [142,39.7,30,8.4,186,52,[54.3,2601],[66.7,436],[58.8,2601],[77.8,436],[52.9,430],[66.7,442]];
var lastUpdateTime = '2025-01-19 11:33:15';
