var arrLeague = [25,'日本职业联赛J1','日本職業聯賽J1','Japan J1 League','2017','#009900','league_match/images/20130413112735.jpg','日职联','日職聯','JPN D1'];
var arrTeam = [[178,'新泻天鹅','新潟天鵝','Albirex Niigata','','images/178/1gtzd3qtet5.png',0],[188,'浦和红钻','浦和紅鑽','Urawa Red Diamonds','','images/188/1gtzcts2pj1a.png',0],[190,'鹿岛鹿角','鹿島鹿角','Kashima Antlers','','images/190/1gtzcts261m.png',0],[193,'大阪樱花','大阪櫻花','Cerezo Osaka','','images/193/1gtzcts26h14.png',0],[196,'横滨水手','橫濱水手','Yokohama Marinos','','images/196/1gtzcts26eq.png',0],[198,'磐田喜悦','磐田山葉','Jubilo Iwata','','images/198/1gtzcts2p16.png',0],[201,'FC东京','FC東京','FC Tokyo','','images/1jqk6vdj212v.png',0],[203,'神户胜利船','神戶勝利船','Vissel Kobe','','images/203/1gtzcts1qh1b.png',0],[204,'清水鼓动','清水心跳','Shimizu S-Pulse','','images/204/1gtzcts2p01p.png',0],[206,'广岛三箭','廣島三箭','Hiroshima Sanfrecce','','images/206/1gtzcts1qj1h.png',0],[207,'大阪钢巴','大阪飛腳','Gamba Osaka','','images/207/1gtzd3qtya20.png',0],[209,'柏太阳神','柏雷素爾','Kashiwa Reysol','','images/209/1gtzcts3612j.png',0],[1988,'RB大宫松鼠','RB大宮松鼠','RB Omiya Ardija','','images/1jp45sdm4f2c.png',0],[1989,'川崎前锋','川崎前鋒','Kawasaki Frontale','','images/1989/1gtzcts26x2r.png',0],[3162,'甲府风林','甲府風林','Ventforet Kofu','','images/3162/1h53w49p6r20.png',0],[3164,'鸟栖沙岩','鳥栖沙岩','Sagan Tosu','','images/3164/1gtzcts2pxc.png',0],[3193,'仙台维加泰','仙台維加泰','Vegalta Sendai','','images/3193/1h53w49ppqd.png',0],[3195,'札幌冈萨多','札幌岡薩多','Consadole Sapporo','','images/3195/1gtzcts2ps14.png',0]];
var TotalBs = [[1,193,34,20,1,13,58.8,2.9,38.2],[2,188,34,20,0,14,58.8,0,41.2],[3,1989,34,19,0,15,55.9,0,44.1],[4,3164,34,18,0,16,52.9,0,47.1],[5,1988,34,18,0,16,52.9,0,47.1],[6,203,34,18,0,16,52.9,0,47.1],[7,3195,34,17,1,16,50,2.9,47.1],[8,190,34,17,0,17,50,0,50],[9,3193,34,17,0,17,50,0,50],[10,207,34,16,0,18,47.1,0,52.9],[11,204,34,16,0,18,47.1,0,52.9],[12,198,34,16,0,18,47.1,0,52.9],[13,201,34,15,0,19,44.1,0,55.9],[14,209,34,15,0,19,44.1,0,55.9],[15,178,34,14,1,19,41.2,2.9,55.9],[16,206,34,13,0,21,38.2,0,61.8],[17,196,34,13,0,21,38.2,0,61.8],[18,3162,34,8,3,23,23.5,8.8,67.6]];
var HomeBs = [[1,188,17,12,0,5,70.6,0,29.4],[2,1989,17,12,0,5,70.6,0,29.4],[3,193,17,10,0,7,58.8,0,41.2],[4,3164,17,10,0,7,58.8,0,41.2],[5,204,17,10,0,7,58.8,0,41.2],[6,203,17,10,0,7,58.8,0,41.2],[7,198,17,9,0,8,52.9,0,47.1],[8,3193,17,9,0,8,52.9,0,47.1],[9,3195,17,8,1,8,47.1,5.9,47.1],[10,1988,17,7,0,10,41.2,0,58.8],[11,190,17,7,0,10,41.2,0,58.8],[12,209,17,7,0,10,41.2,0,58.8],[13,206,17,6,0,11,35.3,0,64.7],[14,178,17,6,0,11,35.3,0,64.7],[15,201,17,6,0,11,35.3,0,64.7],[16,207,17,6,0,11,35.3,0,64.7],[17,196,17,6,0,11,35.3,0,64.7],[18,3162,17,4,2,11,23.5,11.8,64.7]];
var GuestBs = [[1,1988,17,11,0,6,64.7,0,35.3],[2,193,17,10,1,6,58.8,5.9,35.3],[3,207,17,10,0,7,58.8,0,41.2],[4,190,17,10,0,7,58.8,0,41.2],[5,201,17,9,0,8,52.9,0,47.1],[6,3195,17,9,0,8,52.9,0,47.1],[7,178,17,8,1,8,47.1,5.9,47.1],[8,188,17,8,0,9,47.1,0,52.9],[9,3164,17,8,0,9,47.1,0,52.9],[10,209,17,8,0,9,47.1,0,52.9],[11,3193,17,8,0,9,47.1,0,52.9],[12,203,17,8,0,9,47.1,0,52.9],[13,196,17,7,0,10,41.2,0,58.8],[14,198,17,7,0,10,41.2,0,58.8],[15,1989,17,7,0,10,41.2,0,58.8],[16,206,17,7,0,10,41.2,0,58.8],[17,204,17,6,0,11,35.3,0,64.7],[18,3162,17,4,1,12,23.5,5.9,70.6]];
var TotalBsHalf = [[1,3164,34,16,7,11,47.1,20.6,32.4],[2,3195,34,15,5,14,44.1,14.7,41.2],[3,198,34,13,9,12,38.2,26.5,35.3],[4,203,34,13,8,13,38.2,23.5,38.2],[5,3162,34,13,4,17,38.2,11.8,50],[6,193,34,11,9,14,32.4,26.5,41.2],[7,1989,34,11,7,16,32.4,20.6,47.1],[8,190,34,11,2,21,32.4,5.9,61.8],[9,178,34,10,10,14,29.4,29.4,41.2],[10,196,34,10,9,15,29.4,26.5,44.1],[11,204,34,10,9,15,29.4,26.5,44.1],[12,188,34,10,4,20,29.4,11.8,58.8],[13,3193,34,9,7,18,26.5,20.6,52.9],[14,201,34,8,11,15,23.5,32.4,44.1],[15,1988,34,8,9,17,23.5,26.5,50],[16,206,34,8,7,19,23.5,20.6,55.9],[17,209,34,7,15,12,20.6,44.1,35.3],[18,207,34,7,8,19,20.6,23.5,55.9]];
var HomeBsHalf = [[1,198,17,8,3,6,47.1,17.6,35.3],[2,3164,17,7,6,4,41.2,35.3,23.5],[3,3195,17,7,4,6,41.2,23.5,35.3],[4,203,17,7,3,7,41.2,17.6,41.2],[5,1989,17,7,3,7,41.2,17.6,41.2],[6,188,17,7,1,9,41.2,5.9,52.9],[7,204,17,6,6,5,35.3,35.3,29.4],[8,196,17,6,5,6,35.3,29.4,35.3],[9,3193,17,6,3,8,35.3,17.6,47.1],[10,3162,17,6,2,9,35.3,11.8,52.9],[11,190,17,6,0,11,35.3,0,64.7],[12,178,17,5,5,7,29.4,29.4,41.2],[13,193,17,4,6,7,23.5,35.3,41.2],[14,201,17,4,2,11,23.5,11.8,64.7],[15,209,17,3,7,7,17.6,41.2,41.2],[16,207,17,3,3,11,17.6,17.6,64.7],[17,206,17,2,5,10,11.8,29.4,58.8],[18,1988,17,1,6,10,5.9,35.3,58.8]];
var GuestBsHalf = [[1,3164,17,9,1,7,52.9,5.9,41.2],[2,3195,17,8,1,8,47.1,5.9,47.1],[3,193,17,7,3,7,41.2,17.6,41.2],[4,1988,17,7,3,7,41.2,17.6,41.2],[5,3162,17,7,2,8,41.2,11.8,47.1],[6,203,17,6,5,6,35.3,29.4,35.3],[7,206,17,6,2,9,35.3,11.8,52.9],[8,198,17,5,6,6,29.4,35.3,35.3],[9,178,17,5,5,7,29.4,29.4,41.2],[10,190,17,5,2,10,29.4,11.8,58.8],[11,201,17,4,9,4,23.5,52.9,23.5],[12,209,17,4,8,5,23.5,47.1,29.4],[13,207,17,4,5,8,23.5,29.4,47.1],[14,196,17,4,4,9,23.5,23.5,52.9],[15,1989,17,4,4,9,23.5,23.5,52.9],[16,204,17,4,3,10,23.5,17.6,58.8],[17,3193,17,3,4,10,17.6,23.5,58.8],[18,188,17,3,3,11,17.6,17.6,64.7]];
var addUp = [290,47.4,6,1,316,51.6,[58.8,193,188],[67.6,3162],[70.6,188,1989],[64.7,206,178,201,207,196,3162],[64.7,1988],[70.6,3162]];
var addUpHalf = [190,31,140,22.9,282,46.1,[47.1,3164],[61.8,190],[47.1,198],[64.7,190,201,207],[52.9,3164],[64.7,188]];
var lastUpdateTime = '2026-04-07 16:23:22';
