var arrLeague = [273,'澳洲甲组联赛','澳洲甲組聯賽','Australia A-League','2021-2022','#FF7000','league_match/images/167305577951.png','澳洲甲','澳洲甲','AUS D1'];
var arrTeam = [[2900,'阿德莱德联','阿德萊德聯','Adelaide United','','images/2900/1hd5avvjts1y.png',0],[2901,'墨尔本胜利','墨爾本勝利','Melbourne Victory','','images/2901/1jaekt97145.png',0],[2909,'悉尼FC','悉尼FC','Sydney FC','','images/2909/1gq92j83knp.png',0],[2910,'中央海岸水手','中岸水手','Central Coast Mariners','','images/2910/1hd5avvjt32h.png',0],[2913,'珀斯光荣','珀斯光輝','Perth Glory','','images/2913/1h5bja71yq6.png',0],[2914,'布里斯班狮吼','布里斯本獅吼','Brisbane Roar','','images/2914/1j63q4e1gy18.png',0],[2915,'纽卡斯尔喷气机','紐卡素噴射機','Newcastle Jets','','images/2915/1hdajpw3vks.png',0],[5953,'惠灵顿凤凰','威靈頓鳳凰','Wellington Phoenix','','images/5953/1h6z210pqs2n.png',0],[14549,'墨尔本城','墨爾本城','Melbourne City','','images/14549/1gq92j83kv7.png',0],[20394,'西悉尼流浪者','西悉尼流浪者','Western Sydney','','images/20130923112441.png',0],[24502,'西部联','西部聯','Western United FC','','images/24502/1j3h5y5j79d.png',0],[51511,'麦克阿瑟FC','麥克阿瑟FC','FC Macarthur','','images/51511/1gq6jzjepr13.png',0]];
var TotalPanLu = [[1,2900,29,11,2,16,21,0,8,13,72.4,0,27.6],[2,2901,26,14,9,5,17,2,7,10,65.4,7.7,26.9],[3,24502,30,12,5,13,19,1,10,9,63.3,3.3,33.3],[4,5953,27,7,3,17,16,0,11,5,59.3,0,40.7],[5,2910,27,7,3,17,15,2,10,5,55.6,7.4,37],[6,51511,26,8,5,13,12,1,13,-1,46.2,3.8,50],[7,2915,26,8,3,15,11,1,14,-3,42.3,3.8,53.8],[8,14549,29,27,1,1,11,3,15,-4,37.9,10.3,51.7],[9,2914,25,9,7,10,9,2,14,-5,36,8,56],[10,20394,25,11,3,12,8,1,16,-8,32,4,64],[11,2909,26,20,5,1,8,0,18,-10,30.8,0,69.2],[12,2913,26,3,6,17,7,1,18,-11,26.9,3.8,69.2]];
var HomePanLu = [[1,5953,13,5,3,5,10,0,3,7,76.9,0,23.1],[2,2900,15,10,1,4,11,0,4,7,73.3,0,26.7],[3,24502,15,9,3,3,10,0,5,5,66.7,0,33.3],[4,2910,13,7,2,4,8,1,4,4,61.5,7.7,30.8],[5,2901,13,10,2,2,7,0,6,1,53.8,0,46.2],[6,2914,13,9,2,2,6,1,6,0,46.2,7.7,46.2],[7,2915,13,8,2,3,6,1,6,0,46.2,7.7,46.2],[8,51511,13,8,3,2,6,1,6,0,46.2,7.7,46.2],[9,20394,12,9,2,2,4,0,8,-4,33.3,0,66.7],[10,2909,13,11,2,0,4,0,9,-5,30.8,0,69.2],[11,2913,13,3,4,6,3,0,10,-7,23.1,0,76.9],[12,14549,15,15,0,0,3,3,9,-6,20,20,60]];
var GuestPanLu = [[1,2901,13,4,7,3,10,2,1,9,76.9,15.4,7.7],[2,2900,14,1,1,12,10,0,4,6,71.4,0,28.6],[3,24502,15,3,2,10,9,1,5,4,60,6.7,33.3],[4,14549,14,12,1,1,8,0,6,2,57.1,0,42.9],[5,2910,14,0,1,13,7,1,6,1,50,7.1,42.9],[6,51511,13,0,2,11,6,0,7,-1,46.2,0,53.8],[7,5953,14,2,0,12,6,0,8,-2,42.9,0,57.1],[8,2915,13,0,1,12,5,0,8,-3,38.5,0,61.5],[9,20394,13,2,1,10,4,1,8,-4,30.8,7.7,61.5],[10,2913,13,0,2,11,4,1,8,-4,30.8,7.7,61.5],[11,2909,13,9,3,1,4,0,9,-5,30.8,0,69.2],[12,2914,12,0,5,8,3,1,8,-5,25,8.3,66.7]];
var TotalHalfPanLu = [[1,24502,30,8,13,9,16,8,6,10,53.3,26.7,20],[2,2900,29,6,13,10,14,8,7,7,48.3,27.6,24.1],[3,5953,27,4,13,10,13,2,12,1,48.1,7.4,44.4],[4,2901,28,10,15,3,13,7,8,5,46.4,25,28.6],[5,20394,26,4,14,8,11,6,9,2,42.3,23.1,34.6],[6,14549,29,25,4,0,12,1,16,-4,41.4,3.4,55.2],[7,2910,27,3,16,8,11,8,8,3,40.7,29.6,29.6],[8,2914,26,3,18,5,9,5,12,-3,34.6,19.2,46.2],[9,51511,26,3,15,8,9,4,13,-4,34.6,15.4,50],[10,2913,26,0,15,11,8,7,11,-3,30.8,26.9,42.3],[11,2915,26,2,16,8,7,7,12,-5,26.9,26.9,46.2],[12,2909,26,13,12,1,7,3,16,-9,26.9,11.5,61.5]];
var HomeHalfPanLu = [[1,5953,13,3,7,3,8,1,4,4,61.5,7.7,30.8],[2,24502,15,8,5,2,8,4,3,5,53.3,26.7,20],[3,2900,15,5,7,3,7,3,5,2,46.7,20,33.3],[4,2901,14,8,5,1,6,2,6,0,42.9,14.3,42.9],[5,14549,15,15,0,0,6,0,9,-3,40,0,60],[6,20394,13,3,9,1,5,4,4,1,38.5,30.8,30.8],[7,2914,13,3,9,1,5,4,4,1,38.5,30.8,30.8],[8,2913,13,0,8,5,5,3,5,0,38.5,23.1,38.5],[9,2915,13,2,10,1,4,5,4,0,30.8,38.5,30.8],[10,51511,13,3,9,1,4,1,8,-4,30.8,7.7,61.5],[11,2909,13,10,3,0,4,0,9,-5,30.8,0,69.2],[12,2910,13,3,10,0,3,6,4,-1,23.1,46.2,30.8]];
var GuestHalfPanLu = [[1,2910,14,0,6,8,8,2,4,4,57.1,14.3,28.6],[2,24502,15,0,8,7,8,4,3,5,53.3,26.7,20],[3,2900,14,1,6,7,7,5,2,5,50,35.7,14.3],[4,2901,14,2,10,2,7,5,2,5,50,35.7,14.3],[5,20394,13,1,5,7,6,2,5,1,46.2,15.4,38.5],[6,14549,14,10,4,0,6,1,7,-1,42.9,7.1,50],[7,51511,13,0,6,7,5,3,5,0,38.5,23.1,38.5],[8,5953,14,1,6,7,5,1,8,-3,35.7,7.1,57.1],[9,2914,13,0,9,4,4,1,8,-4,30.8,7.7,61.5],[10,2913,13,0,7,6,3,4,6,-3,23.1,30.8,46.2],[11,2909,13,3,9,1,3,3,7,-4,23.1,23.1,53.8],[12,2915,13,0,6,7,3,2,8,-5,23.1,15.4,61.5]];
var addUp = [78,48.4,7,4.3,76,47.2,[72.4,2900],[69.2,2909,2913],[76.9,5953],[76.9,2913],[76.9,2901],[69.2,2909],[10.3,14549],[0,2900,5953,2909]];
var addUpHalf = [65,39.9,33,20.2,65,39.9,[53.3,24502],[61.5,2909],[61.5,5953],[69.2,2909],[57.1,2910],[61.5,2914,2915],[29.6,2910],[3.4,14549]];
var lastUpdateTime = '2025-01-18 15:35:47';
