var arrLeague = [273,'澳洲甲组联赛','澳洲甲組聯賽','Australia A-League','2021-2022','#FF7000','league_match/images/167305577951.png','澳洲甲','澳洲甲','AUS D1'];
var arrTeam = [[2900,'阿德莱德联','阿德萊德聯','Adelaide United','','images/2900/1hd5avvjts1y.png',0],[2901,'墨尔本胜利','墨爾本勝利','Melbourne Victory','','images/2901/1jaekt97145.png',0],[2909,'悉尼FC','悉尼FC','Sydney FC','','images/2909/1gq92j83knp.png',0],[2910,'中央海岸水手','中岸水手','Central Coast Mariners','','images/2910/1hd5avvjt32h.png',0],[2913,'珀斯光荣','珀斯光輝','Perth Glory','','images/2913/1h5bja71yq6.png',0],[2914,'布里斯班狮吼','布里斯本獅吼','Brisbane Roar','','images/2914/1j63q4e1gy18.png',0],[2915,'纽卡斯尔喷气机','紐卡素噴射機','Newcastle Jets','','images/2915/1hdajpw3vks.png',0],[5953,'惠灵顿凤凰','威靈頓鳳凰','Wellington Phoenix','','images/5953/1h6z210pqs2n.png',0],[14549,'墨尔本城','墨爾本城','Melbourne City','','images/14549/1gq92j83kv7.png',0],[20394,'西悉尼流浪者','西悉尼流浪者','Western Sydney','','images/20130923112441.png',0],[24502,'西部联','西部聯','Western United FC','','images/24502/1j3h5y5j79d.png',0],[51511,'麦克阿瑟FC','麥克阿瑟FC','FC Macarthur','','images/51511/1gq6jzjepr13.png',0]];
var TotalBs = [[1,2915,26,19,1,6,73.1,3.8,23.1],[2,5953,27,17,1,9,63,3.7,33.3],[3,51511,26,17,0,9,65.4,0,34.6],[4,14549,29,17,2,10,58.6,6.9,34.5],[5,2910,27,17,0,10,63,0,37],[6,2900,29,17,0,12,58.6,0,41.4],[7,2909,26,16,0,10,61.5,0,38.5],[8,2914,26,14,1,11,53.8,3.8,42.3],[9,2901,28,14,0,14,50,0,50],[10,24502,30,13,0,17,43.3,0,56.7],[11,20394,26,10,1,15,38.5,3.8,57.7],[12,2913,26,9,0,17,34.6,0,65.4]];
var HomeBs = [[1,2909,13,10,0,3,76.9,0,23.1],[2,2915,13,10,0,3,76.9,0,23.1],[3,2900,15,10,0,5,66.7,0,33.3],[4,51511,13,9,0,4,69.2,0,30.8],[5,2901,14,9,0,5,64.3,0,35.7],[6,5953,13,8,0,5,61.5,0,38.5],[7,2914,13,8,0,5,61.5,0,38.5],[8,14549,15,7,2,6,46.7,13.3,40],[9,2910,13,7,0,6,53.8,0,46.2],[10,24502,15,6,0,9,40,0,60],[11,20394,13,4,1,8,30.8,7.7,61.5],[12,2913,13,2,0,11,15.4,0,84.6]];
var GuestBs = [[1,2910,14,10,0,4,71.4,0,28.6],[2,14549,14,10,0,4,71.4,0,28.6],[3,2915,13,9,1,3,69.2,7.7,23.1],[4,5953,14,9,1,4,64.3,7.1,28.6],[5,51511,13,8,0,5,61.5,0,38.5],[6,2913,13,7,0,6,53.8,0,46.2],[7,2900,14,7,0,7,50,0,50],[8,24502,15,7,0,8,46.7,0,53.3],[9,2914,13,6,1,6,46.2,7.7,46.2],[10,20394,13,6,0,7,46.2,0,53.8],[11,2909,13,6,0,7,46.2,0,53.8],[12,2901,14,5,0,9,35.7,0,64.3]];
var TotalBsHalf = [[1,14549,29,14,2,13,48.3,6.9,44.8],[2,2909,26,12,10,4,46.2,38.5,15.4],[3,24502,30,10,7,13,33.3,23.3,43.3],[4,51511,26,9,12,5,34.6,46.2,19.2],[5,2900,29,9,7,13,31,24.1,44.8],[6,2901,28,9,5,14,32.1,17.9,50],[7,2914,26,8,11,7,30.8,42.3,26.9],[8,20394,26,8,9,9,30.8,34.6,34.6],[9,2915,26,8,8,10,30.8,30.8,38.5],[10,5953,27,7,12,8,25.9,44.4,29.6],[11,2910,27,7,8,12,25.9,29.6,44.4],[12,2913,26,5,9,12,19.2,34.6,46.2]];
var HomeBsHalf = [[1,14549,15,9,1,5,60,6.7,33.3],[2,2901,14,7,1,6,50,7.1,42.9],[3,2909,13,6,5,2,46.2,38.5,15.4],[4,2910,13,5,2,6,38.5,15.4,46.2],[5,20394,13,4,5,4,30.8,38.5,30.8],[6,2914,13,4,5,4,30.8,38.5,30.8],[7,2915,13,4,3,6,30.8,23.1,46.2],[8,2900,15,4,4,7,26.7,26.7,46.7],[9,24502,15,4,2,9,26.7,13.3,60],[10,51511,13,3,8,2,23.1,61.5,15.4],[11,5953,13,2,7,4,15.4,53.8,30.8],[12,2913,13,1,7,5,7.7,53.8,38.5]];
var GuestBsHalf = [[1,2909,13,6,5,2,46.2,38.5,15.4],[2,51511,13,6,4,3,46.2,30.8,23.1],[3,24502,15,6,5,4,40,33.3,26.7],[4,5953,14,5,5,4,35.7,35.7,28.6],[5,2900,14,5,3,6,35.7,21.4,42.9],[6,14549,14,5,1,8,35.7,7.1,57.1],[7,2914,13,4,6,3,30.8,46.2,23.1],[8,2915,13,4,5,4,30.8,38.5,30.8],[9,20394,13,4,4,5,30.8,30.8,38.5],[10,2913,13,4,2,7,30.8,15.4,53.8],[11,2910,14,2,6,6,14.3,42.9,42.9],[12,2901,14,2,4,8,14.3,28.6,57.1]];
var addUp = [180,55.2,6,1.8,140,42.9,[73.1,2915],[65.4,2913],[76.9,2909,2915],[84.6,2913],[71.4,2910,14549],[64.3,2901]];
var addUpHalf = [106,32.5,100,30.7,120,36.8,[48.3,14549],[50,2901],[60,14549],[60,24502],[46.2,2909,51511],[57.1,14549,2901]];
var lastUpdateTime = '2025-01-18 15:36:01';
