var arrLeague = [23,'葡萄牙超级联赛','葡萄牙超級聯賽','Liga Portugal 1','2012-2013','#006665','league_match/images/1j5w1nhx8v10.png','葡超','葡超','POR D1'];
var arrTeam = [[428,'贝拉马尔','比拉馬','Beira Mar','','images/428/1j3s15rtet21.png',0],[440,'塞图巴尔','塞圖巴爾','Vitoria Setubal','','images/440/1hg209ez7sa.png',0],[443,'科英布拉大学','科英布拉大學','Academica Coimbra','','images/443/1j2j8ygkkf2c.png',0],[452,'马里迪莫','馬里迪莫','Maritimo','','images/165095610183.png',0],[459,'布拉加','布拉加','Sporting Braga','','images/165095600132.png',0],[463,'本菲卡','賓菲加','Benfica','','images/165095593478.png',0],[466,'里斯本竞技','士砵亭','Sporting CP','','images/165095607959.png',0],[468,'波尔图','波圖','FC Porto','','images/165095597156.png',0],[476,'里奥阿维','里奧阿維','Rio Ave','','images/476/1hdajkkb221n.png',0],[486,'埃斯托里尔','伊斯托里爾','Estoril','','images/165095590467.png',0],[919,'吉维森特','基維辛迪','Gil Vicente','','images/919/1gpyrknv73a.png',0],[924,'摩里伦斯','摩里倫斯','Moreirense','','images/165095611817.png',0],[927,'吉马良斯','甘馬雷斯','Vitoria Guimaraes','','images/165095604742.png',0],[951,'葡萄牙国民','國民隊','Nacional da Madeira','','images/951/1gxsf273jh2z.png',0],[1006,'费雷拉','費利拿','Pacos de Ferreira','','images/165095603251.png',0],[1558,'欧汉尼斯','奧漢倫斯','Olhanense SC','','images/2013128175804.jpg',0]];
var TotalPanLu = [[1,1006,30,15,3,12,18,3,9,9,60,10,30],[2,468,30,29,0,1,18,0,12,6,60,0,40],[3,463,30,29,0,1,17,3,10,7,56.7,10,33.3],[4,476,30,11,3,16,17,1,12,5,56.7,3.3,40],[5,486,30,10,4,16,17,1,12,5,56.7,3.3,40],[6,443,30,8,4,18,15,2,13,2,50,6.7,43.3],[7,452,30,12,5,13,15,0,15,0,50,0,50],[8,459,30,25,0,5,15,0,15,0,50,0,50],[9,951,30,13,2,15,15,0,15,0,50,0,50],[10,927,30,10,6,14,13,3,14,-1,43.3,10,46.7],[11,924,30,3,6,21,12,4,14,-2,40,13.3,46.7],[12,440,30,4,7,19,12,2,16,-4,40,6.7,53.3],[13,1558,30,10,1,19,12,0,18,-6,40,0,60],[14,428,30,5,6,19,11,3,16,-5,36.7,10,53.3],[15,919,30,7,4,19,11,2,17,-6,36.7,6.7,56.7],[16,466,30,23,1,6,8,4,18,-10,26.7,13.3,60]];
var HomePanLu = [[1,486,15,10,0,5,10,0,5,5,66.7,0,33.3],[2,463,15,15,0,0,9,1,5,4,60,6.7,33.3],[3,468,15,15,0,0,9,0,6,3,60,0,40],[4,1006,15,12,0,3,8,1,6,2,53.3,6.7,40],[5,951,15,11,0,4,8,0,7,1,53.3,0,46.7],[6,927,15,10,1,4,7,1,7,0,46.7,6.7,46.7],[7,476,15,10,1,4,7,1,7,0,46.7,6.7,46.7],[8,443,15,8,2,5,7,0,8,-1,46.7,0,53.3],[9,452,15,11,0,4,7,0,8,-1,46.7,0,53.3],[10,459,15,13,0,2,7,0,8,-1,46.7,0,53.3],[11,428,15,5,5,5,6,2,7,-1,40,13.3,46.7],[12,440,15,4,7,4,6,1,8,-2,40,6.7,53.3],[13,919,15,7,4,4,5,1,9,-4,33.3,6.7,60],[14,466,15,13,0,2,4,4,7,-3,26.7,26.7,46.7],[15,924,15,3,6,6,4,2,9,-5,26.7,13.3,60],[16,1558,15,10,0,5,4,0,11,-7,26.7,0,73.3]];
var GuestPanLu = [[1,1006,15,3,3,9,10,2,3,7,66.7,13.3,20],[2,476,15,1,2,12,10,0,5,5,66.7,0,33.3],[3,468,15,14,0,1,9,0,6,3,60,0,40],[4,924,15,0,0,15,8,2,5,3,53.3,13.3,33.3],[5,463,15,14,0,1,8,2,5,3,53.3,13.3,33.3],[6,443,15,0,2,13,8,2,5,3,53.3,13.3,33.3],[7,452,15,1,5,9,8,0,7,1,53.3,0,46.7],[8,459,15,12,0,3,8,0,7,1,53.3,0,46.7],[9,1558,15,0,1,14,8,0,7,1,53.3,0,46.7],[10,486,15,0,4,11,7,1,7,0,46.7,6.7,46.7],[11,951,15,2,2,11,7,0,8,-1,46.7,0,53.3],[12,927,15,0,5,10,6,2,7,-1,40,13.3,46.7],[13,919,15,0,0,15,6,1,8,-2,40,6.7,53.3],[14,440,15,0,0,15,6,1,8,-2,40,6.7,53.3],[15,428,15,0,1,14,5,1,9,-4,33.3,6.7,60],[16,466,15,10,1,4,4,0,11,-7,26.7,0,73.3]];
var TotalHalfPanLu = [[1,459,30,0,0,0,19,2,9,10,63.3,6.7,30],[2,486,30,0,0,0,18,1,11,7,60,3.3,36.7],[3,463,30,0,0,0,15,2,13,2,50,6.7,43.3],[4,468,30,0,0,0,15,1,14,1,50,3.3,46.7],[5,1006,30,0,0,0,14,8,8,6,46.7,26.7,26.7],[6,924,30,0,0,0,14,6,10,4,46.7,20,33.3],[7,428,30,0,0,0,14,5,11,3,46.7,16.7,36.7],[8,476,30,0,0,0,12,5,13,-1,40,16.7,43.3],[9,919,30,0,0,0,12,5,13,-1,40,16.7,43.3],[10,443,30,0,0,0,12,4,14,-2,40,13.3,46.7],[11,452,30,0,0,0,11,10,9,2,36.7,33.3,30],[12,440,30,0,0,0,11,6,13,-2,36.7,20,43.3],[13,466,30,0,0,0,11,1,18,-7,36.7,3.3,60],[14,927,30,0,0,0,10,5,15,-5,33.3,16.7,50],[15,1558,30,0,0,0,10,4,16,-6,33.3,13.3,53.3],[16,951,30,0,0,0,8,3,19,-11,26.7,10,63.3]];
var HomeHalfPanLu = [[1,459,15,0,0,0,10,0,5,5,66.7,0,33.3],[2,486,15,0,0,0,9,0,6,3,60,0,40],[3,924,15,0,0,0,7,4,4,3,46.7,26.7,26.7],[4,1006,15,0,0,0,7,1,7,0,46.7,6.7,46.7],[5,468,15,0,0,0,7,0,8,-1,46.7,0,53.3],[6,463,15,0,0,0,6,2,7,-1,40,13.3,46.7],[7,443,15,0,0,0,6,1,8,-2,40,6.7,53.3],[8,466,15,0,0,0,6,0,9,-3,40,0,60],[9,452,15,0,0,0,5,5,5,0,33.3,33.3,33.3],[10,428,15,0,0,0,5,5,5,0,33.3,33.3,33.3],[11,919,15,0,0,0,5,3,7,-2,33.3,20,46.7],[12,927,15,0,0,0,5,2,8,-3,33.3,13.3,53.3],[13,440,15,0,0,0,4,5,6,-2,26.7,33.3,40],[14,476,15,0,0,0,4,3,8,-4,26.7,20,53.3],[15,1558,15,0,0,0,4,2,9,-5,26.7,13.3,60],[16,951,15,0,0,0,4,1,10,-6,26.7,6.7,66.7]];
var GuestHalfPanLu = [[1,459,15,0,0,0,9,2,4,5,60,13.3,26.7],[2,486,15,0,0,0,9,1,5,4,60,6.7,33.3],[3,463,15,0,0,0,9,0,6,3,60,0,40],[4,428,15,0,0,0,9,0,6,3,60,0,40],[5,476,15,0,0,0,8,2,5,3,53.3,13.3,33.3],[6,468,15,0,0,0,8,1,6,2,53.3,6.7,40],[7,1006,15,0,0,0,7,7,1,6,46.7,46.7,6.7],[8,919,15,0,0,0,7,2,6,1,46.7,13.3,40],[9,924,15,0,0,0,7,2,6,1,46.7,13.3,40],[10,440,15,0,0,0,7,1,7,0,46.7,6.7,46.7],[11,452,15,0,0,0,6,5,4,2,40,33.3,26.7],[12,443,15,0,0,0,6,3,6,0,40,20,40],[13,1558,15,0,0,0,6,2,7,-1,40,13.3,46.7],[14,927,15,0,0,0,5,3,7,-2,33.3,20,46.7],[15,466,15,0,0,0,5,1,9,-4,33.3,6.7,60],[16,951,15,0,0,0,4,2,9,-5,26.7,13.3,60]];
var addUp = [108,45,14,5.8,118,49.2,[60,1006,468],[60,1558,466],[66.7,486],[73.3,1558],[66.7,1006,476],[73.3,466],[13.3,924,466],[0,468,452,459,951,1558]];
var addUpHalf = [94,39.2,34,14.2,112,46.7,[63.3,459],[63.3,951],[66.7,459],[66.7,951],[60,459,486,463,428],[60,466,951],[33.3,452],[3.3,486,468,466]];
var lastUpdateTime = '2025-01-20 14:33:43';
