var arrLeague = [23,'葡萄牙超级联赛','葡萄牙超級聯賽','Liga Portugal 1','2012-2013','#006665','league_match/images/1j5w1nhx8v10.png','葡超','葡超','POR D1'];
var arrTeam = [[428,'贝拉马尔','比拉馬','Beira Mar','','images/428/1j3s15rtet21.png',0],[440,'塞图巴尔','塞圖巴爾','Vitoria Setubal','','images/440/1hg209ez7sa.png',0],[443,'科英布拉大学','科英布拉大學','Academica Coimbra','','images/443/1j2j8ygkkf2c.png',0],[452,'马里迪莫','馬里迪莫','Maritimo','','images/165095610183.png',0],[459,'布拉加','布拉加','Sporting Braga','','images/165095600132.png',0],[463,'本菲卡','賓菲加','Benfica','','images/165095593478.png',0],[466,'里斯本竞技','士砵亭','Sporting CP','','images/165095607959.png',0],[468,'波尔图','波圖','FC Porto','','images/165095597156.png',0],[476,'里奥阿维','里奧阿維','Rio Ave','','images/476/1hdajkkb221n.png',0],[486,'埃斯托里尔','伊斯托里爾','Estoril','','images/165095590467.png',0],[919,'吉维森特','基維辛迪','Gil Vicente','','images/919/1gpyrknv73a.png',0],[924,'摩里伦斯','摩里倫斯','Moreirense','','images/165095611817.png',0],[927,'吉马良斯','甘馬雷斯','Vitoria Guimaraes','','images/165095604742.png',0],[951,'葡萄牙国民','國民隊','Nacional da Madeira','','images/951/1gxsf273jh2z.png',0],[1006,'费雷拉','費利拿','Pacos de Ferreira','','images/165095603251.png',0],[1558,'欧汉尼斯','奧漢倫斯','Olhanense SC','','images/2013128175804.jpg',0]];
var TotalBs = [[1,951,30,21,1,8,70,3.3,26.7],[2,919,30,19,0,11,63.3,0,36.7],[3,459,30,19,0,11,63.3,0,36.7],[4,463,30,18,3,9,60,10,30],[5,927,30,17,1,12,56.7,3.3,40],[6,486,30,17,0,13,56.7,0,43.3],[7,428,30,16,1,13,53.3,3.3,43.3],[8,468,30,14,3,13,46.7,10,43.3],[9,476,30,14,1,15,46.7,3.3,50],[10,440,30,14,1,15,46.7,3.3,50],[11,443,30,14,1,15,46.7,3.3,50],[12,924,30,14,0,16,46.7,0,53.3],[13,466,30,13,0,17,43.3,0,56.7],[14,452,30,11,0,19,36.7,0,63.3],[15,1006,30,11,0,19,36.7,0,63.3],[16,1558,30,10,0,20,33.3,0,66.7]];
var HomeBs = [[1,486,15,11,0,4,73.3,0,26.7],[2,459,15,11,0,4,73.3,0,26.7],[3,951,15,11,0,4,73.3,0,26.7],[4,443,15,10,0,5,66.7,0,33.3],[5,919,15,9,0,6,60,0,40],[6,927,15,8,0,7,53.3,0,46.7],[7,924,15,8,0,7,53.3,0,46.7],[8,463,15,7,3,5,46.7,20,33.3],[9,1558,15,7,0,8,46.7,0,53.3],[10,476,15,7,0,8,46.7,0,53.3],[11,428,15,7,0,8,46.7,0,53.3],[12,468,15,6,2,7,40,13.3,46.7],[13,440,15,6,1,8,40,6.7,53.3],[14,466,15,6,0,9,40,0,60],[15,1006,15,5,0,10,33.3,0,66.7],[16,452,15,2,0,13,13.3,0,86.7]];
var GuestBs = [[1,463,15,11,0,4,73.3,0,26.7],[2,951,15,10,1,4,66.7,6.7,26.7],[3,919,15,10,0,5,66.7,0,33.3],[4,927,15,9,1,5,60,6.7,33.3],[5,428,15,9,1,5,60,6.7,33.3],[6,452,15,9,0,6,60,0,40],[7,468,15,8,1,6,53.3,6.7,40],[8,459,15,8,0,7,53.3,0,46.7],[9,440,15,8,0,7,53.3,0,46.7],[10,476,15,7,1,7,46.7,6.7,46.7],[11,466,15,7,0,8,46.7,0,53.3],[12,486,15,6,0,9,40,0,60],[13,1006,15,6,0,9,40,0,60],[14,924,15,6,0,9,40,0,60],[15,443,15,4,1,10,26.7,6.7,66.7],[16,1558,15,3,0,12,20,0,80]];
var TotalBsHalf = [[1,452,29,18,2,9,62.1,6.9,31],[2,486,29,16,6,7,55.2,20.7,24.1],[3,428,30,16,6,8,53.3,20,26.7],[4,440,30,15,3,12,50,10,40],[5,924,29,14,6,9,48.3,20.7,31],[6,459,33,13,12,8,39.4,36.4,24.2],[7,919,30,13,8,9,43.3,26.7,30],[8,1558,30,13,5,12,43.3,16.7,40],[9,476,29,12,7,10,41.4,24.1,34.5],[10,927,30,12,6,12,40,20,40],[11,468,29,12,4,13,41.4,13.8,44.8],[12,463,30,12,3,15,40,10,50],[13,443,29,11,7,11,37.9,24.1,37.9],[14,1006,30,11,5,14,36.7,16.7,46.7],[15,466,29,10,11,8,34.5,37.9,27.6],[16,951,30,9,12,9,30,40,30]];
var HomeBsHalf = [[1,486,15,11,3,1,73.3,20,6.7],[2,1558,15,9,2,4,60,13.3,26.7],[3,428,15,8,2,5,53.3,13.3,33.3],[4,924,15,8,2,5,53.3,13.3,33.3],[5,452,15,8,1,6,53.3,6.7,40],[6,919,15,7,4,4,46.7,26.7,26.7],[7,440,15,7,2,6,46.7,13.3,40],[8,468,15,7,1,7,46.7,6.7,46.7],[9,459,15,6,6,3,40,40,20],[10,927,15,6,3,6,40,20,40],[11,443,15,5,6,4,33.3,40,26.7],[12,951,15,5,6,4,33.3,40,26.7],[13,1006,15,5,4,6,33.3,26.7,40],[14,476,15,4,3,8,26.7,20,53.3],[15,463,15,4,1,10,26.7,6.7,66.7],[16,466,15,3,7,5,20,46.7,33.3],[17,459,1,1,0,0,100,0,0],[18,459,1,1,0,0,100,0,0]];
var GuestBsHalf = [[1,452,14,10,1,3,71.4,7.1,21.4],[2,476,14,8,4,2,57.1,28.6,14.3],[3,428,15,8,4,3,53.3,26.7,20],[4,463,15,8,2,5,53.3,13.3,33.3],[5,440,15,8,1,6,53.3,6.7,40],[6,466,14,7,4,3,50,28.6,21.4],[7,924,14,6,4,4,42.9,28.6,28.6],[8,919,15,6,4,5,40,26.7,33.3],[9,927,15,6,3,6,40,20,40],[10,443,14,6,1,7,42.9,7.1,50],[11,1006,15,6,1,8,40,6.7,53.3],[12,459,14,5,6,3,35.7,42.9,21.4],[13,486,14,5,3,6,35.7,21.4,42.9],[14,468,14,5,3,6,35.7,21.4,42.9],[15,951,15,4,6,5,26.7,40,33.3],[16,1558,15,4,3,8,26.7,20,53.3],[17,459,1,0,0,1,0,0,100],[18,459,1,0,0,1,0,0,100]];
var addUp = [242,50.4,12,2.5,226,47.1,[70,951],[66.7,1558],[73.3,486,459,951],[86.7,452],[73.3,463],[80,1558]];
var addUpHalf = [207,43.5,103,21.6,166,34.9,[62.1,452],[50,463],[100,459,459],[66.7,463],[71.4,452],[100,459,459]];
var lastUpdateTime = '2025-01-20 14:33:56';
