var arrLeague = [17,'荷兰乙组联赛','荷蘭乙組聯賽','Holland Eerste Divisie','2012-2013','#FFC4E1','league_match/images/20200419030037.jpg','荷乙','荷乙','HOL D2'];
var arrTeam = [[233,'罗达JC','洛達','Roda JC','','images/233/1heh20g0cp16.png',0],[243,'格拉夫夏普','迪加史卓普','De Graafschap','','images/243/1gtg0nv5p6e.png',0],[258,'邓伯什','丹博斯治','Den Bosch','','images/258/1jh72ghqsq2.png',0],[270,'SBV精英','SBV精英隊','Excelsior SBV','','images/270/1h5bja71et21.png',0],[273,'鹿特丹斯巴达','鹿特丹斯巴達','Sparta Rotterdam','','images/165095702458.png',0],[274,'福图纳锡塔德','幸運薛達','Fortuna Sittard','','images/165095694366.png',0],[275,'赫尔蒙德','靴蒙特','Helmond Sport','','images/275/1ht3wd9jt01z.png',0],[277,'芬洛','芬洛','VVV Venlo','','images/277/1h1n1jqk031t.png',0],[279,'特尔斯达','泰斯達','SC Telstar','','images/279/1h51a204km32.png',0],[280,'前进之鹰','伊高斯','Go Ahead Eagles','','images/16509570569.png',0],[281,'奥斯','奧斯','FC Oss','','images/281/1gpyr7b7ta3.png',0],[284,'芬丹','雲登','BV Veendam','','images/20132685224.jpg',0],[287,'多德勒支','多德勒支','Dordrecht','','images/287/1hy78m77g92v.png',0],[288,'坎布尔','甘堡爾','SC Cambuur','','images/165095700772.png',0],[290,'马斯特里赫特','馬斯特里赫特','MVV Maastricht','','images/290/1heh20g0cy1q.png',0],[415,'福伦丹','華倫丹','Volendam','','images/415/1h5bja71ejk.png',0],[1091,'阿帕多恩','阿高夫','Agovv Apeldoorn','','images/2013211151118.jpg',0],[1092,'FC埃因霍温','FC燕豪芬','FC Eindhoven','','images/1092/1heh20g0c013.png',0],[1093,'安曼','安曼','Emmen','','images/1093/1h5bjb8w50b.png',0],[2596,'阿尔梅勒城','阿梅爾城','Almere City FC','','images/2596/1hj4yssc3c1a.png',0]];
var TotalBs = [[1,280,36,17,6,13,47.2,16.7,36.1],[2,415,34,16,7,11,47.1,20.6,32.4],[3,1092,30,16,2,12,53.3,6.7,40],[4,270,30,15,3,12,50,10,40],[5,243,34,15,4,15,44.1,11.8,44.1],[6,290,32,15,2,15,46.9,6.2,46.9],[7,2596,30,14,6,10,46.7,20,33.3],[8,287,32,14,6,12,43.8,18.8,37.5],[9,281,30,14,3,13,46.7,10,43.3],[10,1093,30,14,3,13,46.7,10,43.3],[11,288,30,12,6,12,40,20,40],[12,273,34,12,9,13,35.3,26.5,38.2],[13,284,26,11,5,10,42.3,19.2,38.5],[14,275,32,11,5,16,34.4,15.6,50],[15,258,30,10,8,12,33.3,26.7,40],[16,279,30,9,5,16,30,16.7,53.3],[17,274,32,9,5,18,28.1,15.6,56.2],[18,1091,18,7,1,10,38.9,5.6,55.6],[19,233,4,2,0,2,50,0,50],[20,277,2,1,0,1,50,0,50]];
var HomeBs = [[1,415,17,10,3,4,58.8,17.6,23.5],[2,1092,15,8,2,5,53.3,13.3,33.3],[3,288,15,8,0,7,53.3,0,46.7],[4,290,16,8,1,7,50,6.2,43.8],[5,2596,15,7,3,5,46.7,20,33.3],[6,270,15,7,2,6,46.7,13.3,40],[7,280,18,7,5,6,38.9,27.8,33.3],[8,243,17,7,3,7,41.2,17.6,41.2],[9,1093,15,7,1,7,46.7,6.7,46.7],[10,284,14,6,3,5,42.9,21.4,35.7],[11,287,16,6,4,6,37.5,25,37.5],[12,275,16,6,2,8,37.5,12.5,50],[13,1091,9,5,1,3,55.6,11.1,33.3],[14,258,15,5,3,7,33.3,20,46.7],[15,273,17,5,4,8,29.4,23.5,47.1],[16,281,15,5,2,8,33.3,13.3,53.3],[17,274,16,5,1,10,31.2,6.2,62.5],[18,279,15,4,4,7,26.7,26.7,46.7],[19,233,2,2,0,0,100,0,0],[20,277,1,1,0,0,100,0,0]];
var GuestBs = [[1,280,18,10,1,7,55.6,5.6,38.9],[2,281,15,9,1,5,60,6.7,33.3],[3,270,15,8,1,6,53.3,6.7,40],[4,287,16,8,2,6,50,12.5,37.5],[5,1092,15,8,0,7,53.3,0,46.7],[6,243,17,8,1,8,47.1,5.9,47.1],[7,273,17,7,5,5,41.2,29.4,29.4],[8,2596,15,7,3,5,46.7,20,33.3],[9,1093,15,7,2,6,46.7,13.3,40],[10,290,16,7,1,8,43.8,6.2,50],[11,415,17,6,4,7,35.3,23.5,41.2],[12,258,15,5,5,5,33.3,33.3,33.3],[13,284,12,5,2,5,41.7,16.7,41.7],[14,275,16,5,3,8,31.2,18.8,50],[15,279,15,5,1,9,33.3,6.7,60],[16,288,15,4,6,5,26.7,40,33.3],[17,274,16,4,4,8,25,25,50],[18,1091,9,2,0,7,22.2,0,77.8],[19,277,1,0,0,1,0,0,100],[20,233,2,0,0,2,0,0,100]];
var TotalBsHalf = [[1,415,34,16,0,18,47.1,0,52.9],[2,281,29,14,1,14,48.3,3.4,48.3],[3,270,30,14,0,16,46.7,0,53.3],[4,1093,30,14,0,16,46.7,0,53.3],[5,287,31,13,1,17,41.9,3.2,54.8],[6,273,33,13,1,19,39.4,3,57.6],[7,288,29,12,0,17,41.4,0,58.6],[8,1092,30,12,0,18,40,0,60],[9,280,35,12,0,23,34.3,0,65.7],[10,258,30,11,1,18,36.7,3.3,60],[11,275,31,11,1,19,35.5,3.2,61.3],[12,2596,31,11,0,20,35.5,0,64.5],[13,243,33,11,0,22,33.3,0,66.7],[14,290,31,10,0,21,32.3,0,67.7],[15,279,30,9,2,19,30,6.7,63.3],[16,274,32,9,1,22,28.1,3.1,68.8],[17,1091,18,7,0,11,38.9,0,61.1],[18,284,26,7,1,18,26.9,3.8,69.2],[19,233,4,1,0,3,25,0,75],[20,277,2,0,0,2,0,0,100]];
var HomeBsHalf = [[1,415,17,9,0,8,52.9,0,47.1],[2,288,15,8,0,7,53.3,0,46.7],[3,243,17,8,0,9,47.1,0,52.9],[4,270,15,7,0,8,46.7,0,53.3],[5,281,15,7,0,8,46.7,0,53.3],[6,1093,15,7,0,8,46.7,0,53.3],[7,290,16,7,0,9,43.8,0,56.2],[8,1092,15,6,0,9,40,0,60],[9,275,16,6,0,10,37.5,0,62.5],[10,273,17,6,0,11,35.3,0,64.7],[11,279,15,5,2,8,33.3,13.3,53.3],[12,287,16,5,0,11,31.2,0,68.8],[13,280,18,5,0,13,27.8,0,72.2],[14,1091,9,4,0,5,44.4,0,55.6],[15,284,14,4,1,9,28.6,7.1,64.3],[16,258,15,4,1,10,26.7,6.7,66.7],[17,2596,16,4,0,12,25,0,75],[18,274,16,3,1,12,18.8,6.2,75],[19,233,2,1,0,1,50,0,50],[20,277,1,0,0,1,0,0,100]];
var GuestBsHalf = [[1,287,15,8,1,6,53.3,6.7,40],[2,281,14,7,1,6,50,7.1,42.9],[3,258,15,7,0,8,46.7,0,53.3],[4,270,15,7,0,8,46.7,0,53.3],[5,273,16,7,1,8,43.8,6.2,50],[6,1093,15,7,0,8,46.7,0,53.3],[7,2596,15,7,0,8,46.7,0,53.3],[8,415,17,7,0,10,41.2,0,58.8],[9,280,17,7,0,10,41.2,0,58.8],[10,1092,15,6,0,9,40,0,60],[11,274,16,6,0,10,37.5,0,62.5],[12,275,15,5,1,9,33.3,6.7,60],[13,288,14,4,0,10,28.6,0,71.4],[14,279,15,4,0,11,26.7,0,73.3],[15,1091,9,3,0,6,33.3,0,66.7],[16,284,12,3,0,9,25,0,75],[17,290,15,3,0,12,20,0,80],[18,243,16,3,0,13,18.8,0,81.2],[19,277,1,0,0,1,0,0,100],[20,233,2,0,0,2,0,0,100]];
var addUp = [234,42.1,86,15.5,236,42.4,[53.3,1092],[56.2,274],[100,233,277],[62.5,274],[60,281],[100,277,233]];
var addUpHalf = [207,37.7,9,1.6,333,60.7,[48.3,281],[100,277],[53.3,288],[100,277],[53.3,287],[100,277,233]];
var lastUpdateTime = '2025-01-20 14:33:56';
