var arrLeague = [34,'意大利甲组联赛','意大利甲組聯賽','Italian Serie A','2013-2014','#0088FF','league_match/images/166674813339.png','意甲','意甲','ITA D1'];
var arrTeam = [[150,'AC米兰','AC米蘭','AC Milan','','images/164868995643.png',0],[152,'国际米兰','國際米蘭','Inter Milan','','images/152/1jgj8z3paw1g.png',0],[154,'亚特兰大','阿特蘭大','Atalanta','','images/164868998143.png',0],[166,'尤文图斯','祖雲達斯','Juventus','','images/166/1grmmxq1wa2k.png',0],[174,'罗马','羅馬','AS Roma','','images/164869002671.png',0],[176,'佛罗伦萨','費倫天拿','Fiorentina','','images/176/1hxqrpz41w1v.png',0],[179,'桑普多利亚','森多利亞','Sampdoria','','images/164869048578.png',0],[182,'拉齐奥','拉素','Lazio','','images/164869050583.png',0],[183,'卡利亚里','卡利亞里','Cagliari','','images/164869052873.png',0],[185,'博洛尼亚','博洛尼亞','Bologna','','images/16486905420.png',0],[187,'乌迪内斯','烏甸尼斯','Udinese','','images/164869056546.png',0],[189,'帕尔马','帕爾馬','Parma','','images/189/1j5f7yeztc1g.png',0],[192,'利沃诺','利禾奴','Livorno','','images/192/1h99s3beba1c.png',0],[195,'切沃','切禾','Chievo','','images/195/1j77p47z2ac.png',0],[508,'卡塔尼亚','卡坦尼亞','Catania','','images/508/1gqc32ktt78.png',0],[552,'热那亚','熱拿亞','Genoa','','images/164869068648.png',0],[558,'都灵','拖連奴','Torino','','images/164869071877.png',0],[559,'维罗纳','維羅納','Verona','','images/164869073462.png',0],[1419,'那不勒斯','拿玻里','Napoli','','images/1419/1j9ah1053g16.png',0],[2960,'萨索洛','莎索羅','Sassuolo','','images/164869078921.png',0]];
var TotalBs = [[1,559,38,26,1,11,68.4,2.6,28.9],[2,176,38,21,0,17,55.3,0,44.7],[3,192,38,21,0,17,55.3,0,44.7],[4,508,38,21,0,17,55.3,0,44.7],[5,558,38,19,0,19,50,0,50],[6,195,38,19,0,19,50,0,50],[7,179,38,19,0,19,50,0,50],[8,150,38,19,0,19,50,0,50],[9,1419,38,19,0,19,50,0,50],[10,2960,38,18,0,20,47.4,0,52.6],[11,187,38,18,0,20,47.4,0,52.6],[12,174,38,18,0,20,47.4,0,52.6],[13,183,38,17,1,20,44.7,2.6,52.6],[14,185,38,17,0,21,44.7,0,55.3],[15,152,38,17,0,21,44.7,0,55.3],[16,154,38,17,0,21,44.7,0,55.3],[17,189,38,17,0,21,44.7,0,55.3],[18,166,38,16,2,20,42.1,5.3,52.6],[19,182,38,16,0,22,42.1,0,57.9],[20,552,38,13,0,25,34.2,0,65.8]];
var HomeBs = [[1,559,19,14,0,5,73.7,0,26.3],[2,176,19,13,0,6,68.4,0,31.6],[3,183,19,12,0,7,63.2,0,36.8],[4,174,19,11,0,8,57.9,0,42.1],[5,2960,19,11,0,8,57.9,0,42.1],[6,166,19,10,2,7,52.6,10.5,36.8],[7,154,19,10,0,9,52.6,0,47.4],[8,508,19,10,0,9,52.6,0,47.4],[9,192,19,10,0,9,52.6,0,47.4],[10,195,19,9,0,10,47.4,0,52.6],[11,179,19,9,0,10,47.4,0,52.6],[12,558,19,9,0,10,47.4,0,52.6],[13,1419,19,9,0,10,47.4,0,52.6],[14,182,19,8,0,11,42.1,0,57.9],[15,150,19,7,0,12,36.8,0,63.2],[16,152,19,7,0,12,36.8,0,63.2],[17,185,19,7,0,12,36.8,0,63.2],[18,187,19,7,0,12,36.8,0,63.2],[19,189,19,6,0,13,31.6,0,68.4],[20,552,19,5,0,14,26.3,0,73.7]];
var GuestBs = [[1,559,19,12,1,6,63.2,5.3,31.6],[2,150,19,12,0,7,63.2,0,36.8],[3,187,19,11,0,8,57.9,0,42.1],[4,189,19,11,0,8,57.9,0,42.1],[5,192,19,11,0,8,57.9,0,42.1],[6,508,19,11,0,8,57.9,0,42.1],[7,185,19,10,0,9,52.6,0,47.4],[8,558,19,10,0,9,52.6,0,47.4],[9,195,19,10,0,9,52.6,0,47.4],[10,152,19,10,0,9,52.6,0,47.4],[11,179,19,10,0,9,52.6,0,47.4],[12,1419,19,10,0,9,52.6,0,47.4],[13,182,19,8,0,11,42.1,0,57.9],[14,176,19,8,0,11,42.1,0,57.9],[15,552,19,8,0,11,42.1,0,57.9],[16,174,19,7,0,12,36.8,0,63.2],[17,154,19,7,0,12,36.8,0,63.2],[18,2960,19,7,0,12,36.8,0,63.2],[19,166,19,6,0,13,31.6,0,68.4],[20,183,19,5,1,13,26.3,5.3,68.4]];
var TotalBsHalf = [[1,195,38,21,4,13,55.3,10.5,34.2],[2,192,37,20,9,8,54.1,24.3,21.6],[3,559,37,19,7,11,51.4,18.9,29.7],[4,1419,38,19,8,11,50,21.1,28.9],[5,2960,37,18,11,8,48.6,29.7,21.6],[6,185,37,18,6,13,48.6,16.2,35.1],[7,187,38,17,11,10,44.7,28.9,26.3],[8,166,38,17,8,13,44.7,21.1,34.2],[9,552,38,17,7,14,44.7,18.4,36.8],[10,176,38,16,12,10,42.1,31.6,26.3],[11,508,38,16,7,15,42.1,18.4,39.5],[12,182,38,15,9,14,39.5,23.7,36.8],[13,558,37,14,13,10,37.8,35.1,27],[14,189,38,14,13,11,36.8,34.2,28.9],[15,179,37,14,10,13,37.8,27,35.1],[16,154,37,14,8,15,37.8,21.6,40.5],[17,150,38,13,15,10,34.2,39.5,26.3],[18,152,37,13,8,16,35.1,21.6,43.2],[19,183,37,12,15,10,32.4,40.5,27],[20,174,37,11,10,16,29.7,27,43.2]];
var HomeBsHalf = [[1,195,19,13,2,4,68.4,10.5,21.1],[2,166,19,11,3,5,57.9,15.8,26.3],[3,1419,19,11,2,6,57.9,10.5,31.6],[4,192,19,10,4,5,52.6,21.1,26.3],[5,176,19,9,7,3,47.4,36.8,15.8],[6,185,19,9,5,5,47.4,26.3,26.3],[7,559,19,9,5,5,47.4,26.3,26.3],[8,2960,19,9,5,5,47.4,26.3,26.3],[9,508,19,8,3,8,42.1,15.8,42.1],[10,183,19,7,10,2,36.8,52.6,10.5],[11,558,19,7,6,6,36.8,31.6,31.6],[12,187,19,7,5,7,36.8,26.3,36.8],[13,182,19,7,5,7,36.8,26.3,36.8],[14,189,19,7,4,8,36.8,21.1,42.1],[15,552,19,7,4,8,36.8,21.1,42.1],[16,174,19,7,3,9,36.8,15.8,47.4],[17,152,19,7,3,9,36.8,15.8,47.4],[18,179,19,6,5,8,31.6,26.3,42.1],[19,150,19,5,9,5,26.3,47.4,26.3],[20,154,19,5,6,8,26.3,31.6,42.1]];
var GuestBsHalf = [[1,187,19,10,6,3,52.6,31.6,15.8],[2,192,18,10,5,3,55.6,27.8,16.7],[3,552,19,10,3,6,52.6,15.8,31.6],[4,559,18,10,2,6,55.6,11.1,33.3],[5,2960,18,9,6,3,50,33.3,16.7],[6,154,18,9,2,7,50,11.1,38.9],[7,185,18,9,1,8,50,5.6,44.4],[8,179,18,8,5,5,44.4,27.8,27.8],[9,150,19,8,6,5,42.1,31.6,26.3],[10,1419,19,8,6,5,42.1,31.6,26.3],[11,182,19,8,4,7,42.1,21.1,36.8],[12,508,19,8,4,7,42.1,21.1,36.8],[13,195,19,8,2,9,42.1,10.5,47.4],[14,189,19,7,9,3,36.8,47.4,15.8],[15,558,18,7,7,4,38.9,38.9,22.2],[16,176,19,7,5,7,36.8,26.3,36.8],[17,152,18,6,5,7,33.3,27.8,38.9],[18,166,19,6,5,8,31.6,26.3,42.1],[19,183,18,5,5,8,27.8,27.8,44.4],[20,174,18,4,7,7,22.2,38.9,38.9]];
var addUp = [368,48.4,4,0.5,388,51.1,[68.4,559],[65.8,552],[73.7,559],[73.7,552],[63.2,559,150],[68.4,166,183]];
var addUpHalf = [318,42.4,191,25.5,241,32.1,[55.3,195],[43.2,152,174],[68.4,195],[47.4,174,152],[55.6,192,559],[47.4,195]];
var lastUpdateTime = '2025-01-20 10:21:06';
