var arrLeague = [11,'法国甲组联赛','法國甲組聯賽','France Ligue 1','2024-2025','#663333','league_match/images/1j5w0b66k318.png','法甲','法甲','FRA D1'];
var arrTeam = [[197,'摩纳哥','摩納哥','Monaco','','images/16487116696.png',0],[202,'朗斯','朗斯','Lens','','images/164871168519.png',0],[205,'里昂','里昂','Lyon','','images/164871170063.png',0],[211,'马赛','馬賽','Marseille','','images/164871172839.png',0],[215,'欧塞尔','歐塞爾','AJ Auxerre','','images/215/1h71ky6nmw2f.png',0],[216,'图卢兹','圖魯茲','Toulouse','','images/216/1j5hgyxgzaq.png',0],[251,'雷恩','雷恩','Rennes','','images/164871175839.png',0],[255,'圣埃蒂安','聖伊天','Saint Etienne','','images/16487117719.png',0],[259,'尼斯','奈斯','Nice','','images/164871179882.png',0],[260,'斯特拉斯堡','史特拉斯堡','Strasbourg','','images/164871181440.png',0],[263,'南特','南特','Nantes','','images/263/1h5bjb8w5p2j.png',0],[266,'里尔','利爾','Lille','','images/164871184077.png',0],[271,'巴黎圣日尔曼','巴黎聖日門','Paris Saint Germain (PSG)','','images/164871185439.png',0],[304,'昂热','昂熱','Angers','','images/304/1h71kxn41qn.png',0],[306,'布雷斯特','比斯特','Stade Brestois','','images/164871188569.png',0],[335,'勒阿弗尔','勒哈費爾','Le Havre','','images/335/1hkgsvdrhc1c.png',0],[351,'蒙彼利埃','蒙彼利埃','Montpellier','','images/1jqk62ay4c15.png',0],[4957,'兰斯','蘭斯','Reims','','images/164871196247.png',0]];
var TotalBs = [[1,306,34,21,0,13,61.8,0,38.2],[2,211,34,20,3,11,58.8,8.8,32.4],[3,271,34,20,2,12,58.8,5.9,35.3],[4,335,34,20,0,14,58.8,0,41.2],[5,215,34,20,0,14,58.8,0,41.2],[6,205,34,19,2,13,55.9,5.9,38.2],[7,259,34,19,1,14,55.9,2.9,41.2],[8,260,34,19,1,14,55.9,2.9,41.2],[9,251,34,18,2,14,52.9,5.9,41.2],[10,255,34,17,0,17,50,0,50],[11,266,34,17,0,17,50,0,50],[12,351,34,16,3,15,47.1,8.8,44.1],[13,216,34,16,0,18,47.1,0,52.9],[14,263,34,15,0,19,44.1,0,55.9],[15,197,34,14,6,14,41.2,17.6,41.2],[16,4957,34,14,0,20,41.2,0,58.8],[17,202,34,11,1,22,32.4,2.9,64.7],[18,304,34,10,1,23,29.4,2.9,67.6]];
var HomeBs = [[1,335,17,12,0,5,70.6,0,29.4],[2,351,17,11,1,5,64.7,5.9,29.4],[3,260,17,11,1,5,64.7,5.9,29.4],[4,205,17,10,1,6,58.8,5.9,35.3],[5,266,17,10,0,7,58.8,0,41.2],[6,271,17,10,0,7,58.8,0,41.2],[7,211,17,9,2,6,52.9,11.8,35.3],[8,215,17,9,0,8,52.9,0,47.1],[9,259,17,9,0,8,52.9,0,47.1],[10,306,17,9,0,8,52.9,0,47.1],[11,255,17,8,0,9,47.1,0,52.9],[12,216,17,8,0,9,47.1,0,52.9],[13,304,17,7,1,9,41.2,5.9,52.9],[14,197,17,6,3,8,35.3,17.6,47.1],[15,251,17,6,2,9,35.3,11.8,52.9],[16,202,17,6,0,11,35.3,0,64.7],[17,263,17,6,0,11,35.3,0,64.7],[18,4957,17,6,0,11,35.3,0,64.7]];
var GuestBs = [[1,251,17,12,0,5,70.6,0,29.4],[2,306,17,12,0,5,70.6,0,29.4],[3,211,17,11,1,5,64.7,5.9,29.4],[4,215,17,11,0,6,64.7,0,35.3],[5,271,17,10,2,5,58.8,11.8,29.4],[6,259,17,10,1,6,58.8,5.9,35.3],[7,205,17,9,1,7,52.9,5.9,41.2],[8,263,17,9,0,8,52.9,0,47.1],[9,255,17,9,0,8,52.9,0,47.1],[10,197,17,8,3,6,47.1,17.6,35.3],[11,216,17,8,0,9,47.1,0,52.9],[12,260,17,8,0,9,47.1,0,52.9],[13,4957,17,8,0,9,47.1,0,52.9],[14,335,17,8,0,9,47.1,0,52.9],[15,266,17,7,0,10,41.2,0,58.8],[16,351,17,5,2,10,29.4,11.8,58.8],[17,202,17,5,1,11,29.4,5.9,64.7],[18,304,17,3,0,14,17.6,0,82.4]];
var TotalBsHalf = [[1,306,34,19,9,6,55.9,26.5,17.6],[2,335,34,16,6,12,47.1,17.6,35.3],[3,255,34,15,7,12,44.1,20.6,35.3],[4,215,34,14,7,13,41.2,20.6,38.2],[5,351,34,14,3,17,41.2,8.8,50],[6,271,34,14,0,20,41.2,0,58.8],[7,251,34,13,12,9,38.2,35.3,26.5],[8,259,34,13,10,11,38.2,29.4,32.4],[9,263,34,12,13,9,35.3,38.2,26.5],[10,211,34,12,3,19,35.3,8.8,55.9],[11,197,34,12,1,21,35.3,2.9,61.8],[12,266,34,11,15,8,32.4,44.1,23.5],[13,4957,34,11,10,13,32.4,29.4,38.2],[14,260,34,11,8,15,32.4,23.5,44.1],[15,205,34,11,3,20,32.4,8.8,58.8],[16,216,34,10,8,16,29.4,23.5,47.1],[17,304,34,8,12,14,23.5,35.3,41.2],[18,202,34,8,7,19,23.5,20.6,55.9]];
var HomeBsHalf = [[1,335,17,10,2,5,58.8,11.8,29.4],[2,271,17,9,0,8,52.9,0,47.1],[3,351,17,8,3,6,47.1,17.6,35.3],[4,4957,17,7,6,4,41.2,35.3,23.5],[5,304,17,7,5,5,41.2,29.4,29.4],[6,197,17,7,0,10,41.2,0,58.8],[7,266,17,6,8,3,35.3,47.1,17.6],[8,306,17,6,6,5,35.3,35.3,29.4],[9,251,17,6,6,5,35.3,35.3,29.4],[10,216,17,6,3,8,35.3,17.6,47.1],[11,211,17,6,2,9,35.3,11.8,52.9],[12,215,17,6,2,9,35.3,11.8,52.9],[13,205,17,6,1,10,35.3,5.9,58.8],[14,255,17,5,6,6,29.4,35.3,35.3],[15,260,17,5,6,6,29.4,35.3,35.3],[16,259,17,5,4,8,29.4,23.5,47.1],[17,202,17,4,0,13,23.5,0,76.5],[18,263,17,3,7,7,17.6,41.2,41.2]];
var GuestBsHalf = [[1,306,17,13,3,1,76.5,17.6,5.9],[2,255,17,10,1,6,58.8,5.9,35.3],[3,263,17,9,6,2,52.9,35.3,11.8],[4,259,17,8,6,3,47.1,35.3,17.6],[5,215,17,8,5,4,47.1,29.4,23.5],[6,251,17,7,6,4,41.2,35.3,23.5],[7,335,17,6,4,7,35.3,23.5,41.2],[8,260,17,6,2,9,35.3,11.8,52.9],[9,211,17,6,1,10,35.3,5.9,58.8],[10,351,17,6,0,11,35.3,0,64.7],[11,266,17,5,7,5,29.4,41.2,29.4],[12,205,17,5,2,10,29.4,11.8,58.8],[13,197,17,5,1,11,29.4,5.9,64.7],[14,271,17,5,0,12,29.4,0,70.6],[15,202,17,4,7,6,23.5,41.2,35.3],[16,216,17,4,5,8,23.5,29.4,47.1],[17,4957,17,4,4,9,23.5,23.5,52.9],[18,304,17,1,7,9,5.9,41.2,52.9]];
var addUp = [306,50,22,3.6,284,46.4,[61.8,306],[67.6,304],[70.6,335],[64.7,202,263,4957],[70.6,251,306],[82.4,304]];
var addUpHalf = [224,36.6,134,21.9,254,41.5,[55.9,306],[61.8,197],[58.8,335],[76.5,202],[76.5,306],[70.6,271]];
var lastUpdateTime = '2025-05-25 13:37:20';
