var arrLeague = [29,'苏格兰超级联赛','蘇格蘭超級聯賽','Scottish Premier League','2012-2013','#57A87B','league_match/images/1j5w1p9pmse.png','苏超','蘇超','SCO PR'];
var arrTeam = [[70,'凯尔特人','些路迪','Celtic FC','','images/165363471972.png',0],[71,'邓迪FC','登地','Dundee','','images/165363469577.png',0],[72,'邓迪联队','登地聯','Dundee United','','images/16536347072.png',0],[73,'阿伯丁','鴨巴甸','Aberdeen','','images/165363467632.png',0],[75,'马瑟韦尔','馬瑟韋爾','Motherwell','','images/165363477927.png',0],[76,'哈茨','赫斯','Heart of Midlothian','','images/165363483555.png',0],[78,'因弗内斯','恩華利斯','Inverness','','images/78/1gzmqd3vtg1f.png',0],[79,'希伯尼安','喜百年','Hibernian','','images/165363481924.png',0],[81,'基马诺克','基馬諾克','Kilmarnock','','images/81/1h5bjef76b13.png',0],[1366,'罗斯郡','羅斯郡','Ross County','','images/165363476324.png',0],[1463,'圣米伦','聖美倫','Saint Mirren','','images/165363479259.png',0],[1485,'圣约翰斯通','聖莊士東','Saint Johnstone','','images/165363480511.png',0]];
var TotalPanLu = [[1,1366,38,7,7,24,22,2,14,8,57.9,5.3,36.8],[2,1485,38,16,5,17,20,4,14,6,52.6,10.5,36.8],[3,75,38,21,6,11,20,1,17,3,52.6,2.6,44.7],[4,70,38,38,0,0,20,0,18,2,52.6,0,47.4],[5,79,38,15,7,16,19,1,18,1,50,2.6,47.4],[6,1463,38,8,6,24,18,4,16,2,47.4,10.5,42.1],[7,78,38,17,7,14,17,3,18,-1,44.7,7.9,47.4],[8,71,38,1,1,36,17,2,19,-2,44.7,5.3,50],[9,81,38,13,6,19,17,1,20,-3,44.7,2.6,52.6],[10,73,38,20,4,14,15,4,19,-4,39.5,10.5,50],[11,76,38,20,7,11,15,4,19,-4,39.5,10.5,50],[12,72,38,21,6,11,14,2,22,-8,36.8,5.3,57.9]];
var HomePanLu = [[1,1366,19,6,6,7,11,2,6,5,57.9,10.5,31.6],[2,70,19,19,0,0,11,0,8,3,57.9,0,42.1],[3,1485,19,14,2,3,10,3,6,4,52.6,15.8,31.6],[4,75,19,15,1,3,9,0,10,-1,47.4,0,52.6],[5,76,19,16,2,1,8,1,10,-2,42.1,5.3,52.6],[6,79,19,14,3,2,8,1,10,-2,42.1,5.3,52.6],[7,71,19,1,1,17,8,0,11,-3,42.1,0,57.9],[8,1463,19,7,6,6,7,4,8,-1,36.8,21.1,42.1],[9,78,19,14,2,3,7,1,11,-4,36.8,5.3,57.9],[10,73,19,16,2,1,5,2,12,-7,26.3,10.5,63.2],[11,72,19,16,1,2,5,0,14,-9,26.3,0,73.7],[12,81,19,11,5,3,5,0,14,-9,26.3,0,73.7]];
var GuestPanLu = [[1,81,19,2,1,16,12,1,6,6,63.2,5.3,31.6],[2,75,19,6,5,8,11,1,7,4,57.9,5.3,36.8],[3,79,19,1,4,14,11,0,8,3,57.9,0,42.1],[4,1366,19,1,1,17,11,0,8,3,57.9,0,42.1],[5,1463,19,1,0,18,11,0,8,3,57.9,0,42.1],[6,78,19,3,5,11,10,2,7,3,52.6,10.5,36.8],[7,73,19,4,2,13,10,2,7,3,52.6,10.5,36.8],[8,1485,19,2,3,14,10,1,8,2,52.6,5.3,42.1],[9,71,19,0,0,19,9,2,8,1,47.4,10.5,42.1],[10,72,19,5,5,9,9,2,8,1,47.4,10.5,42.1],[11,70,19,19,0,0,9,0,10,-1,47.4,0,52.6],[12,76,19,4,5,10,7,3,9,-2,36.8,15.8,47.4]];
var TotalHalfPanLu = [[1,1366,38,0,0,0,19,11,8,11,50,28.9,21.1],[2,70,38,0,0,0,19,1,18,1,50,2.6,47.4],[3,71,38,0,0,0,18,5,15,3,47.4,13.2,39.5],[4,79,38,0,0,0,17,9,12,5,44.7,23.7,31.6],[5,75,38,0,0,0,16,5,17,-1,42.1,13.2,44.7],[6,1485,38,0,0,0,16,5,17,-1,42.1,13.2,44.7],[7,78,38,0,0,0,15,11,12,3,39.5,28.9,31.6],[8,81,38,0,0,0,15,9,14,1,39.5,23.7,36.8],[9,1463,38,0,0,0,15,7,16,-1,39.5,18.4,42.1],[10,76,38,0,0,0,13,5,20,-7,34.2,13.2,52.6],[11,72,38,0,0,0,12,8,18,-6,31.6,21.1,47.4],[12,73,38,0,0,0,10,10,18,-8,26.3,26.3,47.4]];
var HomeHalfPanLu = [[1,70,19,0,0,0,10,1,8,2,52.6,5.3,42.1],[2,78,19,0,0,0,9,6,4,5,47.4,31.6,21.1],[3,76,19,0,0,0,9,0,10,-1,47.4,0,52.6],[4,1366,19,0,0,0,8,7,4,4,42.1,36.8,21.1],[5,79,19,0,0,0,8,6,5,3,42.1,31.6,26.3],[6,71,19,0,0,0,8,4,7,1,42.1,21.1,36.8],[7,75,19,0,0,0,8,2,9,-1,42.1,10.5,47.4],[8,72,19,0,0,0,8,1,10,-2,42.1,5.3,52.6],[9,1485,19,0,0,0,7,3,9,-2,36.8,15.8,47.4],[10,1463,19,0,0,0,5,5,9,-4,26.3,26.3,47.4],[11,81,19,0,0,0,5,5,9,-4,26.3,26.3,47.4],[12,73,19,0,0,0,5,3,11,-6,26.3,15.8,57.9]];
var GuestHalfPanLu = [[1,1366,19,0,0,0,11,4,4,7,57.9,21.1,21.1],[2,81,19,0,0,0,10,4,5,5,52.6,21.1,26.3],[3,1463,19,0,0,0,10,2,7,3,52.6,10.5,36.8],[4,71,19,0,0,0,10,1,8,2,52.6,5.3,42.1],[5,79,19,0,0,0,9,3,7,2,47.4,15.8,36.8],[6,1485,19,0,0,0,9,2,8,1,47.4,10.5,42.1],[7,70,19,0,0,0,9,0,10,-1,47.4,0,52.6],[8,75,19,0,0,0,8,3,8,0,42.1,15.8,42.1],[9,78,19,0,0,0,6,5,8,-2,31.6,26.3,42.1],[10,73,19,0,0,0,5,7,7,-2,26.3,36.8,36.8],[11,72,19,0,0,0,4,7,8,-4,21.1,36.8,42.1],[12,76,19,0,0,0,4,5,10,-6,21.1,26.3,52.6]];
var addUp = [94,41.2,14,6.1,120,52.6,[57.9,1366],[57.9,72],[57.9,1366,70],[73.7,72,81],[63.2,81],[52.6,70],[10.5,1485,1463,73,76],[0,70]];
var addUpHalf = [90,39.5,43,18.9,95,41.7,[50,1366,70],[52.6,76],[52.6,70],[57.9,73],[57.9,1366],[52.6,70,76],[28.9,1366,78],[2.6,70]];
var lastUpdateTime = '2025-01-20 14:33:44';
