var arrLeague = [29,'苏格兰超级联赛','蘇格蘭超級聯賽','Scottish Premier League','2012-2013','#57A87B','league_match/images/1j5w1p9pmse.png','苏超','蘇超','SCO PR'];
var arrTeam = [[70,'凯尔特人','些路迪','Celtic FC','','images/165363471972.png',0],[71,'邓迪FC','登地','Dundee','','images/165363469577.png',0],[72,'邓迪联队','登地聯','Dundee United','','images/16536347072.png',0],[73,'阿伯丁','鴨巴甸','Aberdeen','','images/165363467632.png',0],[75,'马瑟韦尔','馬瑟韋爾','Motherwell','','images/165363477927.png',0],[76,'哈茨','赫斯','Heart of Midlothian','','images/165363483555.png',0],[78,'因弗内斯','恩華利斯','Inverness','','images/78/1gzmqd3vtg1f.png',0],[79,'希伯尼安','喜百年','Hibernian','','images/165363481924.png',0],[81,'基马诺克','基馬諾克','Kilmarnock','','images/81/1h5bjef76b13.png',0],[1366,'罗斯郡','羅斯郡','Ross County','','images/165363476324.png',0],[1463,'圣米伦','聖美倫','Saint Mirren','','images/165363479259.png',0],[1485,'圣约翰斯通','聖莊士東','Saint Johnstone','','images/165363480511.png',0]];
var TotalBs = [[1,78,38,24,1,13,63.2,2.6,34.2],[2,75,38,24,0,14,63.2,0,36.8],[3,79,38,22,1,15,57.9,2.6,39.5],[4,72,38,22,1,15,57.9,2.6,39.5],[5,70,38,21,1,16,55.3,2.6,42.1],[6,81,38,21,0,17,55.3,0,44.7],[7,1463,38,20,0,18,52.6,0,47.4],[8,1366,38,17,0,21,44.7,0,55.3],[9,71,38,17,0,21,44.7,0,55.3],[10,76,38,16,0,22,42.1,0,57.9],[11,1485,38,15,0,23,39.5,0,60.5],[12,73,38,13,0,25,34.2,0,65.8]];
var HomeBs = [[1,81,19,12,0,7,63.2,0,36.8],[2,72,19,12,0,7,63.2,0,36.8],[3,78,19,11,1,7,57.9,5.3,36.8],[4,75,19,11,0,8,57.9,0,42.1],[5,76,19,11,0,8,57.9,0,42.1],[6,70,19,10,1,8,52.6,5.3,42.1],[7,1463,19,10,0,9,52.6,0,47.4],[8,71,19,10,0,9,52.6,0,47.4],[9,79,19,10,0,9,52.6,0,47.4],[10,1485,19,8,0,11,42.1,0,57.9],[11,1366,19,7,0,12,36.8,0,63.2],[12,73,19,4,0,15,21.1,0,78.9]];
var GuestBs = [[1,75,19,13,0,6,68.4,0,31.6],[2,78,19,13,0,6,68.4,0,31.6],[3,79,19,12,1,6,63.2,5.3,31.6],[4,70,19,11,0,8,57.9,0,42.1],[5,72,19,10,1,8,52.6,5.3,42.1],[6,1366,19,10,0,9,52.6,0,47.4],[7,1463,19,10,0,9,52.6,0,47.4],[8,81,19,9,0,10,47.4,0,52.6],[9,73,19,9,0,10,47.4,0,52.6],[10,1485,19,7,0,12,36.8,0,63.2],[11,71,19,7,0,12,36.8,0,63.2],[12,76,19,5,0,14,26.3,0,73.7]];
var TotalBsHalf = [[1,75,37,19,11,7,51.4,29.7,18.9],[2,76,37,17,12,8,45.9,32.4,21.6],[3,78,37,17,7,13,45.9,18.9,35.1],[4,1463,37,16,11,10,43.2,29.7,27],[5,1485,38,16,9,13,42.1,23.7,34.2],[6,72,38,16,8,14,42.1,21.1,36.8],[7,70,37,14,1,22,37.8,2.7,59.5],[8,73,38,13,7,18,34.2,18.4,47.4],[9,81,38,12,15,11,31.6,39.5,28.9],[10,79,38,11,13,14,28.9,34.2,36.8],[11,1366,38,11,9,18,28.9,23.7,47.4],[12,71,37,8,18,11,21.6,48.6,29.7]];
var HomeBsHalf = [[1,72,19,10,4,5,52.6,21.1,26.3],[2,78,19,10,2,7,52.6,10.5,36.8],[3,76,19,9,7,3,47.4,36.8,15.8],[4,75,19,9,6,4,47.4,31.6,21.1],[5,1463,19,8,7,4,42.1,36.8,21.1],[6,1485,19,7,4,8,36.8,21.1,42.1],[7,81,19,6,9,4,31.6,47.4,21.1],[8,79,19,6,5,8,31.6,26.3,42.1],[9,73,19,6,3,10,31.6,15.8,52.6],[10,71,19,5,8,6,26.3,42.1,31.6],[11,1366,19,5,6,8,26.3,31.6,42.1],[12,70,19,5,0,14,26.3,0,73.7]];
var GuestBsHalf = [[1,75,18,10,5,3,55.6,27.8,16.7],[2,1485,19,9,5,5,47.4,26.3,26.3],[3,70,18,9,1,8,50,5.6,44.4],[4,76,18,8,5,5,44.4,27.8,27.8],[5,1463,18,8,4,6,44.4,22.2,33.3],[6,78,18,7,5,6,38.9,27.8,33.3],[7,73,19,7,4,8,36.8,21.1,42.1],[8,81,19,6,6,7,31.6,31.6,36.8],[9,72,19,6,4,9,31.6,21.1,47.4],[10,1366,19,6,3,10,31.6,15.8,52.6],[11,79,19,5,8,6,26.3,42.1,31.6],[12,71,18,3,10,5,16.7,55.6,27.8]];
var addUp = [232,50.9,4,0.9,220,48.2,[63.2,78,75],[65.8,73],[63.2,81,72],[78.9,73],[68.4,75,78],[73.7,76]];
var addUpHalf = [170,37.8,121,26.9,159,35.3,[51.4,75],[59.5,70],[52.6,72,78],[73.7,70],[55.6,75],[52.6,1366]];
var lastUpdateTime = '2025-01-20 14:33:56';
