var arrLeague = [31,'西班牙甲组联赛','西班牙甲組聯賽','Spanish La Liga','2017-2018','#006633','league_match/images/1h56j6h3ep1.png','西甲','西甲','SPA D1'];
var arrTeam = [[82,'皇家马德里','皇家馬德里','Real Madrid','','images/164871252161.png',0],[84,'巴塞罗那','巴塞隆拿','FC Barcelona','','images/164871253294.png',0],[86,'塞维利亚','西維爾','Sevilla','','images/164871255158.png',0],[91,'巴伦西亚','華倫西亞','Valencia','','images/164871269140.png',0],[92,'毕尔巴鄂竞技','畢爾包','Athletic Bilbao','','images/164871258463.png',0],[93,'拉科鲁尼亚','拉科魯尼亞','Deportivo La Coruna','','images/93/1gzsyrzfkg7.png',0],[96,'皇家贝蒂斯','貝迪斯','Real Betis','','images/164871261858.png',0],[98,'赫塔菲','加泰','Getafe','','images/164871263258.png',0],[100,'西班牙人','愛斯賓奴','RCD Espanyol','','images/164871556292.png',0],[102,'马拉加','馬拉加','Malaga','','images/102/1h8qpskkvvk.png',0],[103,'莱万特','利雲特','Levante','','images/164871559313.png',0],[106,'皇家社会','皇家蘇斯達','Real Sociedad','','images/164871271877.png',0],[107,'比利亚雷亚尔','維拉利爾','Villarreal','','images/164871273527.png',0],[109,'马德里竞技','馬德里體育會','Atletico Madrid','','images/164871274624.png',0],[114,'塞尔塔','切爾達','Celta Vigo','','images/164871275971.png',0],[131,'埃瓦尔','伊巴','Eibar','','images/131/1hkgswegce1q.png',0],[137,'阿拉维斯','艾拉維斯','Alaves','','images/164871280016.png',0],[982,'赫罗纳','傑羅納','Girona','','images/982/1hke8brgq5m.png',0],[991,'拉斯帕尔马斯','拉斯彭馬斯','Las Palmas','','images/991/1h71m9g00a1e.png',0],[992,'莱加内斯','雷加利斯','Leganes','','images/992/1h5bja70zq1p.png',0]];
var TotalBs = [[1,106,38,24,2,12,63.2,5.3,31.6],[2,114,38,23,2,13,60.5,5.3,34.2],[3,107,38,21,0,17,55.3,0,44.7],[4,96,38,20,0,18,52.6,0,47.4],[5,93,38,19,1,18,50,2.6,47.4],[6,103,38,19,1,18,50,2.6,47.4],[7,86,38,19,0,19,50,0,50],[8,91,38,18,1,19,47.4,2.6,50],[9,82,38,18,0,20,47.4,0,52.6],[10,982,38,17,0,21,44.7,0,55.3],[11,992,38,16,2,20,42.1,5.3,52.6],[12,131,38,16,0,22,42.1,0,57.9],[13,137,38,16,0,22,42.1,0,57.9],[14,991,38,14,2,22,36.8,5.3,57.9],[15,92,38,13,0,25,34.2,0,65.8],[16,84,38,12,2,24,31.6,5.3,63.2],[17,102,38,12,2,24,31.6,5.3,63.2],[18,109,38,12,1,25,31.6,2.6,65.8],[19,98,38,12,0,26,31.6,0,68.4],[20,100,38,11,0,27,28.9,0,71.1]];
var HomeBs = [[1,106,19,16,1,2,84.2,5.3,10.5],[2,96,19,13,0,6,68.4,0,31.6],[3,107,19,12,0,7,63.2,0,36.8],[4,91,19,10,1,8,52.6,5.3,42.1],[5,93,19,10,0,9,52.6,0,47.4],[6,103,19,10,0,9,52.6,0,47.4],[7,114,19,9,1,9,47.4,5.3,47.4],[8,82,19,9,0,10,47.4,0,52.6],[9,991,19,9,0,10,47.4,0,52.6],[10,86,19,8,0,11,42.1,0,57.9],[11,137,19,8,0,11,42.1,0,57.9],[12,992,19,7,1,11,36.8,5.3,57.9],[13,131,19,7,0,12,36.8,0,63.2],[14,84,19,6,2,11,31.6,10.5,57.9],[15,102,19,6,1,12,31.6,5.3,63.2],[16,982,19,6,0,13,31.6,0,68.4],[17,98,19,6,0,13,31.6,0,68.4],[18,109,19,5,1,13,26.3,5.3,68.4],[19,100,19,5,0,14,26.3,0,73.7],[20,92,19,4,0,15,21.1,0,78.9]];
var GuestBs = [[1,114,19,14,1,4,73.7,5.3,21.1],[2,86,19,11,0,8,57.9,0,42.1],[3,982,19,11,0,8,57.9,0,42.1],[4,992,19,9,1,9,47.4,5.3,47.4],[5,93,19,9,1,9,47.4,5.3,47.4],[6,103,19,9,1,9,47.4,5.3,47.4],[7,92,19,9,0,10,47.4,0,52.6],[8,131,19,9,0,10,47.4,0,52.6],[9,107,19,9,0,10,47.4,0,52.6],[10,82,19,9,0,10,47.4,0,52.6],[11,106,19,8,1,10,42.1,5.3,52.6],[12,137,19,8,0,11,42.1,0,57.9],[13,91,19,8,0,11,42.1,0,57.9],[14,96,19,7,0,12,36.8,0,63.2],[15,109,19,7,0,12,36.8,0,63.2],[16,102,19,6,1,12,31.6,5.3,63.2],[17,98,19,6,0,13,31.6,0,68.4],[18,100,19,6,0,13,31.6,0,68.4],[19,84,19,6,0,13,31.6,0,68.4],[20,991,19,5,2,12,26.3,10.5,63.2]];
var TotalBsHalf = [[1,82,38,23,0,15,60.5,0,39.5],[2,106,38,20,7,11,52.6,18.4,28.9],[3,93,38,19,7,12,50,18.4,31.6],[4,114,38,18,12,8,47.4,31.6,21.1],[5,131,38,17,7,14,44.7,18.4,36.8],[6,84,38,16,2,20,42.1,5.3,52.6],[7,96,38,14,10,14,36.8,26.3,36.8],[8,100,38,14,9,15,36.8,23.7,39.5],[9,103,38,14,8,16,36.8,21.1,42.1],[10,92,38,13,12,13,34.2,31.6,34.2],[11,992,38,13,6,19,34.2,15.8,50],[12,982,38,12,15,11,31.6,39.5,28.9],[13,107,38,11,15,12,28.9,39.5,31.6],[14,137,38,11,10,17,28.9,26.3,44.7],[15,102,38,11,10,17,28.9,26.3,44.7],[16,98,38,11,7,20,28.9,18.4,52.6],[17,86,38,11,7,20,28.9,18.4,52.6],[18,109,38,10,10,18,26.3,26.3,47.4],[19,991,38,10,9,19,26.3,23.7,50],[20,91,38,10,9,19,26.3,23.7,50]];
var HomeBsHalf = [[1,106,19,15,1,3,78.9,5.3,15.8],[2,84,19,11,1,7,57.9,5.3,36.8],[3,82,19,11,0,8,57.9,0,42.1],[4,93,19,10,4,5,52.6,21.1,26.3],[5,131,19,9,3,7,47.4,15.8,36.8],[6,114,19,7,7,5,36.8,36.8,26.3],[7,96,19,7,7,5,36.8,36.8,26.3],[8,100,19,7,4,8,36.8,21.1,42.1],[9,991,19,7,3,9,36.8,15.8,47.4],[10,102,19,6,7,6,31.6,36.8,31.6],[11,103,19,6,6,7,31.6,31.6,36.8],[12,137,19,6,3,10,31.6,15.8,52.6],[13,98,19,6,2,11,31.6,10.5,57.9],[14,86,19,6,2,11,31.6,10.5,57.9],[15,107,19,5,9,5,26.3,47.4,26.3],[16,91,19,5,5,9,26.3,26.3,47.4],[17,992,19,5,1,13,26.3,5.3,68.4],[18,982,19,4,9,6,21.1,47.4,31.6],[19,92,19,4,6,9,21.1,31.6,47.4],[20,109,19,2,6,11,10.5,31.6,57.9]];
var GuestBsHalf = [[1,82,19,12,0,7,63.2,0,36.8],[2,114,19,11,5,3,57.9,26.3,15.8],[3,92,19,9,6,4,47.4,31.6,21.1],[4,93,19,9,3,7,47.4,15.8,36.8],[5,982,19,8,6,5,42.1,31.6,26.3],[6,992,19,8,5,6,42.1,26.3,31.6],[7,131,19,8,4,7,42.1,21.1,36.8],[8,109,19,8,4,7,42.1,21.1,36.8],[9,103,19,8,2,9,42.1,10.5,47.4],[10,100,19,7,5,7,36.8,26.3,36.8],[11,96,19,7,3,9,36.8,15.8,47.4],[12,107,19,6,6,7,31.6,31.6,36.8],[13,137,19,5,7,7,26.3,36.8,36.8],[14,106,19,5,6,8,26.3,31.6,42.1],[15,98,19,5,5,9,26.3,26.3,47.4],[16,86,19,5,5,9,26.3,26.3,47.4],[17,91,19,5,4,10,26.3,21.1,52.6],[18,102,19,5,3,11,26.3,15.8,57.9],[19,84,19,5,1,13,26.3,5.3,68.4],[20,991,19,3,6,10,15.8,31.6,52.6]];
var addUp = [332,43.7,16,2.1,412,54.2,[63.2,106],[71.1,100],[84.2,106],[78.9,92],[73.7,114],[68.4,98,100,84]];
var addUpHalf = [278,36.6,172,22.6,310,40.8,[60.5,82],[52.6,84,98,86],[78.9,106],[68.4,992],[63.2,82],[68.4,84]];
var lastUpdateTime = '2025-01-19 11:33:15';
