var arrLeague = [5,'比利时甲组联赛','比利時甲組聯賽','Belgian Pro League','2024-2025','#FC9B0A','league_match/images/1j5w1nybsp9.png','比甲','比甲','BEL D1'];
var arrTeam = [[118,'韦斯特鲁','韋斯達路','Westerlo','','images/118/1jeascxjbx31.png',0],[122,'沙勒罗瓦','查內爾','Charleroi','','images/122/1j3veftrymp.png',0],[130,'标准列日','標準列治','Standard Liege','','images/130/1j3veftre2e.png',0],[140,'根特','真特','KAA Gent','','images/140/1gv1yqjs390.png',0],[147,'亨克','亨克','Racing Genk','','images/147/1h54k7bfph11.png',0],[148,'布鲁日','布魯日','Club Brugge','','images/148/1hxqrpwvs12q.png',0],[153,'安德莱赫特','安德列治','Anderlecht','','images/153/1gv1yqjs302r.png',0],[156,'圣图尔登','聖圖爾登','Sint-Truidense','','images/156/1hcgsmb1gpc.png',0],[164,'色格拉布鲁日','色格拉布魯日','Cercle Brugge','','images/164/1gq1zqkdtp6.png',0],[1242,'科特赖克','哥積克','Kortrijk','','images/1242/1j22rz4and1t.png',0],[1244,'梅赫伦','梅赫倫','Mechelen','','images/1244/1gtqkzv9ys23.png',0],[1317,'圣吉罗斯','聖吉羅斯','Saint Gilloise','','images/1317/1hxqrpwvsyx.png',0],[1686,'安特卫普','安特衛普','Royal Antwerp','','images/1686/1gtqkzv9yt13.png',0],[2606,'旧海弗莱鲁汶','奧特希費利','Oud-Heverlee Leuven','','images/2606/1gq15c96p07.png',0],[3349,'登德','登達','FCV Dender EH','','images/3349/1j3s147skh2w.png',0],[14987,'艾斯登','艾斯登','Patro Eisden','','images/14987/1gqbsnx9xv2v.png',0],[17189,'比斯查','比斯查','Beerschot Wilrijk','','images/17189/1j3s147sky21.png',0]];
var TotalPanLu = [[1,1317,40,32,6,2,23,4,13,10,57.5,10,32.5],[2,122,41,20,4,17,22,3,16,6,53.7,7.3,39],[3,156,36,9,7,20,19,3,14,5,52.8,8.3,38.9],[4,147,40,27,6,7,21,1,18,3,52.5,2.5,45],[5,3349,40,5,4,31,21,1,18,3,52.5,2.5,45],[6,130,40,8,7,25,20,3,17,3,50,7.5,42.5],[7,148,40,38,2,0,19,4,17,2,47.5,10,42.5],[8,2606,40,10,10,20,18,7,15,3,45,17.5,37.5],[9,17189,36,0,3,33,16,4,16,0,44.4,11.1,44.4],[10,153,40,24,7,9,18,1,21,-3,45,2.5,52.5],[11,1686,41,20,7,14,18,4,19,-1,43.9,9.8,46.3],[12,1244,40,15,8,17,17,3,20,-3,42.5,7.5,50],[13,118,40,16,6,18,16,3,21,-5,40,7.5,52.5],[14,1242,36,7,4,25,14,3,19,-5,38.9,8.3,52.8],[15,140,40,15,9,16,14,4,22,-8,35,10,55],[16,164,38,20,8,10,13,4,21,-8,34.2,10.5,55.3],[17,14987,2,0,0,2,0,0,2,-2,0,0,100]];
var HomePanLu = [[1,122,20,14,1,5,13,0,7,6,65,0,35],[2,3349,20,4,4,12,12,1,7,5,60,5,35],[3,1317,20,18,2,0,11,4,5,6,55,20,25],[4,156,18,8,5,5,10,3,5,5,55.6,16.7,27.8],[5,17189,18,0,3,15,10,2,6,4,55.6,11.1,33.3],[6,147,20,16,2,2,11,0,9,2,55,0,45],[7,2606,20,9,6,5,10,4,6,4,50,20,30],[8,130,20,7,6,7,9,3,8,1,45,15,40],[9,148,20,20,0,0,9,1,10,-1,45,5,50],[10,1686,21,13,3,5,9,1,11,-2,42.9,4.8,52.4],[11,164,19,14,3,2,8,1,10,-2,42.1,5.3,52.6],[12,153,20,15,2,3,8,0,12,-4,40,0,60],[13,1242,18,6,2,10,7,2,9,-2,38.9,11.1,50],[14,1244,20,12,4,4,7,2,11,-4,35,10,55],[15,140,20,10,5,5,7,1,12,-5,35,5,60],[16,118,20,13,1,6,7,1,12,-5,35,5,60],[17,14987,1,0,0,1,0,0,1,-1,0,0,100]];
var GuestPanLu = [[1,1317,20,14,4,2,12,0,8,4,60,0,40],[2,130,20,1,1,18,11,0,9,2,55,0,45],[3,148,20,18,2,0,10,3,7,3,50,15,35],[4,153,20,9,5,6,10,1,9,1,50,5,45],[5,147,20,11,4,5,10,1,9,1,50,5,45],[6,1244,20,3,4,13,10,1,9,1,50,5,45],[7,156,18,1,2,15,9,0,9,0,50,0,50],[8,1686,20,7,4,9,9,3,8,1,45,15,40],[9,118,20,3,5,12,9,2,9,0,45,10,45],[10,3349,20,1,0,19,9,0,11,-2,45,0,55],[11,122,21,6,3,12,9,3,9,0,42.9,14.3,42.9],[12,2606,20,1,4,15,8,3,9,-1,40,15,45],[13,1242,18,1,2,15,7,1,10,-3,38.9,5.6,55.6],[14,140,20,5,4,11,7,3,10,-3,35,15,50],[15,17189,18,0,0,18,6,2,10,-4,33.3,11.1,55.6],[16,164,19,6,5,8,5,3,11,-6,26.3,15.8,57.9],[17,14987,1,0,0,1,0,0,1,-1,0,0,100]];
var TotalHalfPanLu = [[1,1317,40,30,8,2,22,3,15,7,55,7.5,37.5],[2,148,40,38,2,0,22,1,17,5,55,2.5,42.5],[3,122,41,13,18,10,20,8,13,7,48.8,19.5,31.7],[4,1242,36,5,10,21,17,3,16,1,47.2,8.3,44.4],[5,147,40,24,11,5,18,5,17,1,45,12.5,42.5],[6,3349,40,2,16,22,18,4,18,0,45,10,45],[7,1686,41,15,15,11,18,11,12,6,43.9,26.8,29.3],[8,130,40,2,17,21,17,11,12,5,42.5,27.5,30],[9,118,40,10,17,13,17,6,17,0,42.5,15,42.5],[10,156,36,5,14,17,15,4,17,-2,41.7,11.1,47.2],[11,17189,36,0,6,30,14,4,18,-4,38.9,11.1,50],[12,2606,40,6,21,13,15,11,14,1,37.5,27.5,35],[13,140,40,15,11,14,14,9,17,-3,35,22.5,42.5],[14,1244,40,12,18,10,14,4,22,-8,35,10,55],[15,164,38,11,18,9,13,7,18,-5,34.2,18.4,47.4],[16,153,40,19,13,8,13,5,22,-9,32.5,12.5,55],[17,14987,2,0,1,1,0,0,2,-2,0,0,100]];
var HomeHalfPanLu = [[1,1317,20,17,3,0,11,1,8,3,55,5,40],[2,156,18,5,8,5,10,1,7,3,55.6,5.6,38.9],[3,3349,20,2,12,6,10,3,7,3,50,15,35],[4,122,20,12,4,4,10,2,8,2,50,10,40],[5,1242,18,4,8,6,8,2,8,0,44.4,11.1,44.4],[6,130,20,2,14,4,8,8,4,4,40,40,20],[7,148,20,20,0,0,8,0,12,-4,40,0,60],[8,164,19,9,8,2,7,5,7,0,36.8,26.3,36.8],[9,2606,20,6,11,3,7,7,6,1,35,35,30],[10,140,20,10,5,5,7,3,10,-3,35,15,50],[11,147,20,16,2,2,7,1,12,-5,35,5,60],[12,1244,20,10,7,3,7,1,12,-5,35,5,60],[13,153,20,14,4,2,7,0,13,-6,35,0,65],[14,17189,18,0,6,12,6,4,8,-2,33.3,22.2,44.4],[15,118,20,9,8,3,6,4,10,-4,30,20,50],[16,1686,21,11,7,3,6,6,9,-3,28.6,28.6,42.9],[17,14987,1,0,1,0,0,0,1,-1,0,0,100]];
var GuestHalfPanLu = [[1,148,20,18,2,0,14,1,5,9,70,5,25],[2,1686,20,4,8,8,12,5,3,9,60,25,15],[3,147,20,8,9,3,11,4,5,6,55,20,25],[4,118,20,1,9,10,11,2,7,4,55,10,35],[5,1317,20,13,5,2,11,2,7,4,55,10,35],[6,1242,18,1,2,15,9,1,8,1,50,5.6,44.4],[7,122,21,1,14,6,10,6,5,5,47.6,28.6,23.8],[8,130,20,0,3,17,9,3,8,1,45,15,40],[9,17189,18,0,0,18,8,0,10,-2,44.4,0,55.6],[10,2606,20,0,10,10,8,4,8,0,40,20,40],[11,3349,20,0,4,16,8,1,11,-3,40,5,55],[12,140,20,5,6,9,7,6,7,0,35,30,35],[13,1244,20,2,11,7,7,3,10,-3,35,15,50],[14,164,19,2,10,7,6,2,11,-5,31.6,10.5,57.9],[15,153,20,5,9,6,6,5,9,-3,30,25,45],[16,156,18,0,6,12,5,3,10,-5,27.8,16.7,55.6],[17,14987,1,0,0,1,0,0,1,-1,0,0,100]];
var addUp = [148,47,26,8.3,141,44.8,[57.5,1317],[100,14987],[65,122],[100,14987],[60,1317],[100,14987],[17.5,2606],[0,14987]];
var addUpHalf = [125,39.7,48,15.2,142,45.1,[55,1317,148],[100,14987],[55.6,156],[100,14987],[70,148],[100,14987],[27.5,130,2606],[0,14987]];
var lastUpdateTime = '2025-11-12 15:40:47';
