var arrLeague = [5,'比利时甲组联赛','比利時甲組聯賽','Belgian Pro League','2024-2025','#FC9B0A','league_match/images/1j5w1nybsp9.png','比甲','比甲','BEL D1'];
var arrTeam = [[118,'韦斯特鲁','韋斯達路','Westerlo','','images/118/1jeascxjbx31.png',0],[122,'沙勒罗瓦','查內爾','Charleroi','','images/122/1j3veftrymp.png',0],[130,'标准列日','標準列治','Standard Liege','','images/130/1j3veftre2e.png',0],[140,'根特','真特','KAA Gent','','images/140/1gv1yqjs390.png',0],[147,'亨克','亨克','Racing Genk','','images/147/1h54k7bfph11.png',0],[148,'布鲁日','布魯日','Club Brugge','','images/148/1hxqrpwvs12q.png',0],[153,'安德莱赫特','安德列治','Anderlecht','','images/153/1gv1yqjs302r.png',0],[156,'圣图尔登','聖圖爾登','Sint-Truidense','','images/156/1hcgsmb1gpc.png',0],[164,'色格拉布鲁日','色格拉布魯日','Cercle Brugge','','images/164/1gq1zqkdtp6.png',0],[1242,'科特赖克','哥積克','Kortrijk','','images/1242/1j22rz4and1t.png',0],[1244,'梅赫伦','梅赫倫','Mechelen','','images/1244/1gtqkzv9ys23.png',0],[1317,'圣吉罗斯','聖吉羅斯','Saint Gilloise','','images/1317/1hxqrpwvsyx.png',0],[1686,'安特卫普','安特衛普','Royal Antwerp','','images/1686/1gtqkzv9yt13.png',0],[2606,'旧海弗莱鲁汶','奧特希費利','Oud-Heverlee Leuven','','images/2606/1gq15c96p07.png',0],[3349,'登德','登達','FCV Dender EH','','images/3349/1j3s147skh2w.png',0],[14987,'艾斯登','艾斯登','Patro Eisden','','images/14987/1gqbsnx9xv2v.png',0],[17189,'比斯查','比斯查','Beerschot Wilrijk','','images/17189/1j3s147sky21.png',0]];
var TotalBs = [[1,3349,40,23,0,17,57.5,0,42.5],[2,156,36,21,1,14,58.3,2.8,38.9],[3,1317,40,21,0,19,52.5,0,47.5],[4,1242,36,20,2,14,55.6,5.6,38.9],[5,118,40,20,4,16,50,10,40],[6,1686,41,19,2,20,46.3,4.9,48.8],[7,147,40,18,4,18,45,10,45],[8,148,40,18,4,18,45,10,45],[9,1244,40,18,2,20,45,5,50],[10,140,40,18,1,21,45,2.5,52.5],[11,122,41,18,0,23,43.9,0,56.1],[12,17189,36,17,4,15,47.2,11.1,41.7],[13,153,40,16,3,21,40,7.5,52.5],[14,164,38,15,3,20,39.5,7.9,52.6],[15,130,40,11,1,28,27.5,2.5,70],[16,2606,40,11,1,28,27.5,2.5,70],[17,14987,2,2,0,0,100,0,0]];
var HomeBs = [[1,1686,21,14,1,6,66.7,4.8,28.6],[2,1317,20,12,0,8,60,0,40],[3,153,20,11,1,8,55,5,40],[4,156,18,10,1,7,55.6,5.6,38.9],[5,118,20,10,3,7,50,15,35],[6,140,20,10,1,9,50,5,45],[7,1244,20,9,2,9,45,10,45],[8,147,20,9,1,10,45,5,50],[9,1242,18,8,2,8,44.4,11.1,44.4],[10,17189,18,8,2,8,44.4,11.1,44.4],[11,164,19,8,0,11,42.1,0,57.9],[12,122,20,8,0,12,40,0,60],[13,3349,20,8,0,12,40,0,60],[14,148,20,7,2,11,35,10,55],[15,130,20,5,0,15,25,0,75],[16,2606,20,5,0,15,25,0,75],[17,14987,1,1,0,0,100,0,0]];
var GuestBs = [[1,3349,20,15,0,5,75,0,25],[2,1242,18,12,0,6,66.7,0,33.3],[3,148,20,11,2,7,55,10,35],[4,156,18,11,0,7,61.1,0,38.9],[5,118,20,10,1,9,50,5,45],[6,122,21,10,0,11,47.6,0,52.4],[7,17189,18,9,2,7,50,11.1,38.9],[8,147,20,9,3,8,45,15,40],[9,1244,20,9,0,11,45,0,55],[10,1317,20,9,0,11,45,0,55],[11,140,20,8,0,12,40,0,60],[12,164,19,7,3,9,36.8,15.8,47.4],[13,130,20,6,1,13,30,5,65],[14,2606,20,6,1,13,30,5,65],[15,153,20,5,2,13,25,10,65],[16,1686,20,5,1,14,25,5,70],[17,14987,1,1,0,0,100,0,0]];
var TotalBsHalf = [[1,148,40,19,2,19,47.5,5,47.5],[2,118,40,19,1,20,47.5,2.5,50],[3,3349,40,17,8,15,42.5,20,37.5],[4,140,40,17,5,18,42.5,12.5,45],[5,156,36,16,6,14,44.4,16.7,38.9],[6,164,38,15,7,16,39.5,18.4,42.1],[7,2606,40,15,9,16,37.5,22.5,40],[8,1686,41,15,5,21,36.6,12.2,51.2],[9,1244,40,15,4,21,37.5,10,52.5],[10,1242,36,14,8,14,38.9,22.2,38.9],[11,153,40,14,7,19,35,17.5,47.5],[12,147,40,13,3,24,32.5,7.5,60],[13,1317,40,12,10,18,30,25,45],[14,17189,36,12,3,21,33.3,8.3,58.3],[15,122,41,11,12,18,26.8,29.3,43.9],[16,130,40,8,10,22,20,25,55],[17,14987,2,2,0,0,100,0,0]];
var HomeBsHalf = [[1,118,20,11,0,9,55,0,45],[2,140,20,10,4,6,50,20,30],[3,153,20,10,4,6,50,20,30],[4,148,20,10,0,10,50,0,50],[5,1244,20,9,1,10,45,5,50],[6,156,18,8,2,8,44.4,11.1,44.4],[7,1686,21,8,3,10,38.1,14.3,47.6],[8,1317,20,7,4,9,35,20,45],[9,164,19,7,1,11,36.8,5.3,57.9],[10,3349,20,6,7,7,30,35,35],[11,122,20,6,6,8,30,30,40],[12,2606,20,6,5,9,30,25,45],[13,17189,18,6,2,10,33.3,11.1,55.6],[14,1242,18,5,6,7,27.8,33.3,38.9],[15,147,20,4,1,15,20,5,75],[16,130,20,3,4,13,15,20,65],[17,14987,1,1,0,0,100,0,0]];
var GuestBsHalf = [[1,3349,20,11,1,8,55,5,40],[2,1242,18,9,2,7,50,11.1,38.9],[3,2606,20,9,4,7,45,20,35],[4,147,20,9,2,9,45,10,45],[5,148,20,9,2,9,45,10,45],[6,164,19,8,6,5,42.1,31.6,26.3],[7,156,18,8,4,6,44.4,22.2,33.3],[8,118,20,8,1,11,40,5,55],[9,1686,20,7,2,11,35,10,55],[10,140,20,7,1,12,35,5,60],[11,1244,20,6,3,11,30,15,55],[12,17189,18,6,1,11,33.3,5.6,61.1],[13,1317,20,5,6,9,25,30,45],[14,130,20,5,6,9,25,30,45],[15,122,21,5,6,10,23.8,28.6,47.6],[16,153,20,4,3,13,20,15,65],[17,14987,1,1,0,0,100,0,0]];
var addUp = [286,45.4,32,5.1,312,49.5,[100,14987],[70,130,2606],[100,14987],[75,130,2606],[100,14987],[70,1686]];
var addUpHalf = [234,37.1,100,15.9,296,47,[100,14987],[60,147],[100,14987],[75,147],[100,14987],[65,153]];
var lastUpdateTime = '2025-11-12 15:40:47';
