var arrLeague = [8,'德国甲组联赛','德國甲組聯賽','German Bundesliga','2018-2019','#990099','league_match/images/166674997937.png','德甲','德甲','GER D1'];
var arrTeam = [[88,'拜仁慕尼黑','拜仁慕尼黑','Bayern Munchen','','images/1jarzw1r4wn.png',0],[99,'多特蒙德','多蒙特','Borussia Dortmund','','images/164870996363.png',0],[128,'门兴格拉德巴赫','慕遜加柏','Borussia Monchengladbach','','images/16487114506.png',0],[132,'云达不莱梅','雲達不萊梅','Werder Bremen','','images/2013119144220.jpg',0],[136,'纽伦堡','紐倫堡','Nurnberg','','images/2013119145001.jpg',0],[139,'柏林赫塔','哈化柏林','Hertha Berlin','','images/16487114635.png',0],[149,'沃尔夫斯堡','沃爾夫斯堡','VfL Wolfsburg','','images/164871147946.png',0],[151,'沙尔克04','史浩克零四','Schalke 04','','images/2013119145317.jpg',0],[155,'斯图加特','史特加','VfB Stuttgart','','images/164871149852.png',0],[162,'美因茨','緬恩斯','FSV Mainz 05','','images/164871151364.png',0],[165,'勒沃库森','利華古遜','Bayer Leverkusen','','images/164871152472.png',0],[169,'汉诺威96','漢諾威','Hannover 96','','images/201312092606.jpg',0],[172,'弗赖堡','費雷堡','SC Freiburg','','images/164871154089.png',0],[423,'法兰克福','法蘭克福','Eintracht Frankfurt','','images/164871155563.png',0],[1078,'霍芬海姆','賀芬咸','TSG Hoffenheim','','images/164871159920.png',0],[1135,'奥格斯堡','奧格斯堡','Augsburg','','images/164871162622.png',0],[1344,'杜塞尔多夫','杜斯多夫','Fortuna Dusseldorf','','images/201312093635.jpg',0],[13201,'RB莱比锡','RB萊比錫','RB Leipzig','','images/164871164178.png',0]];
var TotalBs = [[1,1135,34,23,1,10,67.6,2.9,29.4],[2,1344,34,23,1,10,67.6,2.9,29.4],[3,149,34,21,1,12,61.8,2.9,35.3],[4,139,34,21,0,13,61.8,0,38.2],[5,165,34,20,2,12,58.8,5.9,35.3],[6,423,34,20,1,13,58.8,2.9,38.2],[7,162,34,19,2,13,55.9,5.9,38.2],[8,1078,34,19,1,14,55.9,2.9,41.2],[9,99,34,18,4,12,52.9,11.8,35.3],[10,155,34,18,2,14,52.9,5.9,41.2],[11,88,34,17,2,15,50,5.9,44.1],[12,132,34,17,1,16,50,2.9,47.1],[13,172,34,17,1,16,50,2.9,47.1],[14,128,34,16,1,17,47.1,2.9,50],[15,151,34,16,1,17,47.1,2.9,50],[16,169,34,16,1,17,47.1,2.9,50],[17,13201,34,13,4,17,38.2,11.8,50],[18,136,34,12,0,22,35.3,0,64.7]];
var HomeBs = [[1,1135,17,13,1,3,76.5,5.9,17.6],[2,1344,17,12,1,4,70.6,5.9,23.5],[3,99,17,12,0,5,70.6,0,29.4],[4,149,17,11,0,6,64.7,0,35.3],[5,162,17,10,2,5,58.8,11.8,29.4],[6,128,17,10,1,6,58.8,5.9,35.3],[7,132,17,10,1,6,58.8,5.9,35.3],[8,139,17,10,0,7,58.8,0,41.2],[9,172,17,10,0,7,58.8,0,41.2],[10,423,17,9,1,7,52.9,5.9,41.2],[11,155,17,9,1,7,52.9,5.9,41.2],[12,165,17,9,0,8,52.9,0,47.1],[13,88,17,9,0,8,52.9,0,47.1],[14,169,17,7,1,9,41.2,5.9,52.9],[15,151,17,7,1,9,41.2,5.9,52.9],[16,13201,17,5,2,10,29.4,11.8,58.8],[17,1078,17,5,1,11,29.4,5.9,64.7],[18,136,17,5,0,12,29.4,0,70.6]];
var GuestBs = [[1,1078,17,14,0,3,82.4,0,17.6],[2,165,17,11,2,4,64.7,11.8,23.5],[3,1344,17,11,0,6,64.7,0,35.3],[4,423,17,11,0,6,64.7,0,35.3],[5,139,17,11,0,6,64.7,0,35.3],[6,149,17,10,1,6,58.8,5.9,35.3],[7,1135,17,10,0,7,58.8,0,41.2],[8,155,17,9,1,7,52.9,5.9,41.2],[9,162,17,9,0,8,52.9,0,47.1],[10,151,17,9,0,8,52.9,0,47.1],[11,169,17,9,0,8,52.9,0,47.1],[12,88,17,8,2,7,47.1,11.8,41.2],[13,13201,17,8,2,7,47.1,11.8,41.2],[14,172,17,7,1,9,41.2,5.9,52.9],[15,136,17,7,0,10,41.2,0,58.8],[16,132,17,7,0,10,41.2,0,58.8],[17,99,17,6,4,7,35.3,23.5,41.2],[18,128,17,6,0,11,35.3,0,64.7]];
var TotalBsHalf = [[1,88,34,18,0,16,52.9,0,47.1],[2,172,34,17,5,12,50,14.7,35.3],[3,165,34,17,0,17,50,0,50],[4,139,34,15,9,10,44.1,26.5,29.4],[5,132,34,15,8,11,44.1,23.5,32.4],[6,162,34,15,6,13,44.1,17.6,38.2],[7,99,34,15,1,18,44.1,2.9,52.9],[8,149,34,14,7,13,41.2,20.6,38.2],[9,13201,34,13,4,17,38.2,11.8,50],[10,1078,34,13,1,20,38.2,2.9,58.8],[11,1135,34,12,7,15,35.3,20.6,44.1],[12,155,34,12,7,15,35.3,20.6,44.1],[13,169,34,12,6,16,35.3,17.6,47.1],[14,1344,34,11,8,15,32.4,23.5,44.1],[15,423,34,11,5,18,32.4,14.7,52.9],[16,128,34,10,4,20,29.4,11.8,58.8],[17,151,34,9,11,14,26.5,32.4,41.2],[18,136,34,7,9,18,20.6,26.5,52.9]];
var HomeBsHalf = [[1,172,17,11,3,3,64.7,17.6,17.6],[2,139,17,10,4,3,58.8,23.5,17.6],[3,132,17,10,2,5,58.8,11.8,29.4],[4,88,17,10,0,7,58.8,0,41.2],[5,99,17,9,0,8,52.9,0,47.1],[6,165,17,8,0,9,47.1,0,52.9],[7,1135,17,7,4,6,41.2,23.5,35.3],[8,162,17,7,3,7,41.2,17.6,41.2],[9,149,17,7,2,8,41.2,11.8,47.1],[10,13201,17,7,1,9,41.2,5.9,52.9],[11,423,17,6,3,8,35.3,17.6,47.1],[12,155,17,5,6,6,29.4,35.3,35.3],[13,151,17,5,5,7,29.4,29.4,41.2],[14,1078,17,5,0,12,29.4,0,70.6],[15,1344,17,4,5,8,23.5,29.4,47.1],[16,169,17,3,5,9,17.6,29.4,52.9],[17,128,17,3,3,11,17.6,17.6,64.7],[18,136,17,1,3,13,5.9,17.6,76.5]];
var GuestBsHalf = [[1,169,17,9,1,7,52.9,5.9,41.2],[2,165,17,9,0,8,52.9,0,47.1],[3,162,17,8,3,6,47.1,17.6,35.3],[4,1078,17,8,1,8,47.1,5.9,47.1],[5,88,17,8,0,9,47.1,0,52.9],[6,149,17,7,5,5,41.2,29.4,29.4],[7,1344,17,7,3,7,41.2,17.6,41.2],[8,128,17,7,1,9,41.2,5.9,52.9],[9,155,17,7,1,9,41.2,5.9,52.9],[10,136,17,6,6,5,35.3,35.3,29.4],[11,13201,17,6,3,8,35.3,17.6,47.1],[12,172,17,6,2,9,35.3,11.8,52.9],[13,99,17,6,1,10,35.3,5.9,58.8],[14,132,17,5,6,6,29.4,35.3,35.3],[15,139,17,5,5,7,29.4,29.4,41.2],[16,1135,17,5,3,9,29.4,17.6,52.9],[17,423,17,5,2,10,29.4,11.8,58.8],[18,151,17,4,6,7,23.5,35.3,41.2]];
var addUp = [326,53.3,26,4.2,260,42.5,[67.6,1135,1344],[64.7,136],[76.5,1135],[70.6,136],[82.4,1078],[64.7,128]];
var addUpHalf = [236,38.6,98,16,278,45.4,[52.9,88],[58.8,1078,128],[64.7,172],[76.5,136],[52.9,169,165],[58.8,99,423]];
var lastUpdateTime = '2025-01-19 10:39:31';
