var arrLeague = [5,'比利时甲组联赛','比利時甲組聯賽','Belgian Pro League','2020-2021','#FC9B0A','league_match/images/1j5w1nybsp9.png','比甲','比甲','BEL D1'];
var arrTeam = [[122,'沙勒罗瓦','查內爾','Charleroi','','images/122/1j3veftrymp.png',0],[130,'标准列日','標準列治','Standard Liege','','images/130/1j3veftre2e.png',0],[140,'根特','真特','KAA Gent','','images/140/1gv1yqjs390.png',0],[147,'亨克','亨克','Racing Genk','','images/147/1h54k7bfph11.png',0],[148,'布鲁日','布魯日','Club Brugge','','images/148/1hxqrpwvs12q.png',0],[153,'安德莱赫特','安德列治','Anderlecht','','images/153/1gv1yqjs302r.png',0],[156,'圣图尔登','聖圖爾登','Sint-Truidense','','images/156/1hcgsmb1gpc.png',0],[164,'色格拉布鲁日','色格拉布魯日','Cercle Brugge','','images/164/1gq1zqkdtp6.png',0],[170,'奥斯坦德','奧斯坦德','Oostende','','images/170/1gq201wpefs.png',0],[1242,'科特赖克','哥積克','Kortrijk','','images/1242/1j22rz4and1t.png',0],[1244,'梅赫伦','梅赫倫','Mechelen','','images/1244/1gtqkzv9ys23.png',0],[1245,'华斯兰德','華斯蘭比華倫','Red Star Waasland','','images/1245/1gqbpxar3q1m.png',0],[1316,'欧本','歐本','KAS Eupen','','images/1316/1j5hhgvw2cv.png',0],[1319,'威尔郡','威爾郡','Zulte-Waregem','','images/1319/1j5hhgvw2dj.png',0],[1686,'安特卫普','安特衛普','Royal Antwerp','','images/1686/1gtqkzv9yt13.png',0],[2606,'奥德赫维里','奧特希費利','Oud Heverlee','','images/2606/1gq15c96p07.png',0],[8564,'摩斯高伦','苗斯干','Mouscron Peruwelz','','images/20130403150504.jpg',0],[8575,'瑟兰联','瑟蘭聯','Seraing United','','images/8575/1h5bja70zw1x.png',0],[17189,'比斯查','比斯查','Beerschot Wilrijk','','images/17189/1j3s147sky21.png',0]];
var TotalBs = [[1,1244,40,25,4,11,62.5,10,27.5],[2,147,40,25,2,13,62.5,5,32.5],[3,130,40,25,1,14,62.5,2.5,35],[4,17189,34,23,3,8,67.6,8.8,23.5],[5,1686,40,22,1,17,55,2.5,42.5],[6,170,40,21,4,15,52.5,10,37.5],[7,1242,34,19,3,12,55.9,8.8,35.3],[8,1319,34,19,3,12,55.9,8.8,35.3],[9,148,40,19,6,15,47.5,15,37.5],[10,153,40,19,1,20,47.5,2.5,50],[11,2606,34,18,7,9,52.9,20.6,26.5],[12,122,34,18,0,16,52.9,0,47.1],[13,1316,34,18,0,16,52.9,0,47.1],[14,1245,36,17,3,16,47.2,8.3,44.4],[15,164,34,16,2,16,47.1,5.9,47.1],[16,140,40,16,7,17,40,17.5,42.5],[17,156,34,15,3,16,44.1,8.8,47.1],[18,8564,34,14,0,20,41.2,0,58.8],[19,8575,2,1,0,1,50,0,50]];
var HomeBs = [[1,1244,20,14,2,4,70,10,20],[2,170,20,14,1,5,70,5,25],[3,147,20,14,0,6,70,0,30],[4,1242,17,12,2,3,70.6,11.8,17.6],[5,130,20,12,1,7,60,5,35],[6,17189,17,11,2,4,64.7,11.8,23.5],[7,1686,20,11,0,9,55,0,45],[8,164,17,10,1,6,58.8,5.9,35.3],[9,1245,18,10,1,7,55.6,5.6,38.9],[10,1316,17,9,0,8,52.9,0,47.1],[11,148,20,9,2,9,45,10,45],[12,153,20,9,0,11,45,0,55],[13,1319,17,8,2,7,47.1,11.8,41.2],[14,140,20,8,4,8,40,20,40],[15,156,17,7,2,8,41.2,11.8,47.1],[16,2606,17,6,5,6,35.3,29.4,35.3],[17,8564,17,6,0,11,35.3,0,64.7],[18,122,17,5,0,12,29.4,0,70.6],[19,8575,1,0,0,1,0,0,100]];
var GuestBs = [[1,122,17,13,0,4,76.5,0,23.5],[2,130,20,13,0,7,65,0,35],[3,2606,17,12,2,3,70.6,11.8,17.6],[4,17189,17,12,1,4,70.6,5.9,23.5],[5,1319,17,11,1,5,64.7,5.9,29.4],[6,1244,20,11,2,7,55,10,35],[7,147,20,11,2,7,55,10,35],[8,1686,20,11,1,8,55,5,40],[9,148,20,10,4,6,50,20,30],[10,153,20,10,1,9,50,5,45],[11,1316,17,9,0,8,52.9,0,47.1],[12,156,17,8,1,8,47.1,5.9,47.1],[13,140,20,8,3,9,40,15,45],[14,8564,17,8,0,9,47.1,0,52.9],[15,1245,18,7,2,9,38.9,11.1,50],[16,1242,17,7,1,9,41.2,5.9,52.9],[17,170,20,7,3,10,35,15,50],[18,164,17,6,1,10,35.3,5.9,58.8],[19,8575,1,1,0,0,100,0,0]];
var TotalBsHalf = [[1,147,40,18,6,16,45,15,40],[2,170,40,16,9,15,40,22.5,37.5],[3,140,40,16,6,18,40,15,45],[4,148,40,16,4,20,40,10,50],[5,2606,34,15,4,15,44.1,11.8,44.1],[6,1244,40,15,8,17,37.5,20,42.5],[7,156,34,14,8,12,41.2,23.5,35.3],[8,1242,34,14,5,15,41.2,14.7,44.1],[9,1245,36,14,4,18,38.9,11.1,50],[10,1319,34,14,2,18,41.2,5.9,52.9],[11,17189,34,13,8,13,38.2,23.5,38.2],[12,1686,40,12,9,19,30,22.5,47.5],[13,130,40,11,15,14,27.5,37.5,35],[14,122,34,10,9,15,29.4,26.5,44.1],[15,164,34,10,7,17,29.4,20.6,50],[16,153,40,10,4,26,25,10,65],[17,1316,34,8,13,13,23.5,38.2,38.2],[18,8564,34,3,13,18,8.8,38.2,52.9],[19,8575,2,1,0,1,50,0,50]];
var HomeBsHalf = [[1,1242,17,10,2,5,58.8,11.8,29.4],[2,170,20,9,6,5,45,30,25],[3,1245,18,9,2,7,50,11.1,38.9],[4,147,20,9,3,8,45,15,40],[5,140,20,8,2,10,40,10,50],[6,148,20,8,0,12,40,0,60],[7,164,17,7,5,5,41.2,29.4,29.4],[8,156,17,7,4,6,41.2,23.5,35.3],[9,17189,17,6,5,6,35.3,29.4,35.3],[10,130,20,6,7,7,30,35,35],[11,1244,20,6,3,11,30,15,55],[12,1319,17,6,0,11,35.3,0,64.7],[13,2606,17,6,0,11,35.3,0,64.7],[14,1316,17,5,8,4,29.4,47.1,23.5],[15,1686,20,5,5,10,25,25,50],[16,153,20,5,2,13,25,10,65],[17,8564,17,2,8,7,11.8,47.1,41.2],[18,122,17,1,5,11,5.9,29.4,64.7],[19,8575,1,0,0,1,0,0,100]];
var GuestBsHalf = [[1,122,17,9,4,4,52.9,23.5,23.5],[2,2606,17,9,4,4,52.9,23.5,23.5],[3,1244,20,9,5,6,45,25,30],[4,147,20,9,3,8,45,15,40],[5,1319,17,8,2,7,47.1,11.8,41.2],[6,148,20,8,4,8,40,20,40],[7,140,20,8,4,8,40,20,40],[8,156,17,7,4,6,41.2,23.5,35.3],[9,17189,17,7,3,7,41.2,17.6,41.2],[10,1686,20,7,4,9,35,20,45],[11,170,20,7,3,10,35,15,50],[12,130,20,5,8,7,25,40,35],[13,1245,18,5,2,11,27.8,11.1,61.1],[14,153,20,5,2,13,25,10,65],[15,1242,17,4,3,10,23.5,17.6,58.8],[16,1316,17,3,5,9,17.6,29.4,52.9],[17,164,17,3,2,12,17.6,11.8,70.6],[18,8575,1,1,0,0,100,0,0],[19,8564,17,1,5,11,5.9,29.4,64.7]];
var addUp = [350,52.7,50,7.5,264,39.8,[67.6,17189],[58.8,8564],[70.6,1242],[100,8575],[100,8575],[58.8,164]];
var addUpHalf = [230,34.6,134,20.2,300,45.2,[50,8575],[65,153],[58.8,1242],[100,8575],[100,8575],[70.6,164]];
var lastUpdateTime = '2025-01-18 16:50:07';
