var arrLeague = [29,'苏格兰超级联赛','蘇格蘭超級聯賽','Scottish Premier League','2013-2014','#57A87B','league_match/images/1j5w1p9pmse.png','苏超','蘇超','SCO PR'];
var arrTeam = [[70,'凯尔特人','些路迪','Celtic FC','','images/165363471972.png',0],[72,'邓迪联队','登地聯','Dundee United','','images/16536347072.png',0],[73,'阿伯丁','鴨巴甸','Aberdeen','','images/165363467632.png',0],[75,'马瑟韦尔','馬瑟韋爾','Motherwell','','images/165363477927.png',0],[76,'哈茨','赫斯','Heart of Midlothian','','images/165363483555.png',0],[78,'因弗内斯','恩華利斯','Inverness','','images/78/1gzmqd3vtg1f.png',0],[79,'希伯尼安','喜百年','Hibernian','','images/165363481924.png',0],[81,'基马诺克','基馬諾克','Kilmarnock','','images/81/1h5bjef76b13.png',0],[1366,'罗斯郡','羅斯郡','Ross County','','images/165363476324.png',0],[1462,'帕尔蒂克','巴特里','Partick Thistle','','images/1462/1hxg39kyqr1p.png',0],[1463,'圣米伦','聖美倫','Saint Mirren','','images/165363479259.png',0],[1485,'圣约翰斯通','聖莊士東','Saint Johnstone','','images/165363480511.png',0]];
var TotalPanLu = [[1,75,38,22,6,10,24,1,13,11,63.2,2.6,34.2],[2,70,38,38,0,0,21,1,16,5,55.3,2.6,42.1],[3,1485,38,13,12,13,20,2,16,4,52.6,5.3,42.1],[4,1366,38,7,11,20,20,0,18,2,52.6,0,47.4],[5,78,38,22,4,12,20,0,18,2,52.6,0,47.4],[6,73,38,24,5,9,19,1,18,1,50,2.6,47.4],[7,1462,38,8,8,22,19,0,19,0,50,0,50],[8,72,38,23,7,8,18,4,16,2,47.4,10.5,42.1],[9,76,38,3,6,29,17,1,20,-3,44.7,2.6,52.6],[10,1463,38,6,7,25,15,2,21,-6,39.5,5.3,55.3],[11,81,38,6,11,21,13,4,21,-8,34.2,10.5,55.3],[12,79,38,12,11,15,12,4,22,-10,31.6,10.5,57.9]];
var HomePanLu = [[1,75,19,17,0,2,14,0,5,9,73.7,0,26.3],[2,1485,19,11,5,3,12,0,7,5,63.2,0,36.8],[3,78,19,15,1,3,11,0,8,3,57.9,0,42.1],[4,72,19,15,2,2,10,2,7,3,52.6,10.5,36.8],[5,70,19,19,0,0,10,0,9,1,52.6,0,47.4],[6,1463,19,5,6,8,9,2,8,1,47.4,10.5,42.1],[7,1366,19,7,8,4,9,0,10,-1,47.4,0,52.6],[8,73,18,15,1,2,8,1,9,-1,44.4,5.6,50],[9,81,19,6,6,7,7,2,10,-3,36.8,10.5,52.6],[10,76,19,3,6,10,7,1,11,-4,36.8,5.3,57.9],[11,1462,19,8,4,7,6,0,13,-7,31.6,0,68.4],[12,79,20,11,5,4,5,2,13,-8,25,10,65]];
var GuestPanLu = [[1,1462,19,0,4,15,13,0,6,7,68.4,0,31.6],[2,70,19,19,0,0,11,1,7,4,57.9,5.3,36.8],[3,1366,19,0,3,16,11,0,8,3,57.9,0,42.1],[4,73,20,9,4,7,11,0,9,2,55,0,45],[5,75,19,5,6,8,10,1,8,2,52.6,5.3,42.1],[6,76,19,0,0,19,10,0,9,1,52.6,0,47.4],[7,78,19,7,3,9,9,0,10,-1,47.4,0,52.6],[8,72,19,8,5,6,8,2,9,-1,42.1,10.5,47.4],[9,1485,19,2,7,10,8,2,9,-1,42.1,10.5,47.4],[10,79,18,1,6,11,7,2,9,-2,38.9,11.1,50],[11,81,19,0,5,14,6,2,11,-5,31.6,10.5,57.9],[12,1463,19,1,1,17,6,0,13,-7,31.6,0,68.4]];
var TotalHalfPanLu = [[1,75,38,0,0,0,22,4,12,10,57.9,10.5,31.6],[2,70,38,0,0,0,20,3,15,5,52.6,7.9,39.5],[3,76,38,0,0,0,18,5,15,3,47.4,13.2,39.5],[4,1485,38,0,0,0,18,5,15,3,47.4,13.2,39.5],[5,1463,38,0,0,0,17,9,12,5,44.7,23.7,31.6],[6,81,38,0,0,0,16,6,16,0,42.1,15.8,42.1],[7,78,38,0,0,0,16,5,17,-1,42.1,13.2,44.7],[8,1462,38,0,0,0,14,8,16,-2,36.8,21.1,42.1],[9,1366,38,0,0,0,14,7,17,-3,36.8,18.4,44.7],[10,72,38,0,0,0,14,7,17,-3,36.8,18.4,44.7],[11,73,38,0,0,0,12,8,18,-6,31.6,21.1,47.4],[12,79,38,0,0,0,9,9,20,-11,23.7,23.7,52.6]];
var HomeHalfPanLu = [[1,75,19,0,0,0,12,1,6,6,63.2,5.3,31.6],[2,1485,19,0,0,0,11,1,7,4,57.9,5.3,36.8],[3,1463,19,0,0,0,10,6,3,7,52.6,31.6,15.8],[4,81,19,0,0,0,10,4,5,5,52.6,21.1,26.3],[5,70,19,0,0,0,9,3,7,2,47.4,15.8,36.8],[6,76,19,0,0,0,8,4,7,1,42.1,21.1,36.8],[7,73,18,0,0,0,7,2,9,-2,38.9,11.1,50],[8,78,19,0,0,0,7,3,9,-2,36.8,15.8,47.4],[9,72,19,0,0,0,6,2,11,-5,31.6,10.5,57.9],[10,1462,19,0,0,0,5,4,10,-5,26.3,21.1,52.6],[11,1366,19,0,0,0,5,3,11,-6,26.3,15.8,57.9],[12,79,20,0,0,0,4,5,11,-7,20,25,55]];
var GuestHalfPanLu = [[1,70,19,0,0,0,11,0,8,3,57.9,0,42.1],[2,75,19,0,0,0,10,3,6,4,52.6,15.8,31.6],[3,76,19,0,0,0,10,1,8,2,52.6,5.3,42.1],[4,1366,19,0,0,0,9,4,6,3,47.4,21.1,31.6],[5,1462,19,0,0,0,9,4,6,3,47.4,21.1,31.6],[6,78,19,0,0,0,9,2,8,1,47.4,10.5,42.1],[7,72,19,0,0,0,8,5,6,2,42.1,26.3,31.6],[8,1485,19,0,0,0,7,4,8,-1,36.8,21.1,42.1],[9,1463,19,0,0,0,7,3,9,-2,36.8,15.8,47.4],[10,81,19,0,0,0,6,2,11,-5,31.6,10.5,57.9],[11,79,18,0,0,0,5,4,9,-4,27.8,22.2,50],[12,73,20,0,0,0,5,6,9,-4,25,30,45]];
var addUp = [108,47.4,10,4.4,110,48.2,[63.2,75],[57.9,79],[73.7,75],[68.4,1462],[68.4,1462],[68.4,1463],[10.5,72,81,79],[0,1366,78,1462]];
var addUpHalf = [94,41.2,38,16.7,96,42.1,[57.9,75],[52.6,79],[63.2,75],[57.9,72,1366],[57.9,70],[57.9,81],[23.7,1463,79],[7.9,70]];
var lastUpdateTime = '2025-01-20 10:20:53';
