var arrLeague = [29,'苏格兰超级联赛','蘇格蘭超級聯賽','Scottish Premier League','2013-2014','#57A87B','league_match/images/1j5w1p9pmse.png','苏超','蘇超','SCO PR'];
var arrTeam = [[70,'凯尔特人','些路迪','Celtic FC','','images/165363471972.png',0],[72,'邓迪联队','登地聯','Dundee United','','images/16536347072.png',0],[73,'阿伯丁','鴨巴甸','Aberdeen','','images/165363467632.png',0],[75,'马瑟韦尔','馬瑟韋爾','Motherwell','','images/165363477927.png',0],[76,'哈茨','赫斯','Heart of Midlothian','','images/165363483555.png',0],[78,'因弗内斯','恩華利斯','Inverness','','images/78/1gzmqd3vtg1f.png',0],[79,'希伯尼安','喜百年','Hibernian','','images/165363481924.png',0],[81,'基马诺克','基馬諾克','Kilmarnock','','images/81/1h5bjef76b13.png',0],[1366,'罗斯郡','羅斯郡','Ross County','','images/165363476324.png',0],[1462,'帕尔蒂克','巴特里','Partick Thistle','','images/1462/1hxg39kyqr1p.png',0],[1463,'圣米伦','聖美倫','Saint Mirren','','images/165363479259.png',0],[1485,'圣约翰斯通','聖莊士東','Saint Johnstone','','images/165363480511.png',0]];
var TotalBs = [[1,75,38,26,0,12,68.4,0,31.6],[2,81,38,24,0,14,63.2,0,36.8],[3,1366,38,23,1,14,60.5,2.6,36.8],[4,70,38,22,2,14,57.9,5.3,36.8],[5,72,38,22,0,16,57.9,0,42.1],[6,1462,38,19,0,19,50,0,50],[7,76,38,19,0,19,50,0,50],[8,1463,38,17,1,20,44.7,2.6,52.6],[9,78,38,17,0,21,44.7,0,55.3],[10,1485,38,15,0,23,39.5,0,60.5],[11,73,38,15,0,23,39.5,0,60.5],[12,79,38,13,0,25,34.2,0,65.8]];
var HomeBs = [[1,75,19,16,0,3,84.2,0,15.8],[2,72,19,13,0,6,68.4,0,31.6],[3,1366,19,13,0,6,68.4,0,31.6],[4,81,19,11,0,8,57.9,0,42.1],[5,70,19,10,2,7,52.6,10.5,36.8],[6,1462,19,10,0,9,52.6,0,47.4],[7,78,19,8,0,11,42.1,0,57.9],[8,1485,19,8,0,11,42.1,0,57.9],[9,76,19,8,0,11,42.1,0,57.9],[10,79,20,8,0,12,40,0,60],[11,1463,19,6,0,13,31.6,0,68.4],[12,73,18,5,0,13,27.8,0,72.2]];
var GuestBs = [[1,81,19,13,0,6,68.4,0,31.6],[2,70,19,12,0,7,63.2,0,36.8],[3,1463,19,11,1,7,57.9,5.3,36.8],[4,76,19,11,0,8,57.9,0,42.1],[5,1366,19,10,1,8,52.6,5.3,42.1],[6,75,19,10,0,9,52.6,0,47.4],[7,73,20,10,0,10,50,0,50],[8,78,19,9,0,10,47.4,0,52.6],[9,1462,19,9,0,10,47.4,0,52.6],[10,72,19,9,0,10,47.4,0,52.6],[11,1485,19,7,0,12,36.8,0,63.2],[12,79,18,5,0,13,27.8,0,72.2]];
var TotalBsHalf = [[1,75,37,18,10,9,48.6,27,24.3],[2,1366,37,16,12,9,43.2,32.4,24.3],[3,76,37,16,8,13,43.2,21.6,35.1],[4,81,37,15,12,10,40.5,32.4,27],[5,78,38,14,13,11,36.8,34.2,28.9],[6,72,37,14,11,12,37.8,29.7,32.4],[7,70,38,14,3,21,36.8,7.9,55.3],[8,1485,37,13,14,10,35.1,37.8,27],[9,1463,39,13,10,16,33.3,25.6,41],[10,1462,38,11,13,14,28.9,34.2,36.8],[11,79,38,10,13,15,26.3,34.2,39.5],[12,73,38,10,12,16,26.3,31.6,42.1]];
var HomeBsHalf = [[1,70,19,10,0,9,52.6,0,47.4],[2,75,19,9,6,4,47.4,31.6,21.1],[3,72,19,9,4,6,47.4,21.1,31.6],[4,1366,19,8,7,4,42.1,36.8,21.1],[5,1485,19,7,8,4,36.8,42.1,21.1],[6,76,19,7,4,8,36.8,21.1,42.1],[7,79,20,7,5,8,35,25,40],[8,81,19,6,7,6,31.6,36.8,31.6],[9,78,19,6,7,6,31.6,36.8,31.6],[10,1462,19,5,6,8,26.3,31.6,42.1],[11,73,18,4,8,6,22.2,44.4,33.3],[12,1463,19,4,4,11,21.1,21.1,57.9],[13,1463,1,0,0,1,0,0,100]];
var GuestBsHalf = [[1,81,18,9,5,4,50,27.8,22.2],[2,1463,19,9,6,4,47.4,31.6,21.1],[3,75,18,9,4,5,50,22.2,27.8],[4,76,18,9,4,5,50,22.2,27.8],[5,1366,18,8,5,5,44.4,27.8,27.8],[6,78,19,8,6,5,42.1,31.6,26.3],[7,1462,19,6,7,6,31.6,36.8,31.6],[8,1485,18,6,6,6,33.3,33.3,33.3],[9,73,20,6,4,10,30,20,50],[10,72,18,5,7,6,27.8,38.9,33.3],[11,70,19,4,3,12,21.1,15.8,63.2],[12,79,18,3,8,7,16.7,44.4,38.9]];
var addUp = [232,50.9,4,0.9,220,48.2,[68.4,75],[65.8,79],[84.2,75],[72.2,73],[68.4,81],[72.2,79]];
var addUpHalf = [164,36.4,131,29,156,34.6,[48.6,75],[55.3,70],[52.6,70],[100,1463],[50,81,75,76],[63.2,70]];
var lastUpdateTime = '2025-01-20 10:21:06';
