var arrLeague = [12,'法国乙组联赛','法國乙組聯賽','France Ligue 2','2019-2020','#B1A7A7','league_match/images/1j5w0bknv81g.png','法乙','法乙','FRA D2'];
var arrTeam = [[194,'阿雅克肖','阿些斯奧','Ajaccio','','images/194/1h71ky6nm62v.png',0],[202,'朗斯','朗斯','Lens','','images/164871168519.png',0],[215,'欧塞尔','歐塞爾','AJ Auxerre','','images/215/1h71ky6nmw2f.png',0],[257,'卡昂','卡昂','Caen','','images/257/1h71ky6nm3g.png',0],[267,'索肖','索察','Sochaux','','images/267/1hke8b1sjc2k.png',0],[301,'南锡','南錫','Nancy','','images/20181012141312.png',0],[308,'沙托鲁','沙特魯','Chateauroux','','images/308/1hfze5prsh19.png',0],[313,'克莱蒙','克萊蒙特','Clermont','','images/164871190892.png',0],[325,'尼奥特','尼奧特','Chamois Niortais','','images/20150714133215.png',0],[328,'勒芒','利文斯','Le Mans','','images/328/1j3h5ms76r2c.png',0],[333,'洛里昂','羅連安特','Lorient','','images/164871192161.png',0],[335,'勒阿弗尔','勒哈費爾','Le Havre','','images/335/1hkgsvdrhc1c.png',0],[362,'甘冈','吉英坎','Guingamp','','images/362/1h71kxn4hte.png',0],[366,'特鲁瓦','特魯瓦','Troyes','','images/164871194730.png',0],[393,'格勒诺布尔','格勒諾布爾','Grenoble','','images/393/1h71ky6nmac.png',0],[1740,'罗德兹','羅德茲','Rodez Aveyron','','images/1740/1h71kxn41hh.png',0],[1796,'巴黎足球会','巴黎FC','Paris FC','','images/1796/1h56c0xwvqd.png',0],[2104,'瓦朗谢纳','華倫西恩斯','Valenciennes','','images/2104/1h71kxn4hy7.png',0],[5025,'奥兰斯','奧爾良','Orleans US 45','','images/5025/1h5bja71em6.png',0],[12409,'查布莱','查布萊','Chambly FC','','images/12409/1h8qphtnk0y.png',0]];
var TotalBs = [[1,333,28,16,1,11,57.1,3.6,39.3],[2,328,28,15,1,12,53.6,3.6,42.9],[3,362,28,13,3,12,46.4,10.7,42.9],[4,1740,28,13,1,14,46.4,3.6,50],[5,257,28,12,5,11,42.9,17.9,39.3],[6,335,28,12,3,13,42.9,10.7,46.4],[7,5025,28,12,1,15,42.9,3.6,53.6],[8,12409,28,12,1,15,42.9,3.6,53.6],[9,1796,28,11,6,11,39.3,21.4,39.3],[10,202,28,11,4,13,39.3,14.3,46.4],[11,308,28,11,4,13,39.3,14.3,46.4],[12,194,28,11,3,14,39.3,10.7,50],[13,366,28,11,2,15,39.3,7.1,53.6],[14,313,28,10,7,11,35.7,25,39.3],[15,215,28,10,5,13,35.7,17.9,46.4],[16,325,28,10,3,15,35.7,10.7,53.6],[17,267,28,9,9,10,32.1,32.1,35.7],[18,393,28,9,6,13,32.1,21.4,46.4],[19,301,28,9,4,15,32.1,14.3,53.6],[20,2104,28,5,1,22,17.9,3.6,78.6]];
var HomeBs = [[1,366,14,9,1,4,64.3,7.1,28.6],[2,1740,14,8,0,6,57.1,0,42.9],[3,333,14,8,0,6,57.1,0,42.9],[4,328,14,7,0,7,50,0,50],[5,313,14,6,4,4,42.9,28.6,28.6],[6,1796,13,6,3,4,46.2,23.1,30.8],[7,215,14,6,3,5,42.9,21.4,35.7],[8,308,14,6,2,6,42.9,14.3,42.9],[9,12409,15,6,1,8,40,6.7,53.3],[10,267,14,5,4,5,35.7,28.6,35.7],[11,257,14,5,2,7,35.7,14.3,50],[12,362,14,5,2,7,35.7,14.3,50],[13,301,14,5,2,7,35.7,14.3,50],[14,5025,14,5,1,8,35.7,7.1,57.1],[15,202,14,5,1,8,35.7,7.1,57.1],[16,194,14,5,1,8,35.7,7.1,57.1],[17,393,14,4,4,6,28.6,28.6,42.9],[18,325,14,4,3,7,28.6,21.4,50],[19,335,14,4,1,9,28.6,7.1,64.3],[20,2104,14,2,0,12,14.3,0,85.7]];
var GuestBs = [[1,335,14,8,2,4,57.1,14.3,28.6],[2,328,14,8,1,5,57.1,7.1,35.7],[3,362,14,8,1,5,57.1,7.1,35.7],[4,333,14,8,1,5,57.1,7.1,35.7],[5,257,14,7,3,4,50,21.4,28.6],[6,5025,14,7,0,7,50,0,50],[7,202,14,6,3,5,42.9,21.4,35.7],[8,194,14,6,2,6,42.9,14.3,42.9],[9,12409,13,6,0,7,46.2,0,53.8],[10,325,14,6,0,8,42.9,0,57.1],[11,308,14,5,2,7,35.7,14.3,50],[12,393,14,5,2,7,35.7,14.3,50],[13,1796,15,5,3,7,33.3,20,46.7],[14,1740,14,5,1,8,35.7,7.1,57.1],[15,267,14,4,5,5,28.6,35.7,35.7],[16,313,14,4,3,7,28.6,21.4,50],[17,301,14,4,2,8,28.6,14.3,57.1],[18,215,14,4,2,8,28.6,14.3,57.1],[19,2104,14,3,1,10,21.4,7.1,71.4],[20,366,14,2,1,11,14.3,7.1,78.6]];
var TotalBsHalf = [[1,366,28,19,1,8,67.9,3.6,28.6],[2,1796,28,19,0,9,67.9,0,32.1],[3,335,28,18,2,8,64.3,7.1,28.6],[4,5025,28,18,1,9,64.3,3.6,32.1],[5,267,28,18,0,10,64.3,0,35.7],[6,308,28,17,3,8,60.7,10.7,28.6],[7,325,28,17,1,10,60.7,3.6,35.7],[8,257,28,17,0,11,60.7,0,39.3],[9,362,28,16,3,9,57.1,10.7,32.1],[10,194,28,16,1,11,57.1,3.6,39.3],[11,12409,28,16,0,12,57.1,0,42.9],[12,313,28,15,2,11,53.6,7.1,39.3],[13,333,28,15,2,11,53.6,7.1,39.3],[14,301,28,14,3,11,50,10.7,39.3],[15,393,28,14,1,13,50,3.6,46.4],[16,202,28,13,1,14,46.4,3.6,50],[17,215,28,13,1,14,46.4,3.6,50],[18,1740,28,12,5,11,42.9,17.9,39.3],[19,328,28,10,9,9,35.7,32.1,32.1],[20,2104,28,9,6,13,32.1,21.4,46.4]];
var HomeBsHalf = [[1,366,14,12,1,1,85.7,7.1,7.1],[2,308,14,12,0,2,85.7,0,14.3],[3,5025,14,10,1,3,71.4,7.1,21.4],[4,362,14,10,1,3,71.4,7.1,21.4],[5,1740,14,9,4,1,64.3,28.6,7.1],[6,1796,13,9,0,4,69.2,0,30.8],[7,313,14,8,2,4,57.1,14.3,28.6],[8,194,14,8,1,5,57.1,7.1,35.7],[9,325,14,8,0,6,57.1,0,42.9],[10,215,14,8,0,6,57.1,0,42.9],[11,267,14,8,0,6,57.1,0,42.9],[12,335,14,7,2,5,50,14.3,35.7],[13,257,14,7,0,7,50,0,50],[14,333,14,7,0,7,50,0,50],[15,12409,15,7,0,8,46.7,0,53.3],[16,301,14,6,2,6,42.9,14.3,42.9],[17,393,14,6,0,8,42.9,0,57.1],[18,328,14,4,3,7,28.6,21.4,50],[19,202,14,4,0,10,28.6,0,71.4],[20,2104,14,3,4,7,21.4,28.6,50]];
var GuestBsHalf = [[1,335,14,11,0,3,78.6,0,21.4],[2,267,14,10,0,4,71.4,0,28.6],[3,257,14,10,0,4,71.4,0,28.6],[4,1796,15,10,0,5,66.7,0,33.3],[5,12409,13,9,0,4,69.2,0,30.8],[6,325,14,9,1,4,64.3,7.1,28.6],[7,202,14,9,1,4,64.3,7.1,28.6],[8,333,14,8,2,4,57.1,14.3,28.6],[9,301,14,8,1,5,57.1,7.1,35.7],[10,393,14,8,1,5,57.1,7.1,35.7],[11,194,14,8,0,6,57.1,0,42.9],[12,5025,14,8,0,6,57.1,0,42.9],[13,313,14,7,0,7,50,0,50],[14,366,14,7,0,7,50,0,50],[15,328,14,6,6,2,42.9,42.9,14.3],[16,362,14,6,2,6,42.9,14.3,42.9],[17,2104,14,6,2,6,42.9,14.3,42.9],[18,308,14,5,3,6,35.7,21.4,42.9],[19,215,14,5,1,8,35.7,7.1,57.1],[20,1740,14,3,1,10,21.4,7.1,71.4]];
var addUp = [222,39.6,70,12.5,268,47.9,[57.1,333],[78.6,2104],[64.3,366],[85.7,2104],[57.1,335,328,362,333],[78.6,366]];
var addUpHalf = [306,54.6,42,7.5,212,37.9,[67.9,366,1796],[50,202,215],[85.7,366,308],[71.4,202],[78.6,335],[71.4,1740]];
var lastUpdateTime = '2025-01-19 09:03:41';
