var arrLeague = [60,'中国超级联赛','中國超級聯賽','Chinese Super League','2017','#0066FF','league_match/images/166674992094.png','中超','中超','CHA CSL'];
var arrTeam = [[39,'上海申花','上海申花','Shanghai Shenhua','','images/39/1gy3vjsrhn1p.png',0],[40,'山东泰山','山東泰山','Shandong Taishan','','images/1kja2fh2n4b.png',0],[41,'辽宁沈阳宏运','遼寧宏運','Liaoning FC','','images/20180921121329.png',0],[43,'北京国安','北京國安','Beijing Guoan','','images/1jr565tbs5z.png',0],[83,'重庆两江竞技','重慶兩江競技','Chongqing Liangjiang Athletic','','images/20180921192706.png',0],[89,'天津津门虎','天津津門虎','Tianjin Tigers','','images/89/1gy3vkgfwn2t.png',0],[528,'长春亚泰','長春亞泰','Changchun Yatai','','images/1jr56ftb35z.png',0],[535,'广州队','廣州隊','Guangzhou FC','','images/535/1hy4p3apdsh.png',0],[541,'河南队','河南隊','Henan Football Club','','images/1kja29fa4f1x.png',0],[543,'江苏苏宁易购','江蘇蘇寧','Jiangsu Suning FC','','images/20180921195311.png',0],[1998,'延边富德','延邊富德','Yanbian','','images/20140326142531.jpg',0],[7642,'上海海港','上海海港','Shanghai Port','','images/7642/1h8n2nv7tw23.png',0],[8685,'天津天海','天津天海','Tianjin Tianhai','','images/20190228090603.png',0],[8686,'贵州队','貴州隊','Guizhou Hengfeng F.C.','','images/20180921193147.png',0],[16668,'广州城','廣州城','Guangzhou City','','images/165371552931.png',0],[16961,'河北队','河北隊','Hebei FC','','images/20180921193444.png',0]];
var TotalPanLu = [[1,8685,30,17,2,11,20,0,10,10,66.7,0,33.3],[2,8686,30,7,3,20,16,1,13,3,53.3,3.3,43.3],[3,16668,30,19,2,9,16,1,13,3,53.3,3.3,43.3],[4,40,30,20,1,9,16,1,13,3,53.3,3.3,43.3],[5,16961,30,18,5,7,15,5,10,5,50,16.7,33.3],[6,528,30,7,4,19,15,2,13,2,50,6.7,43.3],[7,89,30,6,3,21,15,1,14,1,50,3.3,46.7],[8,541,30,6,3,21,14,4,12,2,46.7,13.3,40],[9,83,30,8,3,19,14,3,13,1,46.7,10,43.3],[10,7642,30,25,3,2,14,2,14,0,46.7,6.7,46.7],[11,1998,30,3,3,24,14,0,16,-2,46.7,0,53.3],[12,39,30,16,3,11,14,0,16,-2,46.7,0,53.3],[13,43,30,17,3,10,12,1,17,-5,40,3.3,56.7],[14,543,30,17,3,10,12,0,18,-6,40,0,60],[15,535,30,28,1,1,11,3,16,-5,36.7,10,53.3],[16,41,30,5,0,25,10,0,20,-10,33.3,0,66.7]];
var HomePanLu = [[1,8685,15,13,0,2,11,0,4,7,73.3,0,26.7],[2,16961,15,14,0,1,10,2,3,7,66.7,13.3,20],[3,7642,15,14,1,0,9,1,5,4,60,6.7,33.3],[4,8686,15,6,2,7,9,0,6,3,60,0,40],[5,40,15,12,1,2,9,0,6,3,60,0,40],[6,89,15,6,2,7,8,1,6,2,53.3,6.7,40],[7,16668,15,13,0,2,8,1,6,2,53.3,6.7,40],[8,83,15,8,1,6,7,1,7,0,46.7,6.7,46.7],[9,528,15,7,4,4,7,1,7,0,46.7,6.7,46.7],[10,541,15,5,3,7,6,2,7,-1,40,13.3,46.7],[11,43,15,13,1,1,6,1,8,-2,40,6.7,53.3],[12,39,15,11,1,3,6,0,9,-3,40,0,60],[13,1998,15,3,3,9,6,0,9,-3,40,0,60],[14,535,15,15,0,0,5,2,8,-3,33.3,13.3,53.3],[15,543,15,11,2,2,5,0,10,-5,33.3,0,66.7],[16,41,15,5,0,10,5,0,10,-5,33.3,0,66.7]];
var GuestPanLu = [[1,8685,15,4,2,9,9,0,6,3,60,0,40],[2,541,15,1,0,14,8,2,5,3,53.3,13.3,33.3],[3,528,15,0,0,15,8,1,6,2,53.3,6.7,40],[4,39,15,5,2,8,8,0,7,1,53.3,0,46.7],[5,1998,15,0,0,15,8,0,7,1,53.3,0,46.7],[6,16668,15,6,2,7,8,0,7,1,53.3,0,46.7],[7,83,15,0,2,13,7,2,6,1,46.7,13.3,40],[8,40,15,8,0,7,7,1,7,0,46.7,6.7,46.7],[9,8686,15,1,1,13,7,1,7,0,46.7,6.7,46.7],[10,89,15,0,1,14,7,0,8,-1,46.7,0,53.3],[11,543,15,6,1,8,7,0,8,-1,46.7,0,53.3],[12,535,15,13,1,1,6,1,8,-2,40,6.7,53.3],[13,43,15,4,2,9,6,0,9,-3,40,0,60],[14,16961,15,4,5,6,5,3,7,-2,33.3,20,46.7],[15,7642,15,11,2,2,5,1,9,-4,33.3,6.7,60],[16,41,15,0,0,15,5,0,10,-5,33.3,0,66.7]];
var TotalHalfPanLu = [[1,528,30,6,6,18,18,3,9,9,60,10,30],[2,16961,30,14,12,4,16,6,8,8,53.3,20,26.7],[3,7642,30,24,6,0,16,2,12,4,53.3,6.7,40],[4,8685,30,13,10,7,16,1,13,3,53.3,3.3,43.3],[5,83,30,7,6,17,15,3,12,3,50,10,40],[6,16668,30,11,11,8,14,4,12,2,46.7,13.3,40],[7,543,30,12,10,8,14,3,13,1,46.7,10,43.3],[8,8686,30,5,7,18,14,1,15,-1,46.7,3.3,50],[9,39,30,9,12,9,13,7,10,3,43.3,23.3,33.3],[10,541,30,6,8,16,13,3,14,-1,43.3,10,46.7],[11,535,30,26,3,1,13,1,16,-3,43.3,3.3,53.3],[12,40,30,17,7,6,12,3,15,-3,40,10,50],[13,1998,30,3,6,21,11,5,14,-3,36.7,16.7,46.7],[14,41,30,3,5,22,11,1,18,-7,36.7,3.3,60],[15,89,30,7,7,16,10,5,15,-5,33.3,16.7,50],[16,43,30,14,10,6,8,4,18,-10,26.7,13.3,60]];
var HomeHalfPanLu = [[1,16961,15,11,4,0,9,2,4,5,60,13.3,26.7],[2,7642,15,14,1,0,9,1,5,4,60,6.7,33.3],[3,528,15,6,6,3,7,3,5,2,46.7,20,33.3],[4,83,15,7,4,4,7,1,7,0,46.7,6.7,46.7],[5,8686,15,4,6,5,7,1,7,0,46.7,6.7,46.7],[6,16668,15,10,3,2,7,1,7,0,46.7,6.7,46.7],[7,40,15,12,1,2,7,0,8,-1,46.7,0,53.3],[8,543,15,9,4,2,7,0,8,-1,46.7,0,53.3],[9,39,15,7,6,2,6,3,6,0,40,20,40],[10,8685,15,11,2,2,6,1,8,-2,40,6.7,53.3],[11,535,15,13,2,0,6,0,9,-3,40,0,60],[12,541,15,5,8,2,4,3,8,-4,26.7,20,53.3],[13,41,15,3,4,8,4,1,10,-6,26.7,6.7,66.7],[14,43,15,12,2,1,4,1,10,-6,26.7,6.7,66.7],[15,89,15,6,4,5,3,3,9,-6,20,20,60],[16,1998,15,3,6,6,2,5,8,-6,13.3,33.3,53.3]];
var GuestHalfPanLu = [[1,528,15,0,0,15,11,0,4,7,73.3,0,26.7],[2,8685,15,2,8,5,10,0,5,5,66.7,0,33.3],[3,541,15,1,0,14,9,0,6,3,60,0,40],[4,1998,15,0,0,15,9,0,6,3,60,0,40],[5,83,15,0,2,13,8,2,5,3,53.3,13.3,33.3],[6,39,15,2,6,7,7,4,4,3,46.7,26.7,26.7],[7,16961,15,3,8,4,7,4,4,3,46.7,26.7,26.7],[8,16668,15,1,8,6,7,3,5,2,46.7,20,33.3],[9,543,15,3,6,6,7,3,5,2,46.7,20,33.3],[10,89,15,1,3,11,7,2,6,1,46.7,13.3,40],[11,535,15,13,1,1,7,1,7,0,46.7,6.7,46.7],[12,7642,15,10,5,0,7,1,7,0,46.7,6.7,46.7],[13,8686,15,1,1,13,7,0,8,-1,46.7,0,53.3],[14,41,15,0,1,14,7,0,8,-1,46.7,0,53.3],[15,40,15,5,6,4,5,3,7,-2,33.3,20,46.7],[16,43,15,2,8,5,4,3,8,-4,26.7,20,53.3]];
var addUp = [117,48.8,12,5,111,46.2,[66.7,8685],[66.7,41],[73.3,8685],[66.7,543,41],[60,8685],[66.7,41],[16.7,16961],[0,8685,1998,39,543,41]];
var addUpHalf = [95,39.6,26,10.8,119,49.6,[60,528],[60,41,43],[60,16961,7642],[66.7,41,43],[73.3,528],[53.3,8686,41,43],[23.3,39],[3.3,8685,8686,535,41]];
var lastUpdateTime = '2026-04-07 16:23:04';
