var arrLeague = [60,'中国超级联赛','中國超級聯賽','Chinese Super League','2017','#0066FF','league_match/images/166674992094.png','中超','中超','CHA CSL'];
var arrTeam = [[39,'上海申花','上海申花','Shanghai Shenhua','','images/39/1gy3vjsrhn1p.png',0],[40,'山东泰山','山東泰山','Shandong Taishan','','images/1kja2fh2n4b.png',0],[41,'辽宁沈阳宏运','遼寧宏運','Liaoning FC','','images/20180921121329.png',0],[43,'北京国安','北京國安','Beijing Guoan','','images/1jr565tbs5z.png',0],[83,'重庆两江竞技','重慶兩江競技','Chongqing Liangjiang Athletic','','images/20180921192706.png',0],[89,'天津津门虎','天津津門虎','Tianjin Tigers','','images/89/1gy3vkgfwn2t.png',0],[528,'长春亚泰','長春亞泰','Changchun Yatai','','images/1jr56ftb35z.png',0],[535,'广州队','廣州隊','Guangzhou FC','','images/535/1hy4p3apdsh.png',0],[541,'河南队','河南隊','Henan Football Club','','images/1kja29fa4f1x.png',0],[543,'江苏苏宁易购','江蘇蘇寧','Jiangsu Suning FC','','images/20180921195311.png',0],[1998,'延边富德','延邊富德','Yanbian','','images/20140326142531.jpg',0],[7642,'上海海港','上海海港','Shanghai Port','','images/7642/1h8n2nv7tw23.png',0],[8685,'天津天海','天津天海','Tianjin Tianhai','','images/20190228090603.png',0],[8686,'贵州队','貴州隊','Guizhou Hengfeng F.C.','','images/20180921193147.png',0],[16668,'广州城','廣州城','Guangzhou City','','images/165371552931.png',0],[16961,'河北队','河北隊','Hebei FC','','images/20180921193444.png',0]];
var TotalBs = [[1,39,30,19,1,10,63.3,3.3,33.3],[2,7642,30,18,3,9,60,10,30],[3,543,30,18,1,11,60,3.3,36.7],[4,16668,30,18,0,12,60,0,40],[5,535,30,17,1,12,56.7,3.3,40],[6,41,30,17,1,12,56.7,3.3,40],[7,40,30,16,1,13,53.3,3.3,43.3],[8,43,30,15,0,15,50,0,50],[9,1998,30,15,0,15,50,0,50],[10,8685,30,15,0,15,50,0,50],[11,8686,30,14,2,14,46.7,6.7,46.7],[12,16961,30,14,1,15,46.7,3.3,50],[13,528,30,14,0,16,46.7,0,53.3],[14,83,30,14,0,16,46.7,0,53.3],[15,541,30,13,1,16,43.3,3.3,53.3],[16,89,30,13,0,17,43.3,0,56.7]];
var HomeBs = [[1,7642,15,11,1,3,73.3,6.7,20],[2,8685,15,11,0,4,73.3,0,26.7],[3,41,15,10,1,4,66.7,6.7,26.7],[4,40,15,9,1,5,60,6.7,33.3],[5,39,15,9,1,5,60,6.7,33.3],[6,16668,15,9,0,6,60,0,40],[7,535,15,8,1,6,53.3,6.7,40],[8,543,15,8,0,7,53.3,0,46.7],[9,8686,15,7,1,7,46.7,6.7,46.7],[10,89,15,7,0,8,46.7,0,53.3],[11,43,15,7,0,8,46.7,0,53.3],[12,1998,15,7,0,8,46.7,0,53.3],[13,16961,15,7,0,8,46.7,0,53.3],[14,528,15,6,0,9,40,0,60],[15,83,15,5,0,10,33.3,0,66.7],[16,541,15,4,0,11,26.7,0,73.3]];
var GuestBs = [[1,543,15,10,1,4,66.7,6.7,26.7],[2,39,15,10,0,5,66.7,0,33.3],[3,541,15,9,1,5,60,6.7,33.3],[4,535,15,9,0,6,60,0,40],[5,16668,15,9,0,6,60,0,40],[6,83,15,9,0,6,60,0,40],[7,1998,15,8,0,7,53.3,0,46.7],[8,528,15,8,0,7,53.3,0,46.7],[9,43,15,8,0,7,53.3,0,46.7],[10,7642,15,7,2,6,46.7,13.3,40],[11,16961,15,7,1,7,46.7,6.7,46.7],[12,8686,15,7,1,7,46.7,6.7,46.7],[13,41,15,7,0,8,46.7,0,53.3],[14,40,15,7,0,8,46.7,0,53.3],[15,89,15,6,0,9,40,0,60],[16,8685,15,4,0,11,26.7,0,73.3]];
var TotalBsHalf = [[1,39,30,19,1,10,63.3,3.3,33.3],[2,8685,30,12,9,9,40,30,30],[3,543,30,12,7,11,40,23.3,36.7],[4,16961,30,12,6,12,40,20,40],[5,41,30,11,8,11,36.7,26.7,36.7],[6,43,30,11,7,12,36.7,23.3,40],[7,16668,30,11,4,15,36.7,13.3,50],[8,535,30,11,3,16,36.7,10,53.3],[9,40,30,10,7,13,33.3,23.3,43.3],[10,83,30,9,8,13,30,26.7,43.3],[11,7642,30,9,2,19,30,6.7,63.3],[12,89,30,8,9,13,26.7,30,43.3],[13,528,30,8,6,16,26.7,20,53.3],[14,1998,30,8,6,16,26.7,20,53.3],[15,541,30,7,7,16,23.3,23.3,53.3],[16,8686,30,6,12,12,20,40,40]];
var HomeBsHalf = [[1,8685,15,8,3,4,53.3,20,26.7],[2,39,15,8,0,7,53.3,0,46.7],[3,41,15,7,6,2,46.7,40,13.3],[4,535,15,7,0,8,46.7,0,53.3],[5,40,15,6,4,5,40,26.7,33.3],[6,83,15,6,4,5,40,26.7,33.3],[7,16961,15,5,4,6,33.3,26.7,40],[8,528,15,5,4,6,33.3,26.7,40],[9,43,15,5,3,7,33.3,20,46.7],[10,16668,15,5,1,9,33.3,6.7,60],[11,89,15,4,4,7,26.7,26.7,46.7],[12,1998,15,4,2,9,26.7,13.3,60],[13,7642,15,4,0,11,26.7,0,73.3],[14,543,15,3,5,7,20,33.3,46.7],[15,8686,15,3,5,7,20,33.3,46.7],[16,541,15,2,6,7,13.3,40,46.7]];
var GuestBsHalf = [[1,39,15,11,1,3,73.3,6.7,20],[2,543,15,9,2,4,60,13.3,26.7],[3,16961,15,7,2,6,46.7,13.3,40],[4,43,15,6,4,5,40,26.7,33.3],[5,16668,15,6,3,6,40,20,40],[6,7642,15,5,2,8,33.3,13.3,53.3],[7,541,15,5,1,9,33.3,6.7,60],[8,8685,15,4,6,5,26.7,40,33.3],[9,89,15,4,5,6,26.7,33.3,40],[10,1998,15,4,4,7,26.7,26.7,46.7],[11,535,15,4,3,8,26.7,20,53.3],[12,40,15,4,3,8,26.7,20,53.3],[13,41,15,4,2,9,26.7,13.3,60],[14,8686,15,3,7,5,20,46.7,33.3],[15,83,15,3,4,8,20,26.7,53.3],[16,528,15,3,2,10,20,13.3,66.7]];
var addUp = [250,52.1,12,2.5,218,45.4,[63.3,39],[56.7,89],[73.3,7642,8685],[73.3,541],[66.7,543,39],[73.3,8685]];
var addUpHalf = [164,34.2,102,21.2,214,44.6,[63.3,39],[63.3,7642],[53.3,8685,39],[73.3,7642],[73.3,39],[66.7,528]];
var lastUpdateTime = '2026-04-07 16:23:22';
