var arrLeague = [27,'瑞士超级联赛','瑞士超級聯賽','Switzerland Super League','2018-2019','#1ba578','league_match/images/20151127162550.jpg','瑞士超','瑞士超','SUI SL'];
var arrTeam = [[430,'图恩','杜安','Thun','','images/430/1gtqm5nk922e.png',0],[433,'圣加仑','聖加倫','St. Gallen','','images/433/1gtqm1pz3d2d.png',0],[436,'草蜢','草蜢','Grasshopper','','images/436/1h8asqtqsjb.png',0],[438,'纳沙泰尔','納沙泰爾','Neuchatel Xamax','','images/438/1gq924y4xt17.png',0],[442,'年青人','年青人','Young Boys','','images/442/1gxmbma5rq4.png',0],[449,'苏黎世','蘇黎世','FC Zurich','','images/449/1jh4aqszf629.png',0],[451,'巴塞尔','巴素利','Basel','','images/451/1gv1yreqw0h.png',0],[1229,'卢加诺','盧加諾','Lugano','','images/1229/1gtqm1pzk318.png',0],[1237,'卢森','琉森','Luzern','','images/1237/1h6wfe0585w.png',0],[1323,'锡昂','錫永','FC Sion','','images/1323/1hkrdvr1r626.png',0]];
var TotalPanLu = [[1,442,36,35,1,0,20,5,11,9,55.6,13.9,30.6],[2,1229,36,12,4,20,19,3,14,5,52.8,8.3,38.9],[3,433,36,9,5,22,19,1,16,3,52.8,2.8,44.4],[4,1237,35,15,2,19,17,1,17,0,48.6,2.9,48.6],[5,451,36,31,2,3,17,3,16,1,47.2,8.3,44.4],[6,1323,35,12,6,18,16,2,17,-1,45.7,5.7,48.6],[7,438,36,3,9,24,16,3,17,-1,44.4,8.3,47.2],[8,436,34,7,3,26,15,1,18,-3,44.1,2.9,52.9],[9,449,36,21,4,11,15,0,21,-6,41.7,0,58.3],[10,430,36,15,4,17,14,1,21,-7,38.9,2.8,58.3]];
var HomePanLu = [[1,442,18,18,0,0,10,2,6,4,55.6,11.1,33.3],[2,449,18,14,0,4,9,0,9,0,50,0,50],[3,433,18,9,3,6,8,1,9,-1,44.4,5.6,50],[4,1229,18,12,1,5,8,0,10,-2,44.4,0,55.6],[5,1237,17,13,1,4,7,1,9,-2,41.2,5.9,52.9],[6,451,18,16,1,1,7,3,8,-1,38.9,16.7,44.4],[7,438,18,3,8,7,7,2,9,-2,38.9,11.1,50],[8,436,18,7,2,9,7,1,10,-3,38.9,5.6,55.6],[9,430,18,14,1,3,7,0,11,-4,38.9,0,61.1],[10,1323,17,11,3,4,5,0,12,-7,29.4,0,70.6]];
var GuestPanLu = [[1,1229,18,0,3,15,11,3,4,7,61.1,16.7,22.2],[2,1323,18,1,3,14,11,2,5,6,61.1,11.1,27.8],[3,433,18,0,2,16,11,0,7,4,61.1,0,38.9],[4,442,18,17,1,0,10,3,5,5,55.6,16.7,27.8],[5,1237,18,2,1,15,10,0,8,2,55.6,0,44.4],[6,451,18,15,1,2,10,0,8,2,55.6,0,44.4],[7,438,18,0,1,17,9,1,8,1,50,5.6,44.4],[8,436,16,0,1,17,8,0,8,0,50,0,50],[9,430,18,1,3,14,7,1,10,-3,38.9,5.6,55.6],[10,449,18,7,4,7,6,0,12,-6,33.3,0,66.7]];
var TotalHalfPanLu = [[1,1229,36,7,15,14,20,3,13,7,55.6,8.3,36.1],[2,436,35,2,12,22,19,6,10,9,54.3,17.1,28.6],[3,451,36,31,3,2,19,2,15,4,52.8,5.6,41.7],[4,433,36,3,14,19,18,3,15,3,50,8.3,41.7],[5,442,36,34,2,0,18,0,18,0,50,0,50],[6,1237,35,9,15,12,14,7,14,0,40,20,40],[7,1323,36,7,17,12,14,9,13,1,38.9,25,36.1],[8,438,36,1,16,19,14,6,16,-2,38.9,16.7,44.4],[9,449,36,16,11,9,12,1,23,-11,33.3,2.8,63.9],[10,430,36,9,17,10,9,7,20,-11,25,19.4,55.6]];
var HomeHalfPanLu = [[1,1229,18,7,7,4,10,2,6,4,55.6,11.1,33.3],[2,451,18,16,2,0,10,1,7,3,55.6,5.6,38.9],[3,433,18,3,11,4,9,1,8,1,50,5.6,44.4],[4,442,18,18,0,0,9,0,9,0,50,0,50],[5,1237,17,9,5,4,8,1,8,0,47.1,5.9,47.1],[6,438,18,1,13,4,7,4,7,0,38.9,22.2,38.9],[7,436,18,2,9,7,6,6,6,0,33.3,33.3,33.3],[8,449,18,14,0,4,6,0,12,-6,33.3,0,66.7],[9,1323,18,6,8,4,5,4,9,-4,27.8,22.2,50],[10,430,18,9,6,3,3,3,12,-9,16.7,16.7,66.7]];
var GuestHalfPanLu = [[1,436,17,0,3,15,13,0,4,9,76.5,0,23.5],[2,1229,18,0,8,10,10,1,7,3,55.6,5.6,38.9],[3,1323,18,1,9,8,9,5,4,5,50,27.8,22.2],[4,433,18,0,3,15,9,2,7,2,50,11.1,38.9],[5,451,18,15,1,2,9,1,8,1,50,5.6,44.4],[6,442,18,16,2,0,9,0,9,0,50,0,50],[7,438,18,0,3,15,7,2,9,-2,38.9,11.1,50],[8,1237,18,0,10,8,6,6,6,0,33.3,33.3,33.3],[9,430,18,0,11,7,6,4,8,-2,33.3,22.2,44.4],[10,449,18,2,11,5,6,1,11,-5,33.3,5.6,61.1]];
var addUp = [75,42.1,10,5.6,93,52.2,[55.6,442],[58.3,449,430],[55.6,442],[70.6,1323],[61.1,1229,1323,433],[66.7,449],[13.9,442],[0,449]];
var addUpHalf = [73,40.8,22,12.3,84,46.9,[55.6,1229],[63.9,449],[55.6,1229,451],[66.7,449,430],[76.5,436],[61.1,449],[25,1323],[0,442]];
var lastUpdateTime = '2025-01-19 10:39:18';
