var arrLeague = [27,'瑞士超级联赛','瑞士超級聯賽','Switzerland Super League','2018-2019','#1ba578','league_match/images/20151127162550.jpg','瑞士超','瑞士超','SUI SL'];
var arrTeam = [[430,'图恩','杜安','Thun','','images/430/1gtqm5nk922e.png',0],[433,'圣加仑','聖加倫','St. Gallen','','images/433/1gtqm1pz3d2d.png',0],[436,'草蜢','草蜢','Grasshopper','','images/436/1h8asqtqsjb.png',0],[438,'纳沙泰尔','納沙泰爾','Neuchatel Xamax','','images/438/1gq924y4xt17.png',0],[442,'年青人','年青人','Young Boys','','images/442/1gxmbma5rq4.png',0],[449,'苏黎世','蘇黎世','FC Zurich','','images/449/1jh4aqszf629.png',0],[451,'巴塞尔','巴素利','Basel','','images/451/1gv1yreqw0h.png',0],[1229,'卢加诺','盧加諾','Lugano','','images/1229/1gtqm1pzk318.png',0],[1237,'卢森','琉森','Luzern','','images/1237/1h6wfe0585w.png',0],[1323,'锡昂','錫永','FC Sion','','images/1323/1hkrdvr1r626.png',0]];
var TotalBs = [[1,442,36,22,2,12,61.1,5.6,33.3],[2,1323,36,20,5,11,55.6,13.9,30.6],[3,430,36,19,3,14,52.8,8.3,38.9],[4,1229,36,19,0,17,52.8,0,47.2],[5,1237,35,17,6,12,48.6,17.1,34.3],[6,438,36,17,3,16,47.2,8.3,44.4],[7,436,35,16,3,16,45.7,8.6,45.7],[8,451,36,16,4,16,44.4,11.1,44.4],[9,433,36,15,7,14,41.7,19.4,38.9],[10,449,36,15,3,18,41.7,8.3,50]];
var HomeBs = [[1,442,18,12,0,6,66.7,0,33.3],[2,433,18,11,4,3,61.1,22.2,16.7],[3,438,18,10,1,7,55.6,5.6,38.9],[4,1229,18,10,0,8,55.6,0,44.4],[5,1237,17,9,3,5,52.9,17.6,29.4],[6,1323,18,9,3,6,50,16.7,33.3],[7,451,18,8,1,9,44.4,5.6,50],[8,436,18,7,3,8,38.9,16.7,44.4],[9,430,18,7,2,9,38.9,11.1,50],[10,449,18,5,1,12,27.8,5.6,66.7]];
var GuestBs = [[1,430,18,12,1,5,66.7,5.6,27.8],[2,1323,18,11,2,5,61.1,11.1,27.8],[3,442,18,10,2,6,55.6,11.1,33.3],[4,449,18,10,2,6,55.6,11.1,33.3],[5,436,17,9,0,8,52.9,0,47.1],[6,1229,18,9,0,9,50,0,50],[7,451,18,8,3,7,44.4,16.7,38.9],[8,1237,18,8,3,7,44.4,16.7,38.9],[9,438,18,7,2,9,38.9,11.1,50],[10,433,18,4,3,11,22.2,16.7,61.1]];
var TotalBsHalf = [[1,1323,36,16,1,19,44.4,2.8,52.8],[2,442,36,16,0,20,44.4,0,55.6],[3,436,35,14,2,19,40,5.7,54.3],[4,1229,36,13,7,16,36.1,19.4,44.4],[5,430,36,13,1,22,36.1,2.8,61.1],[6,433,36,13,1,22,36.1,2.8,61.1],[7,451,36,13,1,22,36.1,2.8,61.1],[8,1237,35,12,2,21,34.3,5.7,60],[9,438,36,9,1,26,25,2.8,72.2],[10,449,36,7,4,25,19.4,11.1,69.4]];
var HomeBsHalf = [[1,442,18,9,0,9,50,0,50],[2,436,18,8,1,9,44.4,5.6,50],[3,433,18,7,1,10,38.9,5.6,55.6],[4,1323,18,7,1,10,38.9,5.6,55.6],[5,451,18,7,0,11,38.9,0,61.1],[6,1237,17,6,2,9,35.3,11.8,52.9],[7,438,18,6,0,12,33.3,0,66.7],[8,1229,18,5,3,10,27.8,16.7,55.6],[9,430,18,5,1,12,27.8,5.6,66.7],[10,449,18,3,1,14,16.7,5.6,77.8]];
var GuestBsHalf = [[1,1323,18,9,0,9,50,0,50],[2,1229,18,8,4,6,44.4,22.2,33.3],[3,430,18,8,0,10,44.4,0,55.6],[4,442,18,7,0,11,38.9,0,61.1],[5,436,17,6,1,10,35.3,5.9,58.8],[6,451,18,6,1,11,33.3,5.6,61.1],[7,433,18,6,0,12,33.3,0,66.7],[8,1237,18,6,0,12,33.3,0,66.7],[9,449,18,4,3,11,22.2,16.7,61.1],[10,438,18,3,1,14,16.7,5.6,77.8]];
var addUp = [176,49.2,36,10.1,146,40.8,[61.1,442],[50,449],[66.7,442],[66.7,449],[66.7,430],[61.1,433]];
var addUpHalf = [126,35.2,20,5.6,212,59.2,[44.4,1323,442],[72.2,438],[50,442],[77.8,449],[50,1323],[77.8,438]];
var lastUpdateTime = '2025-01-19 10:39:32';
