var arrLeague = [9,'德国乙组联赛','德國乙組聯賽','German Bundesliga 2','2019-2020','#CA00CA','league_match/images/20181221085736.png','德乙','德乙','GER D2'];
var arrTeam = [[90,'比勒菲尔德','比勒費爾德','Arminia Bielefeld','','images/164870990786.png',0],[95,'波鸿','波琴','VfL Bochum','','images/164870992655.png',0],[132,'云达不莱梅','雲達不萊梅','Werder Bremen','','images/2013119144220.jpg',0],[136,'纽伦堡','紐倫堡','Nurnberg','','images/2013119145001.jpg',0],[155,'斯图加特','史特加','VfB Stuttgart','','images/164871149852.png',0],[160,'汉堡','漢堡','Hamburger SV','','images/2013119151640.jpg',0],[169,'汉诺威96','漢諾威','Hannover 96','','images/201312092606.jpg',0],[425,'特雷斯登','特雷斯登','Dynamo Dresden','','images/2013120100028.jpg',0],[458,'菲尔特','格雷特霍夫','Greuther Furth','','images/16487115697.png',0],[461,'奥厄','奧厄','Erzgebirge Aue','','images/20180921190117.jpg',0],[487,'卡尔斯鲁厄','卡斯魯厄','Karlsruher SC','','images/2013120111953.jpg',0],[1079,'雷根斯堡','雷根斯堡','Jahn Regensburg','','images/2013119132308.jpg',0],[1080,'达姆施塔特','達斯泰特','Darmstadt','','images/2013120114115.jpg',0],[1082,'韦恩','韋恩','SV Wehen Wiesbaden','','images/2013120114239.jpg',0],[1085,'圣保利','聖保利','St. Pauli','','images/20180921185751.jpg',0],[1117,'荷尔斯泰因','基爾','Holstein Kiel','','images/2013120132327.jpg',0],[1121,'奥斯纳布鲁克','奧斯納布克','VfL Osnabruck','','images/2013120115301.jpg',0],[2786,'因戈尔施塔特','恩高斯達特','Ingolstadt','','images/2013120104003.jpg',0],[4449,'桑德豪森','辛特侯遜','SV Sandhausen','','images/2013120104323.jpg',0],[8371,'海登海姆','海登海默','Heidenheimer','','images/2013120120906.jpg',0]];
var TotalBs = [[1,169,34,20,2,12,58.8,5.9,35.3],[2,95,34,19,1,14,55.9,2.9,41.2],[3,1117,34,18,4,12,52.9,11.8,35.3],[4,1079,34,18,3,13,52.9,8.8,38.2],[5,1082,34,18,0,16,52.9,0,47.1],[6,8371,36,18,1,17,50,2.8,47.2],[7,136,36,18,0,18,50,0,50],[8,155,34,17,3,14,50,8.8,41.2],[9,1080,34,17,0,17,50,0,50],[10,461,34,16,4,14,47.1,11.8,41.2],[11,160,34,16,2,16,47.1,5.9,47.1],[12,425,34,16,1,17,47.1,2.9,50],[13,458,34,16,0,18,47.1,0,52.9],[14,1085,34,16,0,18,47.1,0,52.9],[15,1121,34,16,0,18,47.1,0,52.9],[16,487,34,15,2,17,44.1,5.9,50],[17,90,34,15,1,18,44.1,2.9,52.9],[18,4449,34,13,0,21,38.2,0,61.8],[19,2786,2,1,0,1,50,0,50],[20,132,2,1,0,1,50,0,50]];
var HomeBs = [[1,95,17,13,0,4,76.5,0,23.5],[2,1079,17,11,1,5,64.7,5.9,29.4],[3,458,17,10,0,7,58.8,0,41.2],[4,1121,17,10,0,7,58.8,0,41.2],[5,8371,18,10,1,7,55.6,5.6,38.9],[6,155,17,9,2,6,52.9,11.8,35.3],[7,461,17,9,2,6,52.9,11.8,35.3],[8,1082,17,9,0,8,52.9,0,47.1],[9,169,17,9,0,8,52.9,0,47.1],[10,1080,17,8,0,9,47.1,0,52.9],[11,160,17,7,1,9,41.2,5.9,52.9],[12,425,17,7,1,9,41.2,5.9,52.9],[13,4449,17,7,0,10,41.2,0,58.8],[14,1085,17,7,0,10,41.2,0,58.8],[15,136,18,7,0,11,38.9,0,61.1],[16,1117,17,6,2,9,35.3,11.8,52.9],[17,487,17,6,1,10,35.3,5.9,58.8],[18,90,17,6,1,10,35.3,5.9,58.8],[19,2786,1,1,0,0,100,0,0],[20,132,1,0,0,1,0,0,100]];
var GuestBs = [[1,1117,17,12,2,3,70.6,11.8,17.6],[2,169,17,11,2,4,64.7,11.8,23.5],[3,136,18,11,0,7,61.1,0,38.9],[4,160,17,9,1,7,52.9,5.9,41.2],[5,487,17,9,1,7,52.9,5.9,41.2],[6,90,17,9,0,8,52.9,0,47.1],[7,1085,17,9,0,8,52.9,0,47.1],[8,1082,17,9,0,8,52.9,0,47.1],[9,1080,17,9,0,8,52.9,0,47.1],[10,425,17,9,0,8,52.9,0,47.1],[11,155,17,8,1,8,47.1,5.9,47.1],[12,8371,18,8,0,10,44.4,0,55.6],[13,461,17,7,2,8,41.2,11.8,47.1],[14,1079,17,7,2,8,41.2,11.8,47.1],[15,95,17,6,1,10,35.3,5.9,58.8],[16,458,17,6,0,11,35.3,0,64.7],[17,4449,17,6,0,11,35.3,0,64.7],[18,1121,17,6,0,11,35.3,0,64.7],[19,132,1,1,0,0,100,0,0],[20,2786,1,0,0,1,0,0,100]];
var TotalBsHalf = [[1,487,34,15,7,12,44.1,20.6,35.3],[2,95,34,15,5,14,44.1,14.7,41.2],[3,136,36,15,3,18,41.7,8.3,50],[4,1085,34,14,8,12,41.2,23.5,35.3],[5,160,34,14,4,16,41.2,11.8,47.1],[6,4449,34,13,9,12,38.2,26.5,35.3],[7,1117,34,13,8,13,38.2,23.5,38.2],[8,1080,34,13,7,14,38.2,20.6,41.2],[9,458,34,13,7,14,38.2,20.6,41.2],[10,155,34,13,3,18,38.2,8.8,52.9],[11,461,34,12,10,12,35.3,29.4,35.3],[12,1082,34,12,8,14,35.3,23.5,41.2],[13,1079,34,12,7,15,35.3,20.6,44.1],[14,1121,34,11,11,12,32.4,32.4,35.3],[15,169,34,11,11,12,32.4,32.4,35.3],[16,425,34,11,8,15,32.4,23.5,44.1],[17,90,34,10,6,18,29.4,17.6,52.9],[18,8371,36,8,7,21,22.2,19.4,58.3],[19,2786,2,1,0,1,50,0,50],[20,132,2,0,1,1,0,50,50]];
var HomeBsHalf = [[1,95,17,10,1,6,58.8,5.9,35.3],[2,487,17,8,3,6,47.1,17.6,35.3],[3,155,17,8,1,8,47.1,5.9,47.1],[4,160,17,8,1,8,47.1,5.9,47.1],[5,1117,17,7,3,7,41.2,17.6,41.2],[6,1085,17,7,1,9,41.2,5.9,52.9],[7,1082,17,6,6,5,35.3,35.3,29.4],[8,1121,17,6,5,6,35.3,29.4,35.3],[9,169,17,6,4,7,35.3,23.5,41.2],[10,1080,17,6,4,7,35.3,23.5,41.2],[11,458,17,6,4,7,35.3,23.5,41.2],[12,4449,17,6,3,8,35.3,17.6,47.1],[13,136,18,6,3,9,33.3,16.7,50],[14,461,17,5,6,6,29.4,35.3,35.3],[15,90,17,5,6,6,29.4,35.3,35.3],[16,425,17,5,5,7,29.4,29.4,41.2],[17,1079,17,4,5,8,23.5,29.4,47.1],[18,8371,18,4,4,10,22.2,22.2,55.6],[19,132,1,0,0,1,0,0,100],[20,2786,1,0,0,1,0,0,100]];
var GuestBsHalf = [[1,136,18,9,0,9,50,0,50],[2,1079,17,8,2,7,47.1,11.8,41.2],[3,1085,17,7,7,3,41.2,41.2,17.6],[4,4449,17,7,6,4,41.2,35.3,23.5],[5,461,17,7,4,6,41.2,23.5,35.3],[6,487,17,7,4,6,41.2,23.5,35.3],[7,1080,17,7,3,7,41.2,17.6,41.2],[8,458,17,7,3,7,41.2,17.6,41.2],[9,1117,17,6,5,6,35.3,29.4,35.3],[10,425,17,6,3,8,35.3,17.6,47.1],[11,160,17,6,3,8,35.3,17.6,47.1],[12,1082,17,6,2,9,35.3,11.8,52.9],[13,169,17,5,7,5,29.4,41.2,29.4],[14,1121,17,5,6,6,29.4,35.3,35.3],[15,95,17,5,4,8,29.4,23.5,47.1],[16,155,17,5,2,10,29.4,11.8,58.8],[17,90,17,5,0,12,29.4,0,70.6],[18,8371,18,4,3,11,22.2,16.7,61.1],[19,2786,1,1,0,0,100,0,0],[20,132,1,0,1,0,0,100,0]];
var addUp = [304,49,24,3.9,292,47.1,[58.8,169],[61.8,4449],[100,2786],[100,132],[100,132],[100,2786]];
var addUpHalf = [226,36.5,130,21,264,42.6,[50,2786],[58.3,8371],[58.8,95],[100,132,2786],[100,2786],[70.6,90]];
var lastUpdateTime = '2025-01-19 09:03:41';
