var arrLeague = [21,'美国职业大联盟联赛','美國職業大聯盟聯賽','USA Major League Soccer','2013','#660033','league_match/images/20200709144320.png','美职业','美職業','MLS'];
var arrTeam = [[310,'纽约红牛','紐約紅牛','New York Red Bulls','','images/310/1j3s20wrkq7.png',1],[311,'洛杉矶银河','洛杉磯銀河','Los Angeles Galaxy','','images/311/1gshts0qkp29.png',2],[314,'华盛顿联','華盛頓聯隊','DC United','','images/314/1j3p97keem1v.png',1],[316,'新英格兰革命','新英倫革命','New England Revolution','','images/316/1gt31ntq8c11.png',1],[318,'堪萨斯城竞技','肯薩斯體育會','Sporting Kansas City','','images/318/1h8qp9bzst19.png',2],[319,'芝加哥火焰','芝加哥火燄','Chicago Fire','','images/319/1j3vezpgz82.png',1],[321,'达拉斯FC','FC達拉斯','FC Dallas','','images/321/1h8qp9bz9t25.png',2],[323,'科罗拉多急流','科羅拉多急流','Colorado Rapids','','images/323/1gzyznd55q2j.png',2],[326,'圣何塞地震','聖荷西地震','San Jose Earthquakes','','images/326/1gytydqn1g2z.png',2],[327,'哥伦布机员','哥倫布機員','Columbus Crew','','images/327/1hr8pf0r2p2h.png',1],[2071,'皇家盐湖城','皇家鹽湖城','Real Salt Lake','','images/2071/1gt31ntq8j2r.png',2],[2072,'美国芝华士','美國芝華士','Deportivo Chivas USA','','images/20130921165821.gif',1],[4073,'休斯敦迪纳摩','侯斯頓戴拿模','Houston Dynamo','','images/4073/1h8fzsff9s2w.png',2],[5345,'多伦多FC','多倫多FC','Toronto FC','','images/5345/1gshts0qkc2m.png',1],[5526,'西雅图音速','西雅圖海灣者','Seattle Sounders','','images/5526/1hxb3nrv3ya.png',2],[5530,'蒙特利尔冲击','蒙特利爾衝擊','Montreal Impact','','images/5530/1hxkcfqmkck.png',1],[5533,'温哥华白帽','溫哥華白帽','Vancouver Whitecaps','','images/5533/1gtzd9vt3r22.png',2],[5555,'波特兰伐木者','波特蘭伐木者','Portland Timbers','','images/5555/1j3vezbrp12x.png',2],[13541,'费城联合','費城聯','Philadelphia Union','','images/13541/1gxsf4vmaw1p.png',1]];
var TotalBs = [[1,319,34,20,0,14,58.8,0,41.2],[2,321,34,20,0,14,58.8,0,41.2],[3,5530,35,20,0,15,57.1,0,42.9],[4,310,36,20,0,16,55.6,0,44.4],[5,5533,34,19,0,15,55.9,0,44.1],[6,5555,38,19,0,19,50,0,50],[7,318,39,19,0,20,48.7,0,51.3],[8,2072,34,17,1,16,50,2.9,47.1],[9,327,34,17,0,17,50,0,50],[10,2071,39,17,1,21,43.6,2.6,53.8],[11,13541,34,16,0,18,47.1,0,52.9],[12,314,34,16,0,18,47.1,0,52.9],[13,316,36,16,0,20,44.4,0,55.6],[14,311,36,16,0,20,44.4,0,55.6],[15,5526,37,15,0,22,40.5,0,59.5],[16,4073,39,15,0,24,38.5,0,61.5],[17,5345,34,14,0,20,41.2,0,58.8],[18,326,34,14,0,20,41.2,0,58.8],[19,323,35,14,0,21,40,0,60]];
var HomeBs = [[1,318,20,11,0,9,55,0,45],[2,5533,17,10,0,7,58.8,0,41.2],[3,319,17,10,0,7,58.8,0,41.2],[4,310,18,10,0,8,55.6,0,44.4],[5,13541,17,9,0,8,52.9,0,47.1],[6,5530,17,9,0,8,52.9,0,47.1],[7,5345,17,9,0,8,52.9,0,47.1],[8,314,17,9,0,8,52.9,0,47.1],[9,321,17,9,0,8,52.9,0,47.1],[10,323,17,9,0,8,52.9,0,47.1],[11,2071,19,9,1,9,47.4,5.3,47.4],[12,5555,19,9,0,10,47.4,0,52.6],[13,4073,20,9,0,11,45,0,55],[14,2072,17,8,0,9,47.1,0,52.9],[15,316,18,8,0,10,44.4,0,55.6],[16,5526,19,8,0,11,42.1,0,57.9],[17,311,18,7,0,11,38.9,0,61.1],[18,326,17,6,0,11,35.3,0,64.7],[19,327,17,3,0,14,17.6,0,82.4]];
var GuestBs = [[1,327,17,14,0,3,82.4,0,17.6],[2,321,17,11,0,6,64.7,0,35.3],[3,5530,18,11,0,7,61.1,0,38.9],[4,319,17,10,0,7,58.8,0,41.2],[5,310,18,10,0,8,55.6,0,44.4],[6,5555,19,10,0,9,52.6,0,47.4],[7,2072,17,9,1,7,52.9,5.9,41.2],[8,5533,17,9,0,8,52.9,0,47.1],[9,311,18,9,0,9,50,0,50],[10,326,17,8,0,9,47.1,0,52.9],[11,316,18,8,0,10,44.4,0,55.6],[12,318,19,8,0,11,42.1,0,57.9],[13,2071,20,8,0,12,40,0,60],[14,13541,17,7,0,10,41.2,0,58.8],[15,314,17,7,0,10,41.2,0,58.8],[16,5526,18,7,0,11,38.9,0,61.1],[17,4073,19,6,0,13,31.6,0,68.4],[18,5345,17,5,0,12,29.4,0,70.6],[19,323,18,5,0,13,27.8,0,72.2]];
var TotalBsHalf = [[1,5526,36,18,12,6,50,33.3,16.7],[2,314,34,14,11,9,41.2,32.4,26.5],[3,310,36,14,10,12,38.9,27.8,33.3],[4,5530,33,13,13,7,39.4,39.4,21.2],[5,2071,37,13,10,14,35.1,27,37.8],[6,4073,38,13,9,16,34.2,23.7,42.1],[7,311,35,13,6,16,37.1,17.1,45.7],[8,319,33,12,10,11,36.4,30.3,33.3],[9,5345,34,11,13,10,32.4,38.2,29.4],[10,5555,38,11,14,13,28.9,36.8,34.2],[11,321,33,11,8,14,33.3,24.2,42.4],[12,318,39,11,14,14,28.2,35.9,35.9],[13,323,33,9,15,9,27.3,45.5,27.3],[14,2072,34,9,14,11,26.5,41.2,32.4],[15,5533,34,9,13,12,26.5,38.2,35.3],[16,326,34,9,13,12,26.5,38.2,35.3],[17,327,34,8,17,9,23.5,50,26.5],[18,13541,34,7,13,14,20.6,38.2,41.2],[19,316,35,5,14,16,14.3,40,45.7]];
var HomeBsHalf = [[1,5526,19,9,7,3,47.4,36.8,15.8],[2,314,17,9,5,3,52.9,29.4,17.6],[3,5345,17,8,6,3,47.1,35.3,17.6],[4,319,17,7,5,5,41.2,29.4,29.4],[5,321,17,7,5,5,41.2,29.4,29.4],[6,2071,19,7,6,6,36.8,31.6,31.6],[7,310,18,7,4,7,38.9,22.2,38.9],[8,4073,20,7,5,8,35,25,40],[9,318,20,6,10,4,30,50,20],[10,5530,17,6,6,5,35.3,35.3,29.4],[11,5555,19,6,6,7,31.6,31.6,36.8],[12,311,18,6,1,11,33.3,5.6,61.1],[13,2072,17,5,7,5,29.4,41.2,29.4],[14,323,17,5,7,5,29.4,41.2,29.4],[15,13541,17,5,5,7,29.4,29.4,41.2],[16,5533,17,3,7,7,17.6,41.2,41.2],[17,327,17,2,10,5,11.8,58.8,29.4],[18,326,17,1,9,7,5.9,52.9,41.2],[19,316,18,1,7,10,5.6,38.9,55.6]];
var GuestBsHalf = [[1,5526,17,9,5,3,52.9,29.4,17.6],[2,326,17,8,4,5,47.1,23.5,29.4],[3,5530,16,7,7,2,43.8,43.8,12.5],[4,310,18,7,6,5,38.9,33.3,27.8],[5,311,17,7,5,5,41.2,29.4,29.4],[6,327,17,6,7,4,35.3,41.2,23.5],[7,5533,17,6,6,5,35.3,35.3,29.4],[8,4073,18,6,4,8,33.3,22.2,44.4],[9,2071,18,6,4,8,33.3,22.2,44.4],[10,314,17,5,6,6,29.4,35.3,35.3],[11,319,16,5,5,6,31.2,31.2,37.5],[12,5555,19,5,8,6,26.3,42.1,31.6],[13,318,19,5,4,10,26.3,21.1,52.6],[14,323,16,4,8,4,25,50,25],[15,316,17,4,7,6,23.5,41.2,35.3],[16,2072,17,4,7,6,23.5,41.2,35.3],[17,321,16,4,3,9,25,18.8,56.2],[18,5345,17,3,7,7,17.6,41.2,41.2],[19,13541,17,2,8,7,11.8,47.1,41.2]];
var addUp = [324,47.9,2,0.3,350,51.8,[58.8,319,321],[61.5,4073],[58.8,5533,319],[82.4,327],[82.4,327],[72.2,323]];
var addUpHalf = [210,31.6,229,34.5,225,33.9,[50,5526],[45.7,311,316],[52.9,314],[61.1,311],[52.9,5526],[56.2,321]];
var lastUpdateTime = '2025-01-20 11:38:53';
