var arrLeague = [22,'挪威超级联赛','挪威超級聯賽','Norway Eliteserien','2017','#666666','league_match/images/20200420075346.jpg','挪超','挪超','NOR D1'];
var arrTeam = [[475,'斯塔贝克','史達比克','Stabaek','','images/475/1gq6j9e9y51x.png',0],[479,'奥德','奧特足球會','Odds Ballklubb','','images/479/1jjx4n5qy3b.png',0],[485,'瓦勒伦加','華拿倫加','Valerenga','','images/485/1gxmbkap742v.png',0],[495,'维京','維京','Viking','','images/495/1km206hznr1r.png',0],[498,'布兰','白蘭恩','Brann','','images/498/1kenbmf765v.png',0],[505,'莫尔德','莫迪','Molde','','images/505/1gxmbm1nc618.png',0],[507,'罗森博格','洛辛堡','Rosenborg BK','','images/507/1gxmbm1ncb32.png',0],[509,'利勒斯特罗姆','利尼史特朗','Lillestrom','','images/509/1gxmbm1nc124.png',0],[512,'松达尔','桑恩達','Sogndal','','images/512/1grmmxhterh.png',0],[514,'特罗姆瑟','特羅素','Tromso IL','','images/514/1gxmbm1ncd32.png',0],[1280,'奥勒松','阿利辛特','Aalesund FK','','images/1280/1km206j04qg.png',0],[1282,'桑德菲杰','辛迪夫佐特','Sandefjord','','images/1282/1gqv25gza42a.png',0],[1285,'斯托姆加斯特','史卓加斯特','Stromsgodset','','images/1285/1gxmbm1ncn10.png',0],[2255,'萨普斯堡','薩普斯堡','Sarpsborg 08','','images/2255/1kk5pbdfmw1q.png',0],[2822,'海于格松','侯格辛特','Haugesund','','images/2822/1knjwpjf8b2q.png',0],[4174,'克里斯蒂安松','基斯迪辛特','Kristiansund BK','','images/4174/1gxmbp26a81v.png',0]];
var TotalPanLu = [[1,475,30,11,2,17,17,0,13,4,56.7,0,43.3],[2,4174,30,5,5,20,16,4,10,6,53.3,13.3,33.3],[3,1285,30,17,5,8,16,3,11,5,53.3,10,36.7],[4,498,30,19,3,8,16,2,12,4,53.3,6.7,40],[5,2255,30,20,3,7,16,1,13,3,53.3,3.3,43.3],[6,507,30,28,2,0,15,2,13,2,50,6.7,43.3],[7,1282,30,8,1,21,15,0,15,0,50,0,50],[8,505,30,20,6,4,14,4,12,2,46.7,13.3,40],[9,512,30,6,5,19,14,3,13,1,46.7,10,43.3],[10,2822,30,10,5,15,14,0,16,-2,46.7,0,53.3],[11,509,30,10,6,14,13,3,14,-1,43.3,10,46.7],[12,514,30,10,2,18,13,2,15,-2,43.3,6.7,50],[13,479,30,17,4,9,13,1,16,-3,43.3,3.3,53.3],[14,485,30,13,4,13,12,1,17,-5,40,3.3,56.7],[15,1280,30,8,7,15,11,3,16,-5,36.7,10,53.3],[16,495,30,6,4,20,9,3,18,-9,30,10,60]];
var HomePanLu = [[1,1282,15,8,1,6,10,0,5,5,66.7,0,33.3],[2,512,15,6,4,5,9,1,5,4,60,6.7,33.3],[3,1285,15,13,2,0,9,1,5,4,60,6.7,33.3],[4,479,15,14,0,1,9,1,5,4,60,6.7,33.3],[5,4174,15,5,5,5,8,4,3,5,53.3,26.7,20],[6,2255,15,14,0,1,8,1,6,2,53.3,6.7,40],[7,2822,15,10,2,3,8,0,7,1,53.3,0,46.7],[8,485,15,13,1,1,8,0,7,1,53.3,0,46.7],[9,498,15,14,0,1,8,0,7,1,53.3,0,46.7],[10,505,15,14,1,0,7,2,6,1,46.7,13.3,40],[11,507,15,15,0,0,7,1,7,0,46.7,6.7,46.7],[12,509,15,10,4,1,7,0,8,-1,46.7,0,53.3],[13,475,15,10,2,3,7,0,8,-1,46.7,0,53.3],[14,514,15,10,2,3,6,2,7,-1,40,13.3,46.7],[15,1280,15,8,5,2,6,1,8,-2,40,6.7,53.3],[16,495,15,6,3,6,4,2,9,-5,26.7,13.3,60]];
var GuestPanLu = [[1,475,15,1,0,14,10,0,5,5,66.7,0,33.3],[2,498,15,5,3,7,8,2,5,3,53.3,13.3,33.3],[3,507,15,13,2,0,8,1,6,2,53.3,6.7,40],[4,4174,15,0,0,15,8,0,7,1,53.3,0,46.7],[5,2255,15,6,3,6,8,0,7,1,53.3,0,46.7],[6,1285,15,4,3,8,7,2,6,1,46.7,13.3,40],[7,505,15,6,5,4,7,2,6,1,46.7,13.3,40],[8,514,15,0,0,15,7,0,8,-1,46.7,0,53.3],[9,509,15,0,2,13,6,3,6,0,40,20,40],[10,2822,15,0,3,12,6,0,9,-3,40,0,60],[11,512,15,0,1,14,5,2,8,-3,33.3,13.3,53.3],[12,1280,15,0,2,13,5,2,8,-3,33.3,13.3,53.3],[13,495,15,0,1,14,5,1,9,-4,33.3,6.7,60],[14,1282,15,0,0,15,5,0,10,-5,33.3,0,66.7],[15,485,15,0,3,12,4,1,10,-6,26.7,6.7,66.7],[16,479,15,3,4,8,4,0,11,-7,26.7,0,73.3]];
var TotalHalfPanLu = [[1,512,30,4,10,16,18,4,8,10,60,13.3,26.7],[2,1282,30,2,10,18,16,4,10,6,53.3,13.3,33.3],[3,4174,30,2,11,17,15,6,9,6,50,20,30],[4,514,30,6,10,14,15,4,11,4,50,13.3,36.7],[5,2255,30,17,8,5,15,2,13,2,50,6.7,43.3],[6,2822,30,8,10,12,14,6,10,4,46.7,20,33.3],[7,507,30,26,4,0,14,3,13,1,46.7,10,43.3],[8,475,30,6,10,14,14,1,15,-1,46.7,3.3,50],[9,1285,30,12,12,6,13,4,13,0,43.3,13.3,43.3],[10,505,30,17,8,5,13,3,14,-1,43.3,10,46.7],[11,1280,30,6,12,12,12,3,15,-3,40,10,50],[12,479,30,13,11,6,11,8,11,0,36.7,26.7,36.7],[13,498,30,14,13,3,11,6,13,-2,36.7,20,43.3],[14,485,30,10,13,7,11,1,18,-7,36.7,3.3,60],[15,495,30,6,9,15,11,1,18,-7,36.7,3.3,60],[16,509,30,9,13,8,7,4,19,-12,23.3,13.3,63.3]];
var HomeHalfPanLu = [[1,4174,15,2,9,4,8,4,3,5,53.3,26.7,20],[2,512,15,4,8,3,8,4,3,5,53.3,26.7,20],[3,2822,15,8,6,1,8,3,4,4,53.3,20,26.7],[4,498,15,13,2,0,8,1,6,2,53.3,6.7,40],[5,2255,15,14,0,1,8,0,7,1,53.3,0,46.7],[6,1282,15,2,10,3,7,4,4,3,46.7,26.7,26.7],[7,479,15,12,3,0,7,3,5,2,46.7,20,33.3],[8,507,15,15,0,0,7,0,8,-1,46.7,0,53.3],[9,475,15,6,7,2,7,0,8,-1,46.7,0,53.3],[10,1285,15,11,4,0,6,1,8,-2,40,6.7,53.3],[11,485,15,10,4,1,6,1,8,-2,40,6.7,53.3],[12,505,15,14,1,0,6,0,9,-3,40,0,60],[13,514,15,6,8,1,5,4,6,-1,33.3,26.7,40],[14,1280,15,6,8,1,4,2,9,-5,26.7,13.3,60],[15,495,15,6,7,2,4,1,10,-6,26.7,6.7,66.7],[16,509,15,9,5,1,3,2,10,-7,20,13.3,66.7]];
var GuestHalfPanLu = [[1,512,15,0,2,13,10,0,5,5,66.7,0,33.3],[2,514,15,0,2,13,10,0,5,5,66.7,0,33.3],[3,1282,15,0,0,15,9,0,6,3,60,0,40],[4,1280,15,0,4,11,8,1,6,2,53.3,6.7,40],[5,507,15,11,4,0,7,3,5,2,46.7,20,33.3],[6,505,15,3,7,5,7,3,5,2,46.7,20,33.3],[7,1285,15,1,8,6,7,3,5,2,46.7,20,33.3],[8,4174,15,0,2,13,7,2,6,1,46.7,13.3,40],[9,2255,15,3,8,4,7,2,6,1,46.7,13.3,40],[10,475,15,0,3,12,7,1,7,0,46.7,6.7,46.7],[11,495,15,0,2,13,7,0,8,-1,46.7,0,53.3],[12,2822,15,0,4,11,6,3,6,0,40,20,40],[13,485,15,0,9,6,5,0,10,-5,33.3,0,66.7],[14,479,15,1,8,6,4,5,6,-2,26.7,33.3,40],[15,509,15,0,8,7,4,2,9,-5,26.7,13.3,60],[16,498,15,1,11,3,3,5,7,-4,20,33.3,46.7]];
var addUp = [121,50.4,16,6.7,103,42.9,[56.7,475],[60,495],[66.7,1282],[60,495],[66.7,475],[73.3,479],[13.3,4174,505],[0,475,1282,2822]];
var addUpHalf = [102,42.5,30,12.5,108,45,[60,512],[63.3,509],[53.3,4174,512,2822,498,2255],[66.7,495,509],[66.7,512,514],[66.7,485],[26.7,479],[3.3,475,485,495]];
var lastUpdateTime = '2026-04-07 16:23:03';
