var arrLeague = [22,'挪威超级联赛','挪威超級聯賽','Norway Eliteserien','2017','#666666','league_match/images/20200420075346.jpg','挪超','挪超','NOR D1'];
var arrTeam = [[475,'斯塔贝克','史達比克','Stabaek','','images/475/1gq6j9e9y51x.png',0],[479,'奥德','奧特足球會','Odds Ballklubb','','images/479/1jjx4n5qy3b.png',0],[485,'瓦勒伦加','華拿倫加','Valerenga','','images/485/1gxmbkap742v.png',0],[495,'维京','維京','Viking','','images/495/1km206hznr1r.png',0],[498,'布兰','白蘭恩','Brann','','images/498/1kenbmf765v.png',0],[505,'莫尔德','莫迪','Molde','','images/505/1gxmbm1nc618.png',0],[507,'罗森博格','洛辛堡','Rosenborg BK','','images/507/1gxmbm1ncb32.png',0],[509,'利勒斯特罗姆','利尼史特朗','Lillestrom','','images/509/1gxmbm1nc124.png',0],[512,'松达尔','桑恩達','Sogndal','','images/512/1grmmxhterh.png',0],[514,'特罗姆瑟','特羅素','Tromso IL','','images/514/1gxmbm1ncd32.png',0],[1280,'奥勒松','阿利辛特','Aalesund FK','','images/1280/1km206j04qg.png',0],[1282,'桑德菲杰','辛迪夫佐特','Sandefjord','','images/1282/1gqv25gza42a.png',0],[1285,'斯托姆加斯特','史卓加斯特','Stromsgodset','','images/1285/1gxmbm1ncn10.png',0],[2255,'萨普斯堡','薩普斯堡','Sarpsborg 08','','images/2255/1kk5pbdfmw1q.png',0],[2822,'海于格松','侯格辛特','Haugesund','','images/2822/1knjwpjf8b2q.png',0],[4174,'克里斯蒂安松','基斯迪辛特','Kristiansund BK','','images/4174/1gxmbp26a81v.png',0]];
var TotalBs = [[1,505,30,19,1,10,63.3,3.3,33.3],[2,514,30,19,1,10,63.3,3.3,33.3],[3,475,30,19,0,11,63.3,0,36.7],[4,2255,30,18,0,12,60,0,40],[5,1282,30,17,0,13,56.7,0,43.3],[6,485,30,16,1,13,53.3,3.3,43.3],[7,512,30,16,1,13,53.3,3.3,43.3],[8,509,30,16,0,14,53.3,0,46.7],[9,495,30,16,0,14,53.3,0,46.7],[10,498,30,16,0,14,53.3,0,46.7],[11,507,30,14,4,12,46.7,13.3,40],[12,1280,30,14,0,16,46.7,0,53.3],[13,1285,30,13,0,17,43.3,0,56.7],[14,4174,30,13,0,17,43.3,0,56.7],[15,2822,30,12,0,18,40,0,60],[16,479,30,12,0,18,40,0,60]];
var HomeBs = [[1,505,15,10,0,5,66.7,0,33.3],[2,514,15,10,0,5,66.7,0,33.3],[3,498,15,9,0,6,60,0,40],[4,475,15,9,0,6,60,0,40],[5,495,15,9,0,6,60,0,40],[6,2255,15,9,0,6,60,0,40],[7,512,15,8,0,7,53.3,0,46.7],[8,1285,15,8,0,7,53.3,0,46.7],[9,1282,15,8,0,7,53.3,0,46.7],[10,485,15,8,0,7,53.3,0,46.7],[11,1280,15,8,0,7,53.3,0,46.7],[12,509,15,7,0,8,46.7,0,53.3],[13,4174,15,6,0,9,40,0,60],[14,2822,15,6,0,9,40,0,60],[15,507,15,5,4,6,33.3,26.7,40],[16,479,15,5,0,10,33.3,0,66.7]];
var GuestBs = [[1,475,15,10,0,5,66.7,0,33.3],[2,505,15,9,1,5,60,6.7,33.3],[3,514,15,9,1,5,60,6.7,33.3],[4,507,15,9,0,6,60,0,40],[5,509,15,9,0,6,60,0,40],[6,1282,15,9,0,6,60,0,40],[7,2255,15,9,0,6,60,0,40],[8,512,15,8,1,6,53.3,6.7,40],[9,485,15,8,1,6,53.3,6.7,40],[10,495,15,7,0,8,46.7,0,53.3],[11,479,15,7,0,8,46.7,0,53.3],[12,498,15,7,0,8,46.7,0,53.3],[13,4174,15,7,0,8,46.7,0,53.3],[14,2822,15,6,0,9,40,0,60],[15,1280,15,6,0,9,40,0,60],[16,1285,15,5,0,10,33.3,0,66.7]];
var TotalBsHalf = [[1,485,30,17,4,9,56.7,13.3,30],[2,514,30,16,7,7,53.3,23.3,23.3],[3,1285,30,15,5,10,50,16.7,33.3],[4,495,30,13,11,6,43.3,36.7,20],[5,509,30,13,6,11,43.3,20,36.7],[6,475,30,12,6,12,40,20,40],[7,1280,30,12,6,12,40,20,40],[8,2255,30,11,10,9,36.7,33.3,30],[9,512,30,11,9,10,36.7,30,33.3],[10,1282,30,11,7,12,36.7,23.3,40],[11,498,30,10,9,11,33.3,30,36.7],[12,4174,30,10,8,12,33.3,26.7,40],[13,505,30,10,3,17,33.3,10,56.7],[14,507,30,9,5,16,30,16.7,53.3],[15,2822,30,8,12,10,26.7,40,33.3],[16,479,30,8,8,14,26.7,26.7,46.7]];
var HomeBsHalf = [[1,514,15,10,2,3,66.7,13.3,20],[2,1285,15,9,1,5,60,6.7,33.3],[3,498,15,7,4,4,46.7,26.7,26.7],[4,507,15,7,0,8,46.7,0,53.3],[5,512,15,6,6,3,40,40,20],[6,495,15,6,5,4,40,33.3,26.7],[7,2255,15,6,5,4,40,33.3,26.7],[8,1280,15,6,3,6,40,20,40],[9,485,15,6,3,6,40,20,40],[10,2822,15,5,6,4,33.3,40,26.7],[11,479,15,5,4,6,33.3,26.7,40],[12,509,15,5,3,7,33.3,20,46.7],[13,4174,15,4,5,6,26.7,33.3,40],[14,475,15,4,5,6,26.7,33.3,40],[15,505,15,4,1,10,26.7,6.7,66.7],[16,1282,15,3,5,7,20,33.3,46.7]];
var GuestBsHalf = [[1,485,15,11,1,3,73.3,6.7,20],[2,509,15,8,3,4,53.3,20,26.7],[3,1282,15,8,2,5,53.3,13.3,33.3],[4,475,15,8,1,6,53.3,6.7,40],[5,495,15,7,6,2,46.7,40,13.3],[6,514,15,6,5,4,40,33.3,26.7],[7,1285,15,6,4,5,40,26.7,33.3],[8,4174,15,6,3,6,40,20,40],[9,1280,15,6,3,6,40,20,40],[10,505,15,6,2,7,40,13.3,46.7],[11,2255,15,5,5,5,33.3,33.3,33.3],[12,512,15,5,3,7,33.3,20,46.7],[13,2822,15,3,6,6,20,40,40],[14,498,15,3,5,7,20,33.3,46.7],[15,479,15,3,4,8,20,26.7,53.3],[16,507,15,2,5,8,13.3,33.3,53.3]];
var addUp = [250,52.1,8,1.7,222,46.2,[63.3,505,514,475],[60,2822,479],[66.7,505,514],[66.7,479],[66.7,475],[66.7,1285]];
var addUpHalf = [186,38.8,116,24.2,178,37.1,[56.7,485],[56.7,505],[66.7,514],[66.7,505],[73.3,485],[53.3,479,507]];
var lastUpdateTime = '2026-04-07 16:23:22';
