var arrLeague = [4,'巴西甲组联赛','巴西甲組聯賽','Brazil Serie A','2022','#996600','league_match/images/20210621103014.png','巴西甲','巴西甲','BRA D1'];
var arrTeam = [[337,'桑托斯','山度士','Santos','','images/337/1gv1yhgq3n2e.png',0],[343,'米内罗竞技','明尼路','Atletico Mineiro','','images/343/1j9d3cawpn18.png',0],[347,'巴拉纳竞技','巴拉納體育會','Atletico Paranaense','','images/347/1gxhxt30w91z.png',0],[349,'科林蒂安','哥連泰斯','Corinthians Paulista (SP)','','images/349/1j9d3cawpe2k.png',0],[350,'科里蒂巴','哥列迪巴','Coritiba PR','','images/350/1gy3wybtj81j.png',0],[356,'弗拉门戈','法林明高','Flamengo','','images/356/1j9d3cawp41r.png',0],[360,'戈伊亚斯','戈亞斯','Goias','','images/360/1gtqpsvqgg2d.png',0],[369,'巴西国际','國際體育會','Internacional RS','','images/369/1hxg39ttg32m.png',0],[371,'尤文图德','尤文都德','Juventude','','images/371/1hwrwf8axx1r.png',0],[453,'圣保罗','聖保羅','Sao Paulo','','images/453/1hxqrprbs1c.png',0],[465,'帕尔梅拉斯','彭美拉斯','Palmeiras','','images/465/1gxsf3fvqe1p.png',0],[467,'博塔弗戈','保地花高','Botafogo RJ','','images/467/1gtqm76wzmz.png',0],[469,'弗鲁米嫩塞','富明尼斯','Fluminense RJ','','images/469/1hxqrprbsp13.png',0],[1973,'库亚巴','古亞巴','Cuiaba','','images/1973/1hr8pdq1wj26.png',0],[2001,'福塔雷萨','科泰尼沙','Fortaleza','','images/2001/1gqxnqd00y2y.png',0],[2108,'塞阿拉','施亞拉','Ceara','','images/2108/1grmn77tvad.png',0],[3820,'布拉干蒂诺RB','巴拉干天奴','Bragantino','','images/3820/1gwnk9p3w710.png',0],[4175,'奥瓦','艾華爾','Avai FC','','images/4175/1gtqpszsvf1a.png',0],[5156,'戈亚尼亚竞技','戈亞尼恩斯','Atletico Clube Goianiense','','images/5156/1gtqpsvqgb1h.png',0],[13219,'米内罗美洲','阿美利加明尼路','America MG','','images/13219/1gxsf3fvqxt.png',0]];
var TotalBs = [[1,469,38,20,1,17,52.6,2.6,44.7],[2,3820,38,20,1,17,52.6,2.6,44.7],[3,453,38,19,4,15,50,10.5,39.5],[4,371,38,19,3,16,50,7.9,42.1],[5,356,38,19,1,18,50,2.6,47.4],[6,4175,38,18,4,16,47.4,10.5,42.1],[7,465,38,18,1,19,47.4,2.6,50],[8,350,38,18,1,19,47.4,2.6,50],[9,360,38,17,2,19,44.7,5.3,50],[10,369,38,17,2,19,44.7,5.3,50],[11,337,38,17,0,21,44.7,0,55.3],[12,347,38,16,2,20,42.1,5.3,52.6],[13,5156,38,15,3,20,39.5,7.9,52.6],[14,2001,38,15,2,21,39.5,5.3,55.3],[15,13219,38,15,1,22,39.5,2.6,57.9],[16,349,38,14,6,18,36.8,15.8,47.4],[17,467,38,14,1,23,36.8,2.6,60.5],[18,343,38,13,0,25,34.2,0,65.8],[19,2108,38,11,6,21,28.9,15.8,55.3],[20,1973,38,11,5,22,28.9,13.2,57.9]];
var HomeBs = [[1,453,19,12,1,6,63.2,5.3,31.6],[2,469,19,12,0,7,63.2,0,36.8],[3,369,19,12,0,7,63.2,0,36.8],[4,4175,19,11,2,6,57.9,10.5,31.6],[5,356,19,10,1,8,52.6,5.3,42.1],[6,465,19,10,1,8,52.6,5.3,42.1],[7,371,19,9,2,8,47.4,10.5,42.1],[8,337,19,9,0,10,47.4,0,52.6],[9,347,19,8,1,10,42.1,5.3,52.6],[10,3820,19,8,0,11,42.1,0,57.9],[11,2108,19,7,3,9,36.8,15.8,47.4],[12,350,19,7,1,11,36.8,5.3,57.9],[13,360,19,7,1,11,36.8,5.3,57.9],[14,5156,19,7,1,11,36.8,5.3,57.9],[15,13219,19,7,1,11,36.8,5.3,57.9],[16,343,19,7,0,12,36.8,0,63.2],[17,467,19,6,1,12,31.6,5.3,63.2],[18,349,19,5,3,11,26.3,15.8,57.9],[19,2001,19,5,1,13,26.3,5.3,68.4],[20,1973,19,4,3,12,21.1,15.8,63.2]];
var GuestBs = [[1,3820,19,12,1,6,63.2,5.3,31.6],[2,350,19,11,0,8,57.9,0,42.1],[3,360,19,10,1,8,52.6,5.3,42.1],[4,2001,19,10,1,8,52.6,5.3,42.1],[5,371,19,10,1,8,52.6,5.3,42.1],[6,349,19,9,3,7,47.4,15.8,36.8],[7,356,19,9,0,10,47.4,0,52.6],[8,5156,19,8,2,9,42.1,10.5,47.4],[9,347,19,8,1,10,42.1,5.3,52.6],[10,469,19,8,1,10,42.1,5.3,52.6],[11,337,19,8,0,11,42.1,0,57.9],[12,465,19,8,0,11,42.1,0,57.9],[13,467,19,8,0,11,42.1,0,57.9],[14,13219,19,8,0,11,42.1,0,57.9],[15,453,19,7,3,9,36.8,15.8,47.4],[16,1973,19,7,2,10,36.8,10.5,52.6],[17,4175,19,7,2,10,36.8,10.5,52.6],[18,343,19,6,0,13,31.6,0,68.4],[19,369,19,5,2,12,26.3,10.5,63.2],[20,2108,19,4,3,12,21.1,15.8,63.2]];
var TotalBsHalf = [[1,5156,38,24,5,9,63.2,13.2,23.7],[2,349,38,24,3,11,63.2,7.9,28.9],[3,2001,38,23,4,11,60.5,10.5,28.9],[4,13219,38,23,4,11,60.5,10.5,28.9],[5,1973,38,23,2,13,60.5,5.3,34.2],[6,469,38,22,7,9,57.9,18.4,23.7],[7,453,38,21,10,7,55.3,26.3,18.4],[8,350,38,21,7,10,55.3,18.4,26.3],[9,371,38,21,4,13,55.3,10.5,34.2],[10,347,38,19,5,14,50,13.2,36.8],[11,2108,38,19,5,14,50,13.2,36.8],[12,369,38,18,5,15,47.4,13.2,39.5],[13,467,38,18,4,16,47.4,10.5,42.1],[14,360,38,17,8,13,44.7,21.1,34.2],[15,3820,38,16,12,10,42.1,31.6,26.3],[16,4175,38,16,8,14,42.1,21.1,36.8],[17,337,38,15,9,14,39.5,23.7,36.8],[18,465,38,14,9,15,36.8,23.7,39.5],[19,356,38,13,13,12,34.2,34.2,31.6],[20,343,38,11,12,15,28.9,31.6,39.5]];
var HomeBsHalf = [[1,13219,19,13,0,6,68.4,0,31.6],[2,469,19,12,3,4,63.2,15.8,21.1],[3,369,19,12,2,5,63.2,10.5,26.3],[4,349,19,12,1,6,63.2,5.3,31.6],[5,5156,19,12,1,6,63.2,5.3,31.6],[6,2108,19,11,3,5,57.9,15.8,26.3],[7,350,19,11,3,5,57.9,15.8,26.3],[8,371,19,11,1,7,57.9,5.3,36.8],[9,453,19,10,7,2,52.6,36.8,10.5],[10,347,19,10,3,6,52.6,15.8,31.6],[11,1973,19,10,1,8,52.6,5.3,42.1],[12,4175,19,9,3,7,47.4,15.8,36.8],[13,465,19,8,4,7,42.1,21.1,36.8],[14,337,19,8,4,7,42.1,21.1,36.8],[15,2001,19,8,3,8,42.1,15.8,42.1],[16,3820,19,7,6,6,36.8,31.6,31.6],[17,360,19,7,4,8,36.8,21.1,42.1],[18,467,19,7,3,9,36.8,15.8,47.4],[19,356,19,6,8,5,31.6,42.1,26.3],[20,343,19,5,8,6,26.3,42.1,31.6]];
var GuestBsHalf = [[1,2001,19,15,1,3,78.9,5.3,15.8],[2,1973,19,13,1,5,68.4,5.3,26.3],[3,5156,19,12,4,3,63.2,21.1,15.8],[4,349,19,12,2,5,63.2,10.5,26.3],[5,453,19,11,3,5,57.9,15.8,26.3],[6,467,19,11,1,7,57.9,5.3,36.8],[7,350,19,10,4,5,52.6,21.1,26.3],[8,360,19,10,4,5,52.6,21.1,26.3],[9,469,19,10,4,5,52.6,21.1,26.3],[10,13219,19,10,4,5,52.6,21.1,26.3],[11,371,19,10,3,6,52.6,15.8,31.6],[12,3820,19,9,6,4,47.4,31.6,21.1],[13,347,19,9,2,8,47.4,10.5,42.1],[14,2108,19,8,2,9,42.1,10.5,47.4],[15,337,19,7,5,7,36.8,26.3,36.8],[16,356,19,7,5,7,36.8,26.3,36.8],[17,4175,19,7,5,7,36.8,26.3,36.8],[18,465,19,6,5,8,31.6,26.3,42.1],[19,343,19,6,4,9,31.6,21.1,47.4],[20,369,19,6,3,10,31.6,15.8,52.6]];
var addUp = [326,42.9,46,6.1,388,51.1,[52.6,469,3820],[65.8,343],[63.2,453,469,369],[68.4,2001],[63.2,3820],[68.4,343]];
var addUpHalf = [378,49.7,136,17.9,246,32.4,[63.2,5156,349],[42.1,467],[68.4,13219],[47.4,467],[78.9,2001],[52.6,369]];
var lastUpdateTime = '2025-01-18 11:49:49';
