var arrLeague = [273,'澳洲甲组联赛','澳洲甲組聯賽','Australia A-League','2015-2016','#FF7000','league_match/images/167305577951.png','澳洲甲','澳洲甲','AUS D1'];
var arrTeam = [[2900,'阿德莱德联','阿德萊德聯','Adelaide United','','images/2900/1hd5avvjts1y.png',0],[2901,'墨尔本胜利','墨爾本勝利','Melbourne Victory','','images/2901/1jaekt97145.png',0],[2909,'悉尼FC','悉尼FC','Sydney FC','','images/2909/1gq92j83knp.png',0],[2910,'中央海岸水手','中岸水手','Central Coast Mariners','','images/2910/1hd5avvjt32h.png',0],[2913,'珀斯光荣','珀斯光輝','Perth Glory','','images/2913/1h5bja71yq6.png',0],[2914,'布里斯班狮吼','布里斯本獅吼','Brisbane Roar','','images/2914/1j63q4e1gy18.png',0],[2915,'纽卡斯尔喷气机','紐卡素噴射機','Newcastle Jets','','images/2915/1hdajpw3vks.png',0],[5953,'惠灵顿凤凰','威靈頓鳳凰','Wellington Phoenix','','images/5953/1h6z210pqs2n.png',0],[14549,'墨尔本城','墨爾本城','Melbourne City','','images/14549/1gq92j83kv7.png',0],[20394,'西悉尼流浪者','西悉尼流浪者','Western Sydney','','images/20130923112441.png',0]];
var TotalPanLu = [[1,2913,28,7,4,17,17,1,10,7,60.7,3.6,35.7],[2,2900,29,16,6,7,16,3,10,6,55.2,10.3,34.5],[3,20394,29,17,5,7,16,2,11,5,55.2,6.9,37.9],[4,14549,29,17,2,10,16,1,12,4,55.2,3.4,41.4],[5,2915,27,4,2,21,15,0,12,3,55.6,0,44.4],[6,2914,29,19,2,8,15,2,12,3,51.7,6.9,41.4],[7,2909,27,14,5,8,11,2,14,-3,40.7,7.4,51.9],[8,5953,27,5,5,17,9,2,16,-7,33.3,7.4,59.3],[9,2901,28,21,5,2,9,4,15,-6,32.1,14.3,53.6],[10,2910,27,1,2,24,7,1,19,-12,25.9,3.7,70.4]];
var HomePanLu = [[1,2913,13,5,2,6,11,0,2,9,84.6,0,15.4],[2,14549,15,12,2,1,10,1,4,6,66.7,6.7,26.7],[3,2914,15,15,0,0,10,1,4,6,66.7,6.7,26.7],[4,20394,14,12,2,0,8,1,5,3,57.1,7.1,35.7],[5,2900,15,13,2,0,8,1,6,2,53.3,6.7,40],[6,2915,14,3,2,9,6,0,8,-2,42.9,0,57.1],[7,2901,13,12,1,0,5,2,6,-1,38.5,15.4,46.2],[8,5953,13,4,3,6,5,1,7,-2,38.5,7.7,53.8],[9,2909,14,10,3,1,5,1,8,-3,35.7,7.1,57.1],[10,2910,14,1,2,11,4,1,9,-5,28.6,7.1,64.3]];
var GuestPanLu = [[1,2915,13,1,0,12,9,0,4,5,69.2,0,30.8],[2,2900,14,3,4,7,8,2,4,4,57.1,14.3,28.6],[3,20394,15,5,3,7,8,1,6,2,53.3,6.7,40],[4,2909,13,4,2,7,6,1,6,0,46.2,7.7,46.2],[5,14549,14,5,0,9,6,0,8,-2,42.9,0,57.1],[6,2913,15,2,2,11,6,1,8,-2,40,6.7,53.3],[7,2914,14,4,2,8,5,1,8,-3,35.7,7.1,57.1],[8,5953,14,1,2,11,4,1,9,-5,28.6,7.1,64.3],[9,2901,15,9,4,2,4,2,9,-5,26.7,13.3,60],[10,2910,13,0,0,13,3,0,10,-7,23.1,0,76.9]];
var TotalHalfPanLu = [[1,14549,29,11,12,6,16,4,9,7,55.2,13.8,31],[2,2915,27,0,7,20,15,3,9,6,55.6,11.1,33.3],[3,2913,28,4,12,12,14,6,8,6,50,21.4,28.6],[4,2900,29,13,9,7,14,3,12,2,48.3,10.3,41.4],[5,2914,29,15,8,6,13,3,13,0,44.8,10.3,44.8],[6,2901,28,17,10,1,11,4,13,-2,39.3,14.3,46.4],[7,5953,27,3,13,11,10,4,13,-3,37,14.8,48.1],[8,2910,27,0,7,20,10,4,13,-3,37,14.8,48.1],[9,2909,27,11,10,6,8,7,12,-4,29.6,25.9,44.4],[10,20394,29,17,10,2,8,4,17,-9,27.6,13.8,58.6]];
var HomeHalfPanLu = [[1,14549,15,8,7,0,10,1,4,6,66.7,6.7,26.7],[2,2901,13,10,3,0,8,1,4,4,61.5,7.7,30.8],[3,2915,14,0,5,9,8,2,4,4,57.1,14.3,28.6],[4,2913,13,3,7,3,7,5,1,6,53.8,38.5,7.7],[5,2900,15,11,4,0,7,2,6,1,46.7,13.3,40],[6,2914,15,13,2,0,7,0,8,-1,46.7,0,53.3],[7,2910,14,0,6,8,5,3,6,-1,35.7,21.4,42.9],[8,20394,14,12,2,0,4,1,9,-5,28.6,7.1,64.3],[9,5953,13,3,8,2,3,3,7,-4,23.1,23.1,53.8],[10,2909,14,9,5,0,3,3,8,-5,21.4,21.4,57.1]];
var GuestHalfPanLu = [[1,2915,13,0,2,11,7,1,5,2,53.8,7.7,38.5],[2,5953,14,0,5,9,7,1,6,1,50,7.1,42.9],[3,2900,14,2,5,7,7,1,6,1,50,7.1,42.9],[4,2913,15,1,5,9,7,1,7,0,46.7,6.7,46.7],[5,14549,14,3,5,6,6,3,5,1,42.9,21.4,35.7],[6,2914,14,2,6,6,6,3,5,1,42.9,21.4,35.7],[7,2909,13,2,5,6,5,4,4,1,38.5,30.8,30.8],[8,2910,13,0,1,12,5,1,7,-2,38.5,7.7,53.8],[9,20394,15,5,8,2,4,3,8,-4,26.7,20,53.3],[10,2901,15,7,7,1,3,3,9,-6,20,20,60]];
var addUp = [72,51.4,9,6.4,59,42.1,[60.7,2913],[70.4,2910],[84.6,2913],[64.3,2910],[69.2,2915],[76.9,2910],[14.3,2901],[0,2915]];
var addUpHalf = [62,44.3,21,15,57,40.7,[55.6,2915],[58.6,20394],[66.7,14549],[64.3,20394],[53.8,2915],[60,2901],[25.9,2909],[10.3,2900,2914]];
var lastUpdateTime = '2025-01-19 16:30:08';
