var arrLeague = [273,'澳洲甲组联赛','澳洲甲組聯賽','Australia A-League','2015-2016','#FF7000','league_match/images/167305577951.png','澳洲甲','澳洲甲','AUS D1'];
var arrTeam = [[2900,'阿德莱德联','阿德萊德聯','Adelaide United','','images/2900/1hd5avvjts1y.png',0],[2901,'墨尔本胜利','墨爾本勝利','Melbourne Victory','','images/2901/1jaekt97145.png',0],[2909,'悉尼FC','悉尼FC','Sydney FC','','images/2909/1gq92j83knp.png',0],[2910,'中央海岸水手','中岸水手','Central Coast Mariners','','images/2910/1hd5avvjt32h.png',0],[2913,'珀斯光荣','珀斯光輝','Perth Glory','','images/2913/1h5bja71yq6.png',0],[2914,'布里斯班狮吼','布里斯本獅吼','Brisbane Roar','','images/2914/1j63q4e1gy18.png',0],[2915,'纽卡斯尔喷气机','紐卡素噴射機','Newcastle Jets','','images/2915/1hdajpw3vks.png',0],[5953,'惠灵顿凤凰','威靈頓鳳凰','Wellington Phoenix','','images/5953/1h6z210pqs2n.png',0],[14549,'墨尔本城','墨爾本城','Melbourne City','','images/14549/1gq92j83kv7.png',0],[20394,'西悉尼流浪者','西悉尼流浪者','Western Sydney','','images/20130923112441.png',0]];
var TotalBs = [[1,2914,29,21,1,7,72.4,3.4,24.1],[2,2910,27,20,1,6,74.1,3.7,22.2],[3,14549,29,19,3,7,65.5,10.3,24.1],[4,2913,28,17,2,9,60.7,7.1,32.1],[5,5953,27,16,2,9,59.3,7.4,33.3],[6,2900,29,16,1,12,55.2,3.4,41.4],[7,20394,29,15,1,13,51.7,3.4,44.8],[8,2909,27,13,1,13,48.1,3.7,48.1],[9,2915,27,10,2,15,37,7.4,55.6],[10,2901,28,9,4,15,32.1,14.3,53.6]];
var HomeBs = [[1,2914,15,12,1,2,80,6.7,13.3],[2,2913,13,10,0,3,76.9,0,23.1],[3,14549,15,10,2,3,66.7,13.3,20],[4,2910,14,9,0,5,64.3,0,35.7],[5,2900,15,9,0,6,60,0,40],[6,20394,14,8,1,5,57.1,7.1,35.7],[7,5953,13,6,1,6,46.2,7.7,46.2],[8,2915,14,6,1,7,42.9,7.1,50],[9,2909,14,6,0,8,42.9,0,57.1],[10,2901,13,2,3,8,15.4,23.1,61.5]];
var GuestBs = [[1,2910,13,11,1,1,84.6,7.7,7.7],[2,5953,14,10,1,3,71.4,7.1,21.4],[3,14549,14,9,1,4,64.3,7.1,28.6],[4,2914,14,9,0,5,64.3,0,35.7],[5,2909,13,7,1,5,53.8,7.7,38.5],[6,2900,14,7,1,6,50,7.1,42.9],[7,2913,15,7,2,6,46.7,13.3,40],[8,2901,15,7,1,7,46.7,6.7,46.7],[9,20394,15,7,0,8,46.7,0,53.3],[10,2915,13,4,1,8,30.8,7.7,61.5]];
var TotalBsHalf = [[1,5953,27,16,2,9,59.3,7.4,33.3],[2,14549,28,14,2,12,50,7.1,42.9],[3,2910,27,13,2,12,48.1,7.4,44.4],[4,2909,27,11,5,11,40.7,18.5,40.7],[5,2901,27,11,1,15,40.7,3.7,55.6],[6,2900,29,10,6,13,34.5,20.7,44.8],[7,20394,28,10,5,13,35.7,17.9,46.4],[8,2914,28,10,5,13,35.7,17.9,46.4],[9,2913,26,9,4,13,34.6,15.4,50],[10,2915,25,6,2,17,24,8,68]];
var HomeBsHalf = [[1,5953,13,8,0,5,61.5,0,38.5],[2,14549,15,8,1,6,53.3,6.7,40],[3,2909,14,7,3,4,50,21.4,28.6],[4,2910,14,7,1,6,50,7.1,42.9],[5,20394,14,6,2,6,42.9,14.3,42.9],[6,2913,13,6,1,6,46.2,7.7,46.2],[7,2914,15,5,4,6,33.3,26.7,40],[8,2900,15,4,3,8,26.7,20,53.3],[9,2901,13,3,1,9,23.1,7.7,69.2],[10,2915,14,3,1,10,21.4,7.1,71.4]];
var GuestBsHalf = [[1,5953,14,8,2,4,57.1,14.3,28.6],[2,2901,14,8,0,6,57.1,0,42.9],[3,2900,14,6,3,5,42.9,21.4,35.7],[4,2910,13,6,1,6,46.2,7.7,46.2],[5,14549,13,6,1,6,46.2,7.7,46.2],[6,2914,13,5,1,7,38.5,7.7,53.8],[7,20394,14,4,3,7,28.6,21.4,50],[8,2909,13,4,2,7,30.8,15.4,53.8],[9,2915,11,3,1,7,27.3,9.1,63.6],[10,2913,13,3,3,7,23.1,23.1,53.8]];
var addUp = [156,55.7,18,6.4,106,37.9,[74.1,2910],[55.6,2915],[80,2914],[61.5,2901],[84.6,2910],[61.5,2915]];
var addUpHalf = [110,40.4,34,12.5,128,47.1,[59.3,5953],[68,2915],[61.5,5953],[71.4,2915],[57.1,5953,2901],[63.6,2915]];
var lastUpdateTime = '2025-01-19 16:30:20';
