var arrLeague = [16,'荷兰甲组联赛','荷蘭甲組聯賽','Holland Eredivisie','2018-2019','#FF6699','league_match/images/20210531104733.png','荷甲','荷甲','HOL D1'];
var arrTeam = [[225,'威廉二世','威廉二世','Willem II','','images/225/1gq6hnbe3q23.png',0],[232,'布雷达','比達','NAC Breda','','images/232/1grmmyzcmyj.png',0],[234,'阿尔克马尔','艾克馬亞','AZ Alkmaar','','images/165095691021.png',0],[235,'海伦芬','海倫維恩','SC Heerenveen','','images/165095697544.png',0],[236,'格罗宁根','高寧根','Groningen','','images/16509569590.png',0],[237,'乌德勒支','烏德勒支','FC Utrecht','','images/165095716992.png',0],[243,'格拉夫夏普','迪加史卓普','De Graafschap','','images/243/1gtg0nv5p6e.png',0],[246,'维迪斯','維迪斯','Vitesse Arnhem','','images/165095712094.png',0],[252,'费耶诺德','飛燕諾','Feyenoord','','images/165095692730.png',0],[253,'阿贾克斯','阿積士','AFC Ajax','','images/253/1gtg0nv66q2p.png',0],[254,'埃因霍温','PSV燕豪芬','PSV Eindhoven','','images/254/1gtg0nv5pw24.png',0],[256,'海牙','海牙','ADO Den Haag','','images/256/1gtg0nv6662e.png',0],[270,'SBV精英','SBV精英隊','Excelsior SBV','','images/270/1h5bja71et21.png',0],[274,'福图纳锡塔德','幸運薛達','Fortuna Sittard','','images/165095694366.png',0],[277,'芬洛','芬洛','VVV Venlo','','images/277/1h1n1jqk031t.png',0],[278,'赫拉克莱斯','荷華高斯','Heracles Almelo','','images/165095718777.png',0],[414,'兹沃勒','施禾尼','PEC Zwolle','','images/16509571534.png',0],[1093,'安曼','安曼','Emmen','','images/1093/1h5bjb8w50b.png',0]];
var TotalBs = [[1,246,38,23,4,11,60.5,10.5,28.9],[2,225,34,21,1,12,61.8,2.9,35.3],[3,253,34,21,1,12,61.8,2.9,35.3],[4,235,34,19,2,13,55.9,5.9,38.2],[5,256,34,19,1,14,55.9,2.9,41.2],[6,274,34,18,7,9,52.9,20.6,26.5],[7,254,34,18,3,13,52.9,8.8,38.2],[8,243,34,18,2,14,52.9,5.9,41.2],[9,1093,34,17,4,13,50,11.8,38.2],[10,278,36,17,5,14,47.2,13.9,38.9],[11,277,34,17,2,15,50,5.9,44.1],[12,270,34,17,1,16,50,2.9,47.1],[13,237,38,17,4,17,44.7,10.5,44.7],[14,232,34,16,4,14,47.1,11.8,41.2],[15,234,34,14,5,15,41.2,14.7,44.1],[16,252,34,14,1,19,41.2,2.9,55.9],[17,414,34,14,1,19,41.2,2.9,55.9],[18,236,36,12,2,22,33.3,5.6,61.1]];
var HomeBs = [[1,246,19,13,2,4,68.4,10.5,21.1],[2,253,17,11,0,6,64.7,0,35.3],[3,278,18,11,1,6,61.1,5.6,33.3],[4,225,17,10,1,6,58.8,5.9,35.3],[5,414,17,10,1,6,58.8,5.9,35.3],[6,256,17,10,1,6,58.8,5.9,35.3],[7,254,17,9,2,6,52.9,11.8,35.3],[8,243,17,9,0,8,52.9,0,47.1],[9,235,17,8,2,7,47.1,11.8,41.2],[10,270,17,8,1,8,47.1,5.9,47.1],[11,232,17,8,1,8,47.1,5.9,47.1],[12,1093,17,8,0,9,47.1,0,52.9],[13,277,17,8,0,9,47.1,0,52.9],[14,274,17,7,5,5,41.2,29.4,29.4],[15,237,19,7,4,8,36.8,21.1,42.1],[16,252,17,7,1,9,41.2,5.9,52.9],[17,236,18,6,2,10,33.3,11.1,55.6],[18,234,17,6,1,10,35.3,5.9,58.8]];
var GuestBs = [[1,274,17,11,2,4,64.7,11.8,23.5],[2,235,17,11,0,6,64.7,0,35.3],[3,225,17,11,0,6,64.7,0,35.3],[4,253,17,10,1,6,58.8,5.9,35.3],[5,246,19,10,2,7,52.6,10.5,36.8],[6,237,19,10,0,9,52.6,0,47.4],[7,1093,17,9,4,4,52.9,23.5,23.5],[8,243,17,9,2,6,52.9,11.8,35.3],[9,277,17,9,2,6,52.9,11.8,35.3],[10,254,17,9,1,7,52.9,5.9,41.2],[11,270,17,9,0,8,52.9,0,47.1],[12,256,17,9,0,8,52.9,0,47.1],[13,234,17,8,4,5,47.1,23.5,29.4],[14,232,17,8,3,6,47.1,17.6,35.3],[15,252,17,7,0,10,41.2,0,58.8],[16,278,18,6,4,8,33.3,22.2,44.4],[17,236,18,6,0,12,33.3,0,66.7],[18,414,17,4,0,13,23.5,0,76.5]];
var TotalBsHalf = [[1,235,34,20,1,13,58.8,2.9,38.2],[2,234,34,20,0,14,58.8,0,41.2],[3,225,34,19,5,10,55.9,14.7,29.4],[4,246,38,19,5,14,50,13.2,36.8],[5,253,34,18,1,15,52.9,2.9,44.1],[6,237,38,18,0,20,47.4,0,52.6],[7,256,34,17,4,13,50,11.8,38.2],[8,278,36,17,0,19,47.2,0,52.8],[9,254,34,16,0,18,47.1,0,52.9],[10,270,34,15,4,15,44.1,11.8,44.1],[11,274,34,14,2,18,41.2,5.9,52.9],[12,414,34,13,3,18,38.2,8.8,52.9],[13,1093,34,13,3,18,38.2,8.8,52.9],[14,252,34,13,1,20,38.2,2.9,58.8],[15,277,34,12,9,13,35.3,26.5,38.2],[16,243,34,12,0,22,35.3,0,64.7],[17,236,36,12,2,22,33.3,5.6,61.1],[18,232,34,10,4,20,29.4,11.8,58.8]];
var HomeBsHalf = [[1,256,17,11,1,5,64.7,5.9,29.4],[2,246,19,11,2,6,57.9,10.5,31.6],[3,234,17,11,0,6,64.7,0,35.3],[4,225,17,10,3,4,58.8,17.6,23.5],[5,278,18,9,0,9,50,0,50],[6,253,17,8,1,8,47.1,5.9,47.1],[7,414,17,8,1,8,47.1,5.9,47.1],[8,235,17,8,0,9,47.1,0,52.9],[9,237,19,8,0,11,42.1,0,57.9],[10,277,17,7,5,5,41.2,29.4,29.4],[11,270,17,7,2,8,41.2,11.8,47.1],[12,254,17,7,0,10,41.2,0,58.8],[13,243,17,7,0,10,41.2,0,58.8],[14,252,17,6,0,11,35.3,0,64.7],[15,236,18,6,1,11,33.3,5.6,61.1],[16,274,17,6,0,11,35.3,0,64.7],[17,232,17,5,3,9,29.4,17.6,52.9],[18,1093,17,4,3,10,23.5,17.6,58.8]];
var GuestBsHalf = [[1,235,17,12,1,4,70.6,5.9,23.5],[2,253,17,10,0,7,58.8,0,41.2],[3,237,19,10,0,9,52.6,0,47.4],[4,225,17,9,2,6,52.9,11.8,35.3],[5,254,17,9,0,8,52.9,0,47.1],[6,1093,17,9,0,8,52.9,0,47.1],[7,234,17,9,0,8,52.9,0,47.1],[8,270,17,8,2,7,47.1,11.8,41.2],[9,274,17,8,2,7,47.1,11.8,41.2],[10,246,19,8,3,8,42.1,15.8,42.1],[11,278,18,8,0,10,44.4,0,55.6],[12,252,17,7,1,9,41.2,5.9,52.9],[13,256,17,6,3,8,35.3,17.6,47.1],[14,236,18,6,1,11,33.3,5.6,61.1],[15,277,17,5,4,8,29.4,23.5,47.1],[16,414,17,5,2,10,29.4,11.8,58.8],[17,232,17,5,1,11,29.4,5.9,64.7],[18,243,17,5,0,12,29.4,0,70.6]];
var addUp = [312,50,50,8,262,42,[61.8,225,253],[61.1,236],[68.4,246],[58.8,234],[64.7,274,235,225],[76.5,414]];
var addUpHalf = [278,44.6,44,7.1,302,48.4,[58.8,235,234],[64.7,243],[64.7,256,234],[64.7,252,274],[70.6,235],[70.6,243]];
var lastUpdateTime = '2025-01-19 10:39:31';
