var arrLeague = [23,'葡萄牙超级联赛','葡萄牙超級聯賽','Liga Portugal 1','2025-2026','#006665','league_match/images/1j5w1nhx8v10.png','葡超','葡超','POR D1'];
var arrTeam = [[459,'布拉加','布拉加','Sporting Braga','','images/165095600132.png',0],[463,'本菲卡','賓菲加','Benfica','','images/165095593478.png',0],[466,'葡萄牙体育','士砵亭','Sporting CP','','images/466/1ke8cqk8fc1j.png',0],[468,'波尔图','波圖','FC Porto','','images/165095597156.png',0],[476,'里奥阿维','里奧阿維','Rio Ave','','images/476/1hdajkkb221n.png',0],[486,'埃斯托里尔','伊斯托里爾','Estoril','','images/165095590467.png',0],[919,'吉维森特','基維辛迪','Gil Vicente','','images/919/1gpyrknv73a.png',0],[924,'摩里伦斯','摩里倫斯','Moreirense','','images/165095611817.png',0],[927,'吉马良斯','甘馬雷斯','Vitoria Guimaraes','','images/927/1ke8cqk8f71t.png',0],[951,'葡萄牙国民','國民隊','Nacional da Madeira','','images/951/1gxsf273jh2z.png',0],[998,'艾华卡','艾華卡','Alverca','','images/998/1j50e1skcx0.png',0],[1002,'圣克拉拉','辛達卡拉','Santa Clara','','images/1jr55e0y6f1r.png',0],[1005,'阿马多拉','阿馬多拉','Estrela da Amadora','','images/1005/1hfze4rm9j2s.png',0],[4970,'法马利康','法馬利卡奧','FC Famalicao','','images/165095601658.png',0],[4971,'卡萨比亚','卡薩比亞','Casa Pia AC','','images/4971/1gpyrknv762x.png',0],[9046,'阿罗卡','阿洛卡','FC Arouca','','images/16509559199.png',0],[19599,'通德拉','唐迪拿','CD Tondela','','images/165095615051.png',0],[66762,'AVS俱乐部','AVS俱樂部','AVS Futebol SAD','','images/66762/1h5btqv04ck.png',0]];
var TotalBs = [[1,459,34,23,0,11,67.6,0,32.4],[2,9046,34,21,2,11,61.8,5.9,32.4],[3,476,34,20,2,12,58.8,5.9,35.3],[4,486,34,20,0,14,58.8,0,41.2],[5,468,34,19,0,15,55.9,0,44.1],[6,463,34,18,4,12,52.9,11.8,35.3],[7,1005,34,18,1,15,52.9,2.9,44.1],[8,66762,34,18,1,15,52.9,2.9,44.1],[9,466,34,16,4,14,47.1,11.8,41.2],[10,998,34,16,3,15,47.1,8.8,44.1],[11,919,34,16,3,15,47.1,8.8,44.1],[12,924,34,15,4,15,44.1,11.8,44.1],[13,19599,34,15,3,16,44.1,8.8,47.1],[14,927,34,15,1,18,44.1,2.9,52.9],[15,4971,34,14,3,17,41.2,8.8,50],[16,4970,34,13,1,20,38.2,2.9,58.8],[17,951,34,13,0,21,38.2,0,61.8],[18,1002,34,12,4,18,35.3,11.8,52.9]];
var HomeBs = [[1,459,17,12,0,5,70.6,0,29.4],[2,476,17,11,1,5,64.7,5.9,29.4],[3,9046,17,10,2,5,58.8,11.8,29.4],[4,486,17,10,0,7,58.8,0,41.2],[5,919,17,9,2,6,52.9,11.8,35.3],[6,466,17,9,1,7,52.9,5.9,41.2],[7,1005,17,9,0,8,52.9,0,47.1],[8,927,17,9,0,8,52.9,0,47.1],[9,951,17,9,0,8,52.9,0,47.1],[10,463,17,8,2,7,47.1,11.8,41.2],[11,924,17,8,1,8,47.1,5.9,47.1],[12,998,17,8,1,8,47.1,5.9,47.1],[13,4970,17,8,0,9,47.1,0,52.9],[14,468,17,8,0,9,47.1,0,52.9],[15,66762,17,7,1,9,41.2,5.9,52.9],[16,1002,17,6,2,9,35.3,11.8,52.9],[17,4971,17,5,3,9,29.4,17.6,52.9],[18,19599,17,5,2,10,29.4,11.8,58.8]];
var GuestBs = [[1,459,17,11,0,6,64.7,0,35.3],[2,468,17,11,0,6,64.7,0,35.3],[3,9046,17,11,0,6,64.7,0,35.3],[4,66762,17,11,0,6,64.7,0,35.3],[5,463,17,10,2,5,58.8,11.8,29.4],[6,19599,17,10,1,6,58.8,5.9,35.3],[7,486,17,10,0,7,58.8,0,41.2],[8,476,17,9,1,7,52.9,5.9,41.2],[9,1005,17,9,1,7,52.9,5.9,41.2],[10,4971,17,9,0,8,52.9,0,47.1],[11,998,17,8,2,7,47.1,11.8,41.2],[12,466,17,7,3,7,41.2,17.6,41.2],[13,924,17,7,3,7,41.2,17.6,41.2],[14,919,17,7,1,9,41.2,5.9,52.9],[15,1002,17,6,2,9,35.3,11.8,52.9],[16,927,17,6,1,10,35.3,5.9,58.8],[17,4970,17,5,1,11,29.4,5.9,64.7],[18,951,17,4,0,13,23.5,0,76.5]];
var TotalBsHalf = [[1,919,34,19,8,7,55.9,23.5,20.6],[2,459,34,18,10,6,52.9,29.4,17.6],[3,486,34,18,9,7,52.9,26.5,20.6],[4,66762,34,18,3,13,52.9,8.8,38.2],[5,927,34,18,2,14,52.9,5.9,41.2],[6,1002,34,17,2,15,50,5.9,44.1],[7,1005,34,16,6,12,47.1,17.6,35.3],[8,4971,34,16,5,13,47.1,14.7,38.2],[9,463,34,16,3,15,47.1,8.8,44.1],[10,924,34,14,8,12,41.2,23.5,35.3],[11,998,34,14,7,13,41.2,20.6,38.2],[12,19599,34,14,4,16,41.2,11.8,47.1],[13,466,34,14,2,18,41.2,5.9,52.9],[14,9046,34,13,8,13,38.2,23.5,38.2],[15,476,34,11,11,12,32.4,32.4,35.3],[16,4970,34,10,8,16,29.4,23.5,47.1],[17,951,34,9,11,14,26.5,32.4,41.2],[18,468,34,9,7,18,26.5,20.6,52.9]];
var HomeBsHalf = [[1,476,17,10,4,3,58.8,23.5,17.6],[2,463,17,10,1,6,58.8,5.9,35.3],[3,486,17,9,4,4,52.9,23.5,23.5],[4,459,17,9,4,4,52.9,23.5,23.5],[5,1005,17,9,3,5,52.9,17.6,29.4],[6,927,17,9,0,8,52.9,0,47.1],[7,919,17,8,6,3,47.1,35.3,17.6],[8,4971,17,8,2,7,47.1,11.8,41.2],[9,66762,17,8,2,7,47.1,11.8,41.2],[10,1002,17,8,1,8,47.1,5.9,47.1],[11,466,17,8,1,8,47.1,5.9,47.1],[12,4970,17,7,4,6,41.2,23.5,35.3],[13,9046,17,6,5,6,35.3,29.4,35.3],[14,19599,17,6,1,10,35.3,5.9,58.8],[15,998,17,5,6,6,29.4,35.3,35.3],[16,924,17,5,5,7,29.4,29.4,41.2],[17,951,17,4,5,8,23.5,29.4,47.1],[18,468,17,3,3,11,17.6,17.6,64.7]];
var GuestBsHalf = [[1,919,17,11,2,4,64.7,11.8,23.5],[2,66762,17,10,1,6,58.8,5.9,35.3],[3,459,17,9,6,2,52.9,35.3,11.8],[4,486,17,9,5,3,52.9,29.4,17.6],[5,924,17,9,3,5,52.9,17.6,29.4],[6,927,17,9,2,6,52.9,11.8,35.3],[7,998,17,9,1,7,52.9,5.9,41.2],[8,1002,17,9,1,7,52.9,5.9,41.2],[9,19599,17,8,3,6,47.1,17.6,35.3],[10,4971,17,8,3,6,47.1,17.6,35.3],[11,9046,17,7,3,7,41.2,17.6,41.2],[12,1005,17,7,3,7,41.2,17.6,41.2],[13,468,17,6,4,7,35.3,23.5,41.2],[14,463,17,6,2,9,35.3,11.8,52.9],[15,466,17,6,1,10,35.3,5.9,58.8],[16,951,17,5,6,6,29.4,35.3,35.3],[17,4970,17,3,4,10,17.6,23.5,58.8],[18,476,17,1,7,9,5.9,41.2,52.9]];
var addUp = [302,49.3,36,5.9,274,44.8,[67.6,459],[61.8,951],[70.6,459],[58.8,19599],[64.7,459,468,9046,66762],[76.5,951]];
var addUpHalf = [264,43.1,114,18.6,234,38.2,[55.9,919],[52.9,466,468],[58.8,476,463],[64.7,468],[64.7,919],[58.8,466,4970]];
var lastUpdateTime = '2026-05-18 07:00:40';
