var arrLeague = [12,'法国乙组联赛','法國乙組聯賽','France Ligue 2','2012-2013','#B1A7A7','league_match/images/1j5w0bknv81g.png','法乙','法乙','FRA D2'];
var arrTeam = [[197,'摩纳哥','摩納哥','Monaco','','images/16487116696.png',0],[202,'朗斯','朗斯','Lens','','images/164871168519.png',0],[215,'欧塞尔','歐塞爾','AJ Auxerre','','images/215/1h71ky6nmw2f.png',0],[257,'卡昂','卡昂','Caen','','images/257/1h71ky6nm3g.png',0],[263,'南特','南特','Nantes','','images/263/1h5bjb8w5p2j.png',0],[268,'伊斯特尔','伊斯特','Istres','','images/268/1jdxknsa6pd.png',0],[304,'昂热','昂熱','Angers','','images/304/1h71kxn41qn.png',0],[308,'沙托鲁','沙特魯','Chateauroux','','images/308/1hfze5prsh19.png',0],[313,'克莱蒙','克萊蒙特','Clermont','','images/164871190892.png',0],[320,'第戎','迪安','Dijon','','images/320/1hkgstjs2x20.png',0],[325,'尼奥特','尼奧特','Chamois Niortais','','images/20150714133215.png',0],[328,'勒芒','利文斯','Le Mans','','images/328/1j3h5ms76r2c.png',0],[330,'拉瓦勒','拉瓦勒','Stade Lavallois MFC','','images/330/1h71kxn4191q.png',0],[335,'勒阿弗尔','勒哈費爾','Le Havre','','images/335/1hkgsvdrhc1c.png',0],[362,'甘冈','吉英坎','Guingamp','','images/362/1h71kxn4hte.png',0],[370,'色当','色當','Sedan','','images/370/1gqe687qqt2s.png',0],[1744,'尼姆','尼姆','Nimes','','images/1744/1h5btqtznf2r.png',0],[2103,'图尔','杜亞斯','Tours','','images/2103/1jdxkkyk2j2v.png',0],[2141,'GFC阿雅克肖','GFCO阿些斯奧','Ajaccio Gfco','','images/201327164251.jpg',0],[6037,'阿尔勒','阿勒斯','AC Arles-Avignon','','images/2012716162543.jpg',0]];
var TotalBs = [[1,330,38,22,1,15,57.9,2.6,39.5],[2,335,38,21,0,17,55.3,0,44.7],[3,328,38,20,3,15,52.6,7.9,39.5],[4,304,38,19,2,17,50,5.3,44.7],[5,1744,38,19,1,18,50,2.6,47.4],[6,215,38,19,0,19,50,0,50],[7,362,38,19,0,19,50,0,50],[8,197,38,18,1,19,47.4,2.6,50],[9,202,38,18,1,19,47.4,2.6,50],[10,320,38,18,0,20,47.4,0,52.6],[11,2103,38,17,1,20,44.7,2.6,52.6],[12,370,38,16,1,21,42.1,2.6,55.3],[13,2141,38,16,0,22,42.1,0,57.9],[14,313,38,14,1,23,36.8,2.6,60.5],[15,268,38,14,1,23,36.8,2.6,60.5],[16,263,38,14,0,24,36.8,0,63.2],[17,308,38,13,4,21,34.2,10.5,55.3],[18,6037,38,13,3,22,34.2,7.9,57.9],[19,257,38,13,2,23,34.2,5.3,60.5],[20,325,38,13,0,25,34.2,0,65.8]];
var HomeBs = [[1,330,19,13,1,5,68.4,5.3,26.3],[2,335,19,11,0,8,57.9,0,42.1],[3,197,19,11,0,8,57.9,0,42.1],[4,328,19,10,3,6,52.6,15.8,31.6],[5,1744,19,10,0,9,52.6,0,47.4],[6,362,19,10,0,9,52.6,0,47.4],[7,320,19,9,0,10,47.4,0,52.6],[8,370,19,9,0,10,47.4,0,52.6],[9,215,19,9,0,10,47.4,0,52.6],[10,308,19,8,2,9,42.1,10.5,47.4],[11,268,19,8,1,10,42.1,5.3,52.6],[12,2103,19,8,1,10,42.1,5.3,52.6],[13,202,19,8,0,11,42.1,0,57.9],[14,304,19,8,0,11,42.1,0,57.9],[15,257,19,7,0,12,36.8,0,63.2],[16,2141,19,6,0,13,31.6,0,68.4],[17,325,19,6,0,13,31.6,0,68.4],[18,313,19,6,0,13,31.6,0,68.4],[19,263,19,6,0,13,31.6,0,68.4],[20,6037,19,5,3,11,26.3,15.8,57.9]];
var GuestBs = [[1,304,19,11,2,6,57.9,10.5,31.6],[2,202,19,10,1,8,52.6,5.3,42.1],[3,328,19,10,0,9,52.6,0,47.4],[4,335,19,10,0,9,52.6,0,47.4],[5,2141,19,10,0,9,52.6,0,47.4],[6,215,19,10,0,9,52.6,0,47.4],[7,1744,19,9,1,9,47.4,5.3,47.4],[8,320,19,9,0,10,47.4,0,52.6],[9,362,19,9,0,10,47.4,0,52.6],[10,330,19,9,0,10,47.4,0,52.6],[11,2103,19,9,0,10,47.4,0,52.6],[12,313,19,8,1,10,42.1,5.3,52.6],[13,263,19,8,0,11,42.1,0,57.9],[14,6037,19,8,0,11,42.1,0,57.9],[15,197,19,7,1,11,36.8,5.3,57.9],[16,370,19,7,1,11,36.8,5.3,57.9],[17,325,19,7,0,12,36.8,0,63.2],[18,257,19,6,2,11,31.6,10.5,57.9],[19,268,19,6,0,13,31.6,0,68.4],[20,308,19,5,2,12,26.3,10.5,63.2]];
var TotalBsHalf = [[1,335,37,29,2,6,78.4,5.4,16.2],[2,328,38,27,2,9,71.1,5.3,23.7],[3,263,37,26,1,10,70.3,2.7,27],[4,362,38,26,1,11,68.4,2.6,28.9],[5,370,38,23,5,10,60.5,13.2,26.3],[6,2141,37,23,3,11,62.2,8.1,29.7],[7,330,38,23,2,13,60.5,5.3,34.2],[8,308,37,23,0,14,62.2,0,37.8],[9,197,37,22,6,9,59.5,16.2,24.3],[10,215,37,22,2,13,59.5,5.4,35.1],[11,1744,38,22,2,14,57.9,5.3,36.8],[12,2103,38,22,2,14,57.9,5.3,36.8],[13,320,37,21,2,14,56.8,5.4,37.8],[14,257,38,21,3,14,55.3,7.9,36.8],[15,202,37,21,1,15,56.8,2.7,40.5],[16,6037,38,20,1,17,52.6,2.6,44.7],[17,313,38,19,2,17,50,5.3,44.7],[18,304,37,18,1,18,48.6,2.7,48.6],[19,268,38,18,1,19,47.4,2.6,50],[20,325,37,16,1,20,43.2,2.7,54.1]];
var HomeBsHalf = [[1,335,19,16,0,3,84.2,0,15.8],[2,263,19,15,1,3,78.9,5.3,15.8],[3,328,19,14,2,3,73.7,10.5,15.8],[4,308,19,14,0,5,73.7,0,26.3],[5,370,19,13,2,4,68.4,10.5,21.1],[6,197,19,12,5,2,63.2,26.3,10.5],[7,362,19,12,1,6,63.2,5.3,31.6],[8,6037,19,12,1,6,63.2,5.3,31.6],[9,215,19,12,0,7,63.2,0,36.8],[10,2103,19,11,1,7,57.9,5.3,36.8],[11,330,19,11,1,7,57.9,5.3,36.8],[12,320,19,10,1,8,52.6,5.3,42.1],[13,2141,19,10,1,8,52.6,5.3,42.1],[14,202,19,10,0,9,52.6,0,47.4],[15,257,19,9,2,8,47.4,10.5,42.1],[16,1744,19,9,2,8,47.4,10.5,42.1],[17,304,19,9,1,9,47.4,5.3,47.4],[18,313,19,8,1,10,42.1,5.3,52.6],[19,268,19,8,1,10,42.1,5.3,52.6],[20,325,19,8,0,11,42.1,0,57.9]];
var GuestBsHalf = [[1,362,19,14,0,5,73.7,0,26.3],[2,2141,18,13,2,3,72.2,11.1,16.7],[3,335,18,13,2,3,72.2,11.1,16.7],[4,328,19,13,0,6,68.4,0,31.6],[5,1744,19,13,0,6,68.4,0,31.6],[6,257,19,12,1,6,63.2,5.3,31.6],[7,330,19,12,1,6,63.2,5.3,31.6],[8,320,18,11,1,6,61.1,5.6,33.3],[9,202,18,11,1,6,61.1,5.6,33.3],[10,263,18,11,0,7,61.1,0,38.9],[11,313,19,11,1,7,57.9,5.3,36.8],[12,2103,19,11,1,7,57.9,5.3,36.8],[13,370,19,10,3,6,52.6,15.8,31.6],[14,215,18,10,2,6,55.6,11.1,33.3],[15,197,18,10,1,7,55.6,5.6,38.9],[16,268,19,10,0,9,52.6,0,47.4],[17,304,18,9,0,9,50,0,50],[18,308,18,9,0,9,50,0,50],[19,325,18,8,1,9,44.4,5.6,50],[20,6037,19,8,0,11,42.1,0,57.9]];
var addUp = [336,44.2,22,2.9,402,52.9,[57.9,330],[65.8,325],[68.4,330],[68.4,2141,325,313,263],[57.9,304],[68.4,268]];
var addUpHalf = [442,58.9,40,5.3,268,35.7,[78.4,335],[54.1,325],[84.2,335],[57.9,325],[73.7,362],[57.9,6037]];
var lastUpdateTime = '2025-01-20 14:33:56';
