var arrLeague = [27,'瑞士超级联赛','瑞士超級聯賽','Switzerland Super League','2012-2013','#1ba578','league_match/images/20151127162550.jpg','瑞士超','瑞士超','SUI SL'];
var arrTeam = [[430,'图恩','杜安','Thun','','images/430/1gtqm5nk922e.png',0],[433,'圣加仑','聖加倫','St. Gallen','','images/433/1gtqm1pz3d2d.png',0],[436,'草蜢','草蜢','Grasshopper','','images/436/1h8asqtqsjb.png',0],[442,'年青人','年青人','Young Boys','','images/442/1gxmbma5rq4.png',0],[447,'塞尔维特','塞維特','Servette','','images/447/1gtg0nzm9kh.png',0],[449,'苏黎世','蘇黎世','FC Zurich','','images/449/1jh4aqszf629.png',0],[451,'巴塞尔','巴素利','Basel','','images/451/1gv1yreqw0h.png',0],[1237,'卢森','琉森','Luzern','','images/1237/1h6wfe0585w.png',0],[1323,'锡昂','錫永','FC Sion','','images/1323/1hkrdvr1r626.png',0],[2601,'洛桑','洛桑體育隊','Lausanne Sports','','images/2601/1j0ytn4xd41b.png',0]];
var TotalPanLu = [[1,436,36,20,2,14,24,0,12,12,66.7,0,33.3],[2,433,36,17,3,16,20,3,13,7,55.6,8.3,36.1],[3,449,36,18,6,12,20,2,14,6,55.6,5.6,38.9],[4,430,36,9,8,19,17,3,16,1,47.2,8.3,44.4],[5,2601,36,6,0,30,17,1,18,-1,47.2,2.8,50],[6,451,36,34,2,0,16,5,15,1,44.4,13.9,41.7],[7,1237,36,13,5,18,15,0,21,-6,41.7,0,58.3],[8,1323,36,20,5,11,13,4,19,-6,36.1,11.1,52.8],[9,447,36,2,5,29,13,4,19,-6,36.1,11.1,52.8],[10,442,36,21,4,11,13,2,21,-8,36.1,5.6,58.3]];
var HomePanLu = [[1,436,18,15,0,3,12,0,6,6,66.7,0,33.3],[2,433,18,14,1,3,11,1,6,5,61.1,5.6,33.3],[3,451,18,18,0,0,10,2,6,4,55.6,11.1,33.3],[4,2601,18,6,0,12,10,0,8,2,55.6,0,44.4],[5,449,18,14,2,2,9,1,8,1,50,5.6,44.4],[6,430,18,9,6,3,9,1,8,1,50,5.6,44.4],[7,442,18,15,2,1,9,1,8,1,50,5.6,44.4],[8,1237,18,12,3,3,7,0,11,-4,38.9,0,61.1],[9,447,18,2,5,11,6,3,9,-3,33.3,16.7,50],[10,1323,18,15,1,2,5,3,10,-5,27.8,16.7,55.6]];
var GuestPanLu = [[1,436,18,5,2,11,12,0,6,6,66.7,0,33.3],[2,449,18,4,4,10,11,1,6,5,61.1,5.6,33.3],[3,433,18,3,2,13,9,2,7,2,50,11.1,38.9],[4,430,18,0,2,16,8,2,8,0,44.4,11.1,44.4],[5,1323,18,5,4,9,8,1,9,-1,44.4,5.6,50],[6,1237,18,1,2,15,8,0,10,-2,44.4,0,55.6],[7,447,18,0,0,18,7,1,10,-3,38.9,5.6,55.6],[8,2601,18,0,0,18,7,1,10,-3,38.9,5.6,55.6],[9,451,18,16,2,0,6,3,9,-3,33.3,16.7,50],[10,442,18,6,2,10,4,1,13,-9,22.2,5.6,72.2]];
var TotalHalfPanLu = [[1,433,36,0,0,0,19,4,13,6,52.8,11.1,36.1],[2,451,36,0,0,0,19,4,13,6,52.8,11.1,36.1],[3,2601,36,0,0,0,18,5,13,5,50,13.9,36.1],[4,447,36,0,0,0,18,4,14,4,50,11.1,38.9],[5,436,36,0,0,0,15,7,14,1,41.7,19.4,38.9],[6,430,36,0,0,0,15,5,16,-1,41.7,13.9,44.4],[7,449,36,0,0,0,15,3,18,-3,41.7,8.3,50],[8,1323,36,0,0,0,14,3,19,-5,38.9,8.3,52.8],[9,442,36,0,0,0,13,5,18,-5,36.1,13.9,50],[10,1237,36,0,0,0,13,2,21,-8,36.1,5.6,58.3]];
var HomeHalfPanLu = [[1,451,18,0,0,0,10,0,8,2,55.6,0,44.4],[2,447,18,0,0,0,9,4,5,4,50,22.2,27.8],[3,2601,18,0,0,0,9,4,5,4,50,22.2,27.8],[4,436,18,0,0,0,8,3,7,1,44.4,16.7,38.9],[5,433,18,0,0,0,8,2,8,0,44.4,11.1,44.4],[6,442,18,0,0,0,8,1,9,-1,44.4,5.6,50],[7,449,18,0,0,0,8,1,9,-1,44.4,5.6,50],[8,430,18,0,0,0,7,1,10,-3,38.9,5.6,55.6],[9,1323,18,0,0,0,5,3,10,-5,27.8,16.7,55.6],[10,1237,18,0,0,0,5,2,11,-6,27.8,11.1,61.1]];
var GuestHalfPanLu = [[1,433,18,0,0,0,11,2,5,6,61.1,11.1,27.8],[2,451,18,0,0,0,9,4,5,4,50,22.2,27.8],[3,2601,18,0,0,0,9,1,8,1,50,5.6,44.4],[4,1323,18,0,0,0,9,0,9,0,50,0,50],[5,447,18,0,0,0,9,0,9,0,50,0,50],[6,430,18,0,0,0,8,4,6,2,44.4,22.2,33.3],[7,1237,18,0,0,0,8,0,10,-2,44.4,0,55.6],[8,436,18,0,0,0,7,4,7,0,38.9,22.2,38.9],[9,449,18,0,0,0,7,2,9,-2,38.9,11.1,50],[10,442,18,0,0,0,5,4,9,-4,27.8,22.2,50]];
var addUp = [88,48.9,12,6.7,80,44.4,[66.7,436],[58.3,1237,442],[66.7,436],[61.1,1237],[66.7,436],[72.2,442],[13.9,451],[0,436,1237]];
var addUpHalf = [77,42.8,21,11.7,82,45.6,[52.8,433,451],[58.3,1237],[55.6,451],[61.1,1237],[61.1,433],[55.6,1237],[19.4,436],[5.6,1237]];
var lastUpdateTime = '2025-01-20 14:33:43';
