var arrLeague = [27,'瑞士超级联赛','瑞士超級聯賽','Switzerland Super League','2012-2013','#1ba578','league_match/images/20151127162550.jpg','瑞士超','瑞士超','SUI SL'];
var arrTeam = [[430,'图恩','杜安','Thun','','images/430/1gtqm5nk922e.png',0],[433,'圣加仑','聖加倫','St. Gallen','','images/433/1gtqm1pz3d2d.png',0],[436,'草蜢','草蜢','Grasshopper','','images/436/1h8asqtqsjb.png',0],[442,'年青人','年青人','Young Boys','','images/442/1gxmbma5rq4.png',0],[447,'塞尔维特','塞維特','Servette','','images/447/1gtg0nzm9kh.png',0],[449,'苏黎世','蘇黎世','FC Zurich','','images/449/1jh4aqszf629.png',0],[451,'巴塞尔','巴素利','Basel','','images/451/1gv1yreqw0h.png',0],[1237,'卢森','琉森','Luzern','','images/1237/1h6wfe0585w.png',0],[1323,'锡昂','錫永','FC Sion','','images/1323/1hkrdvr1r626.png',0],[2601,'洛桑','洛桑體育隊','Lausanne Sports','','images/2601/1j0ytn4xd41b.png',0]];
var TotalBs = [[1,442,36,19,0,17,52.8,0,47.2],[2,449,36,19,0,17,52.8,0,47.2],[3,451,36,18,0,18,50,0,50],[4,430,36,18,0,18,50,0,50],[5,433,36,17,0,19,47.2,0,52.8],[6,1323,36,17,0,19,47.2,0,52.8],[7,1237,36,16,0,20,44.4,0,55.6],[8,2601,36,14,0,22,38.9,0,61.1],[9,447,36,12,0,24,33.3,0,66.7],[10,436,36,10,0,26,27.8,0,72.2]];
var HomeBs = [[1,430,18,11,0,7,61.1,0,38.9],[2,433,18,11,0,7,61.1,0,38.9],[3,442,18,10,0,8,55.6,0,44.4],[4,2601,18,9,0,9,50,0,50],[5,451,18,9,0,9,50,0,50],[6,449,18,9,0,9,50,0,50],[7,1323,18,7,0,11,38.9,0,61.1],[8,1237,18,5,0,13,27.8,0,72.2],[9,447,18,5,0,13,27.8,0,72.2],[10,436,18,4,0,14,22.2,0,77.8]];
var GuestBs = [[1,1237,18,11,0,7,61.1,0,38.9],[2,449,18,10,0,8,55.6,0,44.4],[3,1323,18,10,0,8,55.6,0,44.4],[4,442,18,9,0,9,50,0,50],[5,451,18,9,0,9,50,0,50],[6,430,18,7,0,11,38.9,0,61.1],[7,447,18,7,0,11,38.9,0,61.1],[8,436,18,6,0,12,33.3,0,66.7],[9,433,18,6,0,12,33.3,0,66.7],[10,2601,18,5,0,13,27.8,0,72.2]];
var TotalBsHalf = [[1,1323,36,15,11,10,41.7,30.6,27.8],[2,447,36,14,8,14,38.9,22.2,38.9],[3,442,35,12,12,11,34.3,34.3,31.4],[4,433,35,12,11,12,34.3,31.4,34.3],[5,430,36,11,13,12,30.6,36.1,33.3],[6,436,36,11,11,14,30.6,30.6,38.9],[7,451,36,11,6,19,30.6,16.7,52.8],[8,449,35,10,17,8,28.6,48.6,22.9],[9,2601,35,10,10,15,28.6,28.6,42.9],[10,1237,35,9,16,10,25.7,45.7,28.6]];
var HomeBsHalf = [[1,442,18,8,2,8,44.4,11.1,44.4],[2,2601,18,7,6,5,38.9,33.3,27.8],[3,447,18,7,5,6,38.9,27.8,33.3],[4,1323,18,7,3,8,38.9,16.7,44.4],[5,433,18,6,7,5,33.3,38.9,27.8],[6,451,18,6,2,10,33.3,11.1,55.6],[7,430,18,5,8,5,27.8,44.4,27.8],[8,436,18,5,6,7,27.8,33.3,38.9],[9,449,18,4,10,4,22.2,55.6,22.2],[10,1237,18,3,9,6,16.7,50,33.3]];
var GuestBsHalf = [[1,1323,18,8,8,2,44.4,44.4,11.1],[2,447,18,7,3,8,38.9,16.7,44.4],[3,449,17,6,7,4,35.3,41.2,23.5],[4,1237,17,6,7,4,35.3,41.2,23.5],[5,433,17,6,4,7,35.3,23.5,41.2],[6,430,18,6,5,7,33.3,27.8,38.9],[7,436,18,6,5,7,33.3,27.8,38.9],[8,451,18,5,4,9,27.8,22.2,50],[9,442,17,4,10,3,23.5,58.8,17.6],[10,2601,17,3,4,10,17.6,23.5,58.8]];
var addUp = [160,44.4,0,0,200,55.6,[52.8,442,449],[72.2,436],[61.1,430,433],[77.8,436],[61.1,1237],[72.2,2601]];
var addUpHalf = [115,32.4,115,32.4,125,35.2,[41.7,1323],[52.8,451],[44.4,442],[55.6,451],[44.4,1323],[58.8,2601]];
var lastUpdateTime = '2025-01-20 14:33:56';
