var arrLeague = [25,'日本职业联赛J1','日本職業聯賽J1','J1 League','2024','#009900','league_match/images/20130413112735.jpg','日职联','日職聯','JPN D1'];
var arrTeam = [[178,'新泻天鹅','新潟天鵝','Albirex Niigata','','images/178/1gtzd3qtet5.png',0],[181,'名古屋鲸八','名古屋八鯨','Nagoya Grampus','','images/181/1jbn72rjkc0.png',0],[188,'浦和红钻','浦和紅鑽','Urawa Red Diamonds','','images/188/1gtzcts2pj1a.png',0],[190,'鹿岛鹿角','鹿島鹿角','Kashima Antlers','','images/190/1gtzcts261m.png',0],[193,'大阪樱花','大阪櫻花','Cerezo Osaka','','images/193/1gtzcts26h14.png',0],[196,'横滨水手','橫濱水手','Yokohama Marinos','','images/196/1gtzcts26eq.png',0],[198,'磐田喜悦','磐田山葉','Jubilo Iwata','','images/198/1gtzcts2p16.png',0],[200,'东京绿茵','東京綠茵','Tokyo Verdy','','images/200/1h53w5e0f9p.png',0],[201,'FC东京','FC東京','FC Tokyo','','images/201/1gtzcts2ptm.png',0],[203,'神户胜利船','神戶勝利船','Vissel Kobe','','images/203/1gtzcts1qh1b.png',0],[206,'广岛三箭','廣島三箭','Hiroshima Sanfrecce','','images/206/1gtzcts1qj1h.png',0],[207,'大阪钢巴','大阪飛腳','Gamba Osaka','','images/207/1gtzd3qtya20.png',0],[209,'柏太阳神','柏雷素爾','Kashiwa Reysol','','images/209/1gtzcts3612j.png',0],[1547,'福冈黄蜂','福岡黃蜂','Avispa Fukuoka','','images/1547/1gtzcts36911.png',0],[1612,'湘南海洋','湘南比馬','Shonan Bellmare','','images/1612/1gtzcts2pg27.png',0],[1989,'川崎前锋','川崎前鋒','Kawasaki Frontale','','images/1989/1gtzcts26x2r.png',0],[3163,'京都不死鸟','京都不死鳥','Kyoto Sanga','','images/3163/1hwerqcfbv2k.png',0],[3164,'鸟栖沙岩','鳥栖沙岩','Sagan Tosu','','images/3164/1gtzcts2pxc.png',0],[3195,'札幌冈萨多','札幌岡薩多','Consadole Sapporo','','images/3195/1gtzcts2ps14.png',0],[10035,'町田泽维亚','町田澤維亞','Machida Zelvia','','images/10035/1h53w49pp22e.png',0]];
var TotalBs = [[1,196,38,24,1,13,63.2,2.6,34.2],[2,1612,38,22,1,15,57.9,2.6,39.5],[3,201,38,22,0,16,57.9,0,42.1],[4,190,38,22,0,16,57.9,0,42.1],[5,1989,38,21,1,16,55.3,2.6,42.1],[6,3164,38,21,0,17,55.3,0,44.7],[7,198,38,21,0,17,55.3,0,44.7],[8,10035,38,20,0,18,52.6,0,47.4],[9,206,38,19,0,19,50,0,50],[10,178,38,18,1,19,47.4,2.6,50],[11,3163,38,18,0,20,47.4,0,52.6],[12,188,38,18,0,20,47.4,0,52.6],[13,181,38,17,1,20,44.7,2.6,52.6],[14,200,38,17,1,20,44.7,2.6,52.6],[15,203,38,16,2,20,42.1,5.3,52.6],[16,193,38,16,1,21,42.1,2.6,55.3],[17,207,38,16,0,22,42.1,0,57.9],[18,3195,38,15,1,22,39.5,2.6,57.9],[19,209,38,14,3,21,36.8,7.9,55.3],[20,1547,38,13,3,22,34.2,7.9,57.9]];
var HomeBs = [[1,207,19,12,0,7,63.2,0,36.8],[2,1612,19,12,0,7,63.2,0,36.8],[3,188,19,11,0,8,57.9,0,42.1],[4,3163,19,11,0,8,57.9,0,42.1],[5,10035,19,11,0,8,57.9,0,42.1],[6,178,19,10,1,8,52.6,5.3,42.1],[7,1989,19,10,1,8,52.6,5.3,42.1],[8,198,19,10,0,9,52.6,0,47.4],[9,3164,19,10,0,9,52.6,0,47.4],[10,200,19,9,1,9,47.4,5.3,47.4],[11,196,19,9,1,9,47.4,5.3,47.4],[12,193,19,9,0,10,47.4,0,52.6],[13,206,19,9,0,10,47.4,0,52.6],[14,201,19,8,0,11,42.1,0,57.9],[15,203,19,8,0,11,42.1,0,57.9],[16,181,19,8,0,11,42.1,0,57.9],[17,190,19,8,0,11,42.1,0,57.9],[18,1547,19,7,2,10,36.8,10.5,52.6],[19,3195,19,7,0,12,36.8,0,63.2],[20,209,19,6,2,11,31.6,10.5,57.9]];
var GuestBs = [[1,196,19,15,0,4,78.9,0,21.1],[2,201,19,14,0,5,73.7,0,26.3],[3,190,19,14,0,5,73.7,0,26.3],[4,198,19,11,0,8,57.9,0,42.1],[5,1989,19,11,0,8,57.9,0,42.1],[6,3164,19,11,0,8,57.9,0,42.1],[7,1612,19,10,1,8,52.6,5.3,42.1],[8,206,19,10,0,9,52.6,0,47.4],[9,181,19,9,1,9,47.4,5.3,47.4],[10,10035,19,9,0,10,47.4,0,52.6],[11,203,19,8,2,9,42.1,10.5,47.4],[12,209,19,8,1,10,42.1,5.3,52.6],[13,3195,19,8,1,10,42.1,5.3,52.6],[14,178,19,8,0,11,42.1,0,57.9],[15,200,19,8,0,11,42.1,0,57.9],[16,193,19,7,1,11,36.8,5.3,57.9],[17,188,19,7,0,12,36.8,0,63.2],[18,3163,19,7,0,12,36.8,0,63.2],[19,1547,19,6,1,12,31.6,5.3,63.2],[20,207,19,4,0,15,21.1,0,78.9]];
var TotalBsHalf = [[1,181,38,22,6,10,57.9,15.8,26.3],[2,10035,38,21,3,14,55.3,7.9,36.8],[3,209,38,20,6,12,52.6,15.8,31.6],[4,201,38,19,7,12,50,18.4,31.6],[5,200,38,19,5,14,50,13.2,36.8],[6,1612,38,18,7,13,47.4,18.4,34.2],[7,178,38,17,8,13,44.7,21.1,34.2],[8,196,38,17,7,14,44.7,18.4,36.8],[9,190,38,17,7,14,44.7,18.4,36.8],[10,203,38,17,7,14,44.7,18.4,36.8],[11,3163,38,17,5,16,44.7,13.2,42.1],[12,1547,38,17,2,19,44.7,5.3,50],[13,206,38,16,10,12,42.1,26.3,31.6],[14,3164,38,15,13,10,39.5,34.2,26.3],[15,1989,38,15,12,11,39.5,31.6,28.9],[16,207,38,15,6,17,39.5,15.8,44.7],[17,188,38,14,13,11,36.8,34.2,28.9],[18,193,38,14,8,16,36.8,21.1,42.1],[19,198,38,13,14,11,34.2,36.8,28.9],[20,3195,38,13,14,11,34.2,36.8,28.9]];
var HomeBsHalf = [[1,10035,19,13,1,5,68.4,5.3,26.3],[2,1612,19,11,2,6,57.9,10.5,31.6],[3,3163,19,11,1,7,57.9,5.3,36.8],[4,206,19,10,4,5,52.6,21.1,26.3],[5,181,19,10,3,6,52.6,15.8,31.6],[6,207,19,10,2,7,52.6,10.5,36.8],[7,209,19,10,2,7,52.6,10.5,36.8],[8,1547,19,10,2,7,52.6,10.5,36.8],[9,196,19,10,1,8,52.6,5.3,42.1],[10,178,19,9,5,5,47.4,26.3,26.3],[11,200,19,9,4,6,47.4,21.1,31.6],[12,1989,19,8,5,6,42.1,26.3,31.6],[13,3164,19,7,6,6,36.8,31.6,31.6],[14,193,19,7,5,7,36.8,26.3,36.8],[15,201,19,7,3,9,36.8,15.8,47.4],[16,188,19,6,9,4,31.6,47.4,21.1],[17,3195,19,6,7,6,31.6,36.8,31.6],[18,203,19,6,5,8,31.6,26.3,42.1],[19,198,19,4,8,7,21.1,42.1,36.8],[20,190,19,4,5,10,21.1,26.3,52.6]];
var GuestBsHalf = [[1,190,19,13,2,4,68.4,10.5,21.1],[2,201,19,12,4,3,63.2,21.1,15.8],[3,181,19,12,3,4,63.2,15.8,21.1],[4,203,19,11,2,6,57.9,10.5,31.6],[5,209,19,10,4,5,52.6,21.1,26.3],[6,200,19,10,1,8,52.6,5.3,42.1],[7,198,19,9,6,4,47.4,31.6,21.1],[8,3164,19,8,7,4,42.1,36.8,21.1],[9,188,19,8,4,7,42.1,21.1,36.8],[10,178,19,8,3,8,42.1,15.8,42.1],[11,10035,19,8,2,9,42.1,10.5,47.4],[12,3195,19,7,7,5,36.8,36.8,26.3],[13,1989,19,7,7,5,36.8,36.8,26.3],[14,196,19,7,6,6,36.8,31.6,31.6],[15,1612,19,7,5,7,36.8,26.3,36.8],[16,193,19,7,3,9,36.8,15.8,47.4],[17,1547,19,7,0,12,36.8,0,63.2],[18,206,19,6,6,7,31.6,31.6,36.8],[19,3163,19,6,4,9,31.6,21.1,47.4],[20,207,19,5,4,10,26.3,21.1,52.6]];
var addUp = [370,48.7,16,2.1,374,49.2,[63.2,196],[57.9,207,3195,1547],[63.2,207,1612],[63.2,3195],[78.9,196],[78.9,207]];
var addUpHalf = [336,44.2,160,21.1,264,34.7,[57.9,181],[50,1547],[68.4,10035],[52.6,190],[68.4,190],[63.2,1547]];
var lastUpdateTime = '2025-01-17 16:51:08';
