var arrLeague = [5,'比利时甲组联赛','比利時甲組聯賽','Belgian Pro League','2015-2016','#FC9B0A','league_match/images/1j5w1nybsp9.png','比甲','比甲','BEL D1'];
var arrTeam = [[118,'韦斯特鲁','韋斯達路','Westerlo','','images/118/1jeascxjbx31.png',0],[122,'沙勒罗瓦','查內爾','Charleroi','','images/122/1j3veftrymp.png',0],[130,'标准列日','標準列治','Standard Liege','','images/130/1j3veftre2e.png',0],[140,'根特','真特','KAA Gent','','images/140/1gv1yqjs390.png',0],[145,'洛克伦','洛格倫','Lokeren','','images/20130413143949.jpg',0],[147,'亨克','亨克','Racing Genk','','images/147/1h54k7bfph11.png',0],[148,'布鲁日','布魯日','Club Brugge','','images/148/1hxqrpwvs12q.png',0],[153,'安德莱赫特','安德列治','Anderlecht','','images/153/1gv1yqjs302r.png',0],[156,'圣图尔登','聖圖爾登','Sint-Truidense','','images/156/1hcgsmb1gpc.png',0],[170,'奥斯坦德','奧斯坦德','Oostende','','images/170/1gq201wpefs.png',0],[1242,'科特赖克','哥積克','Kortrijk','','images/1242/1j22rz4and1t.png',0],[1244,'梅赫伦','梅赫倫','Mechelen','','images/1244/1gtqkzv9ys23.png',0],[1245,'华斯兰德','華斯蘭比華倫','Red Star Waasland','','images/1245/1gqbpxar3q1m.png',0],[1319,'威尔郡','威爾郡','Zulte-Waregem','','images/1319/1j5hhgvw2dj.png',0],[2606,'奥德赫维里','奧特希費利','Oud Heverlee','','images/2606/1gq15c96p07.png',0],[8564,'摩斯高伦','苗斯干','Mouscron Peruwelz','','images/20130403150504.jpg',0]];
var TotalPanLu = [[1,148,40,35,2,3,24,3,13,11,60,7.5,32.5],[2,118,30,3,3,24,17,0,13,4,56.7,0,43.3],[3,170,40,14,9,17,22,2,16,6,55,5,40],[4,147,42,20,9,13,22,3,17,5,52.4,7.1,40.5],[5,122,40,18,7,15,21,3,16,5,52.5,7.5,40],[6,1242,38,16,7,15,20,1,17,3,52.6,2.6,44.7],[7,145,36,11,6,19,18,4,14,4,50,11.1,38.9],[8,2606,30,4,3,23,14,1,15,-1,46.7,3.3,50],[9,8564,36,6,4,26,16,2,18,-2,44.4,5.6,50],[10,1319,40,13,6,21,18,1,21,-3,45,2.5,52.5],[11,140,40,35,1,4,18,1,21,-3,45,2.5,52.5],[12,1245,36,5,5,26,16,1,19,-3,44.4,2.8,52.8],[13,130,36,23,4,9,15,0,21,-6,41.7,0,58.3],[14,1244,36,13,6,17,14,3,19,-5,38.9,8.3,52.8],[15,156,36,7,9,20,14,2,20,-6,38.9,5.6,55.6],[16,153,40,34,1,5,15,1,24,-9,37.5,2.5,60]];
var HomePanLu = [[1,147,21,16,1,4,16,0,5,11,76.2,0,23.8],[2,148,20,20,0,0,14,2,4,10,70,10,20],[3,1242,19,13,3,3,12,0,7,5,63.2,0,36.8],[4,170,20,11,3,6,12,0,8,4,60,0,40],[5,118,15,3,3,9,8,0,7,1,53.3,0,46.7],[6,122,20,15,3,2,10,2,8,2,50,10,40],[7,130,18,15,0,3,9,0,9,0,50,0,50],[8,1244,18,12,2,4,8,2,8,0,44.4,11.1,44.4],[9,1319,20,10,4,6,9,1,10,-1,45,5,50],[10,140,20,20,0,0,9,0,11,-2,45,0,55],[11,153,20,19,1,0,8,1,11,-3,40,5,55],[12,2606,15,4,3,8,6,0,9,-3,40,0,60],[13,8564,18,6,3,9,7,2,9,-2,38.9,11.1,50],[14,145,18,11,3,4,7,1,10,-3,38.9,5.6,55.6],[15,1245,18,5,5,8,6,1,11,-5,33.3,5.6,61.1],[16,156,18,7,7,4,4,2,12,-8,22.2,11.1,66.7]];
var GuestPanLu = [[1,145,18,0,3,15,11,3,4,7,61.1,16.7,22.2],[2,118,15,0,0,15,9,0,6,3,60,0,40],[3,122,20,3,4,13,11,1,8,3,55,5,40],[4,1245,18,0,0,18,10,0,8,2,55.6,0,44.4],[5,156,18,0,2,16,10,0,8,2,55.6,0,44.4],[6,2606,15,0,0,15,8,1,6,2,53.3,6.7,40],[7,170,20,3,6,11,10,2,8,2,50,10,40],[8,148,20,15,2,3,10,1,9,1,50,5,45],[9,8564,18,0,1,17,9,0,9,0,50,0,50],[10,140,20,15,1,4,9,1,10,-1,45,5,50],[11,1319,20,3,2,15,9,0,11,-2,45,0,55],[12,1242,19,3,4,12,8,1,10,-2,42.1,5.3,52.6],[13,153,20,15,0,5,7,0,13,-6,35,0,65],[14,1244,18,1,4,13,6,1,11,-5,33.3,5.6,61.1],[15,130,18,8,4,6,6,0,12,-6,33.3,0,66.7],[16,147,21,4,8,9,6,3,12,-6,28.6,14.3,57.1]];
var TotalHalfPanLu = [[1,148,40,32,6,2,22,4,14,8,55,10,35],[2,1242,38,9,15,14,20,4,14,6,52.6,10.5,36.8],[3,118,30,1,7,22,16,3,11,5,53.3,10,36.7],[4,147,42,18,15,9,21,8,13,8,50,19,31],[5,1319,40,7,14,19,20,4,16,4,50,10,40],[6,1245,36,2,10,24,17,3,16,1,47.2,8.3,44.4],[7,2606,30,4,10,16,14,3,13,1,46.7,10,43.3],[8,8564,36,4,12,20,16,6,14,2,44.4,16.7,38.9],[9,140,40,30,6,4,18,4,18,0,45,10,45],[10,1244,36,9,15,12,15,6,15,0,41.7,16.7,41.7],[11,145,36,9,14,13,14,6,16,-2,38.9,16.7,44.4],[12,170,40,10,15,15,15,7,18,-3,37.5,17.5,45],[13,122,40,14,16,10,14,10,16,-2,35,25,40],[14,156,36,5,11,20,12,6,18,-6,33.3,16.7,50],[15,153,40,33,5,2,13,3,24,-11,32.5,7.5,60],[16,130,36,20,11,5,10,5,21,-11,27.8,13.9,58.3]];
var HomeHalfPanLu = [[1,148,20,20,0,0,15,0,5,10,75,0,25],[2,147,21,15,4,2,13,2,6,7,61.9,9.5,28.6],[3,1242,19,9,7,3,11,2,6,5,57.9,10.5,31.6],[4,1244,18,9,5,4,10,2,6,4,55.6,11.1,33.3],[5,118,15,1,7,7,8,3,4,4,53.3,20,26.7],[6,1245,18,2,10,6,9,3,6,3,50,16.7,33.3],[7,153,20,19,1,0,10,1,9,1,50,5,45],[8,170,20,9,5,6,10,1,9,1,50,5,45],[9,140,20,17,3,0,9,2,9,0,45,10,45],[10,1319,20,7,8,5,8,4,8,0,40,20,40],[11,122,20,12,6,2,7,4,9,-2,35,20,45],[12,8564,18,4,10,4,6,5,7,-1,33.3,27.8,38.9],[13,130,18,15,3,0,5,2,11,-6,27.8,11.1,61.1],[14,2606,15,4,8,3,4,2,9,-5,26.7,13.3,60],[15,145,18,9,6,3,4,3,11,-7,22.2,16.7,61.1],[16,156,18,5,8,5,2,5,11,-9,11.1,27.8,61.1]];
var GuestHalfPanLu = [[1,2606,15,0,2,13,10,1,4,6,66.7,6.7,26.7],[2,1319,20,0,6,14,12,0,8,4,60,0,40],[3,145,18,0,8,10,10,3,5,5,55.6,16.7,27.8],[4,8564,18,0,2,16,10,1,7,3,55.6,5.6,38.9],[5,156,18,0,3,15,10,1,7,3,55.6,5.6,38.9],[6,118,15,0,0,15,8,0,7,1,53.3,0,46.7],[7,1242,19,0,8,11,9,2,8,1,47.4,10.5,42.1],[8,140,20,13,3,4,9,2,9,0,45,10,45],[9,1245,18,0,0,18,8,0,10,-2,44.4,0,55.6],[10,147,21,3,11,7,8,6,7,1,38.1,28.6,33.3],[11,122,20,2,10,8,7,6,7,0,35,30,35],[12,148,20,12,6,2,7,4,9,-2,35,20,45],[13,1244,18,0,10,8,5,4,9,-4,27.8,22.2,50],[14,130,18,5,8,5,5,3,10,-5,27.8,16.7,55.6],[15,170,20,1,10,9,5,6,9,-4,25,30,45],[16,153,20,14,4,2,3,2,15,-12,15,10,75]];
var addUp = [145,48.7,14,4.7,139,46.6,[60,148],[60,153],[76.2,147],[66.7,156],[61.1,145],[66.7,130],[11.1,145],[0,118,130]];
var addUpHalf = [131,44,41,13.8,126,42.3,[55,148],[60,153],[75,148],[61.1,130,145,156],[66.7,2606],[75,153],[25,122],[7.5,153]];
var lastUpdateTime = '2025-01-19 16:30:04';
