var arrLeague = [5,'比利时甲组联赛','比利時甲組聯賽','Belgian Pro League','2015-2016','#FC9B0A','league_match/images/1j5w1nybsp9.png','比甲','比甲','BEL D1'];
var arrTeam = [[118,'韦斯特鲁','韋斯達路','Westerlo','','images/118/1jeascxjbx31.png',0],[122,'沙勒罗瓦','查內爾','Charleroi','','images/122/1j3veftrymp.png',0],[130,'标准列日','標準列治','Standard Liege','','images/130/1j3veftre2e.png',0],[140,'根特','真特','KAA Gent','','images/140/1gv1yqjs390.png',0],[145,'洛克伦','洛格倫','Lokeren','','images/20130413143949.jpg',0],[147,'亨克','亨克','Racing Genk','','images/147/1h54k7bfph11.png',0],[148,'布鲁日','布魯日','Club Brugge','','images/148/1hxqrpwvs12q.png',0],[153,'安德莱赫特','安德列治','Anderlecht','','images/153/1gv1yqjs302r.png',0],[156,'圣图尔登','聖圖爾登','Sint-Truidense','','images/156/1hcgsmb1gpc.png',0],[170,'奥斯坦德','奧斯坦德','Oostende','','images/170/1gq201wpefs.png',0],[1242,'科特赖克','哥積克','Kortrijk','','images/1242/1j22rz4and1t.png',0],[1244,'梅赫伦','梅赫倫','Mechelen','','images/1244/1gtqkzv9ys23.png',0],[1245,'华斯兰德','華斯蘭比華倫','Red Star Waasland','','images/1245/1gqbpxar3q1m.png',0],[1319,'威尔郡','威爾郡','Zulte-Waregem','','images/1319/1j5hhgvw2dj.png',0],[2606,'奥德赫维里','奧特希費利','Oud Heverlee','','images/2606/1gq15c96p07.png',0],[8564,'摩斯高伦','苗斯干','Mouscron Peruwelz','','images/20130403150504.jpg',0]];
var TotalBs = [[1,1319,40,28,1,11,70,2.5,27.5],[2,1244,36,24,0,12,66.7,0,33.3],[3,170,40,24,2,14,60,5,35],[4,1245,36,21,1,14,58.3,2.8,38.9],[5,147,42,21,1,20,50,2.4,47.6],[6,148,40,20,4,16,50,10,40],[7,130,36,20,0,16,55.6,0,44.4],[8,8564,36,20,0,16,55.6,0,44.4],[9,122,40,20,1,19,50,2.5,47.5],[10,118,30,19,1,10,63.3,3.3,33.3],[11,2606,30,18,0,12,60,0,40],[12,156,36,18,2,16,50,5.6,44.4],[13,153,40,18,1,21,45,2.5,52.5],[14,145,36,17,1,18,47.2,2.8,50],[15,1242,38,17,0,21,44.7,0,55.3],[16,140,40,17,1,22,42.5,2.5,55]];
var HomeBs = [[1,1319,20,14,1,5,70,5,25],[2,147,21,14,1,6,66.7,4.8,28.6],[3,170,20,14,0,6,70,0,30],[4,148,20,11,3,6,55,15,30],[5,130,18,11,0,7,61.1,0,38.9],[6,1244,18,11,0,7,61.1,0,38.9],[7,1245,18,11,0,7,61.1,0,38.9],[8,156,18,10,1,7,55.6,5.6,38.9],[9,140,20,10,1,9,50,5,45],[10,8564,18,9,0,9,50,0,50],[11,122,20,9,0,11,45,0,55],[12,118,15,8,0,7,53.3,0,46.7],[13,145,18,8,0,10,44.4,0,55.6],[14,1242,19,8,0,11,42.1,0,57.9],[15,153,20,7,1,12,35,5,60],[16,2606,15,6,0,9,40,0,60]];
var GuestBs = [[1,1319,20,14,0,6,70,0,30],[2,1244,18,13,0,5,72.2,0,27.8],[3,2606,15,12,0,3,80,0,20],[4,118,15,11,1,3,73.3,6.7,20],[5,8564,18,11,0,7,61.1,0,38.9],[6,122,20,11,1,8,55,5,40],[7,153,20,11,0,9,55,0,45],[8,1245,18,10,1,7,55.6,5.6,38.9],[9,170,20,10,2,8,50,10,40],[10,145,18,9,1,8,50,5.6,44.4],[11,130,18,9,0,9,50,0,50],[12,148,20,9,1,10,45,5,50],[13,1242,19,9,0,10,47.4,0,52.6],[14,156,18,8,1,9,44.4,5.6,50],[15,140,20,7,0,13,35,0,65],[16,147,21,7,0,14,33.3,0,66.7]];
var TotalBsHalf = [[1,1319,39,19,11,9,48.7,28.2,23.1],[2,130,36,17,7,12,47.2,19.4,33.3],[3,118,30,15,6,9,50,20,30],[4,1245,35,15,9,11,42.9,25.7,31.4],[5,147,42,15,12,15,35.7,28.6,35.7],[6,170,39,15,8,16,38.5,20.5,41],[7,148,40,15,6,19,37.5,15,47.5],[8,145,36,12,11,13,33.3,30.6,36.1],[9,8564,36,12,10,14,33.3,27.8,38.9],[10,153,40,12,8,20,30,20,50],[11,2606,30,11,8,11,36.7,26.7,36.7],[12,140,40,11,13,16,27.5,32.5,40],[13,122,39,11,10,18,28.2,25.6,46.2],[14,156,36,10,9,17,27.8,25,47.2],[15,1244,35,9,15,11,25.7,42.9,31.4],[16,1242,38,7,15,16,18.4,39.5,42.1]];
var HomeBsHalf = [[1,147,21,11,8,2,52.4,38.1,9.5],[2,1319,20,11,4,5,55,20,25],[3,148,20,9,1,10,45,5,50],[4,130,18,8,4,6,44.4,22.2,33.3],[5,170,20,8,5,7,40,25,35],[6,118,15,7,3,5,46.7,20,33.3],[7,140,20,7,4,9,35,20,45],[8,2606,15,6,3,6,40,20,40],[9,1244,18,5,7,6,27.8,38.9,33.3],[10,1245,18,5,7,6,27.8,38.9,33.3],[11,8564,18,5,7,6,27.8,38.9,33.3],[12,1242,19,5,6,8,26.3,31.6,42.1],[13,122,20,5,4,11,25,20,55],[14,145,18,4,7,7,22.2,38.9,38.9],[15,156,18,4,6,8,22.2,33.3,44.4],[16,153,20,4,3,13,20,15,65]];
var GuestBsHalf = [[1,1245,17,10,2,5,58.8,11.8,29.4],[2,130,18,9,3,6,50,16.7,33.3],[3,1319,19,8,7,4,42.1,36.8,21.1],[4,118,15,8,3,4,53.3,20,26.7],[5,145,18,8,4,6,44.4,22.2,33.3],[6,153,20,8,5,7,40,25,35],[7,8564,18,7,3,8,38.9,16.7,44.4],[8,170,19,7,3,9,36.8,15.8,47.4],[9,122,19,6,6,7,31.6,31.6,36.8],[10,156,18,6,3,9,33.3,16.7,50],[11,148,20,6,5,9,30,25,45],[12,2606,15,5,5,5,33.3,33.3,33.3],[13,1244,17,4,8,5,23.5,47.1,29.4],[14,140,20,4,9,7,20,45,35],[15,147,21,4,4,13,19,19,61.9],[16,1242,19,2,9,8,10.5,47.4,42.1]];
var addUp = [322,54,16,2.7,258,43.3,[70,1319],[55.3,1242],[70,1319,170],[60,153,2606],[80,2606],[66.7,147]];
var addUpHalf = [206,34.9,158,26.7,227,38.4,[50,118],[50,153],[55,1319],[65,153],[58.8,1245],[61.9,147]];
var lastUpdateTime = '2025-01-19 16:30:17';
