var arrLeague = [4,'巴西甲组联赛','巴西甲組聯賽','Brazil Serie A','2023','#996600','league_match/images/20210621103014.png','巴西甲','巴西甲','BRA D1'];
var arrTeam = [[337,'桑托斯','山度士','Santos','','images/337/1gv1yhgq3n2e.png',0],[343,'米内罗竞技','明尼路','Atletico Mineiro','','images/343/1j9d3cawpn18.png',0],[347,'巴拉纳竞技','巴拉納體育會','Atletico Paranaense','','images/347/1gxhxt30w91z.png',0],[349,'科林蒂安','哥連泰斯','Corinthians Paulista (SP)','','images/349/1j9d3cawpe2k.png',0],[350,'科里蒂巴','哥列迪巴','Coritiba PR','','images/350/1gy3wybtj81j.png',0],[354,'克鲁塞罗','高士路','Cruzeiro','','images/354/1grcyq30k1x.png',0],[356,'弗拉门戈','法林明高','Flamengo','','images/356/1j9d3cawp41r.png',0],[360,'戈伊亚斯','戈亞斯','Goias','','images/360/1gtqpsvqgg2d.png',0],[364,'格雷米奥','甘美奧','Gremio (RS)','','images/364/1gq1fbpxrd5.png',0],[369,'巴西国际','國際體育會','Internacional RS','','images/369/1hxg39ttg32m.png',0],[453,'圣保罗','聖保羅','Sao Paulo','','images/453/1hxqrprbs1c.png',0],[456,'瓦斯科达伽马','華斯高','Vasco da Gama','','images/456/1j9d3cawpjh.png',0],[465,'帕尔梅拉斯','彭美拉斯','Palmeiras','','images/465/1gxsf3fvqe1p.png',0],[467,'博塔弗戈','保地花高','Botafogo RJ','','images/467/1gtqm76wzmz.png',0],[469,'弗鲁米嫩塞','富明尼斯','Fluminense RJ','','images/469/1hxqrprbsp13.png',0],[1973,'库亚巴','古亞巴','Cuiaba','','images/1973/1hr8pdq1wj26.png',0],[1979,'巴伊亚','巴希亞','Bahia','','images/1979/1grdmmb9f68.png',0],[2001,'福塔雷萨','科泰尼沙','Fortaleza','','images/2001/1gqxnqd00y2y.png',0],[3820,'布拉干蒂诺RB','巴拉干天奴','Bragantino','','images/3820/1gwnk9p3w710.png',0],[13219,'米内罗美洲','阿美利加明尼路','America MG','','images/13219/1gxsf3fvqxt.png',0]];
var TotalBs = [[1,13219,38,26,0,12,68.4,0,31.6],[2,364,38,24,0,14,63.2,0,36.8],[3,350,38,23,0,15,60.5,0,39.5],[4,337,38,21,1,16,55.3,2.6,42.1],[5,356,38,20,0,18,52.6,0,47.4],[6,1979,38,19,0,19,50,0,50],[7,465,38,18,0,20,47.4,0,52.6],[8,369,38,17,2,19,44.7,5.3,50],[9,2001,38,17,1,20,44.7,2.6,52.6],[10,453,38,16,1,21,42.1,2.6,55.3],[11,467,38,16,1,21,42.1,2.6,55.3],[12,469,38,16,1,21,42.1,2.6,55.3],[13,347,38,15,5,18,39.5,13.2,47.4],[14,343,38,15,4,19,39.5,10.5,50],[15,1973,38,15,4,19,39.5,10.5,50],[16,349,38,14,4,20,36.8,10.5,52.6],[17,456,38,14,2,22,36.8,5.3,57.9],[18,3820,38,14,0,24,36.8,0,63.2],[19,360,38,11,3,24,28.9,7.9,63.2],[20,354,38,11,1,26,28.9,2.6,68.4]];
var HomeBs = [[1,13219,19,13,0,6,68.4,0,31.6],[2,337,19,12,1,6,63.2,5.3,31.6],[3,1979,19,10,0,9,52.6,0,47.4],[4,364,19,10,0,9,52.6,0,47.4],[5,1973,19,9,3,7,47.4,15.8,36.8],[6,347,19,9,2,8,47.4,10.5,42.1],[7,453,19,9,1,9,47.4,5.3,47.4],[8,369,19,9,1,9,47.4,5.3,47.4],[9,343,19,9,0,10,47.4,0,52.6],[10,2001,19,9,0,10,47.4,0,52.6],[11,465,19,9,0,10,47.4,0,52.6],[12,469,19,8,1,10,42.1,5.3,52.6],[13,456,19,8,1,10,42.1,5.3,52.6],[14,356,19,8,0,11,42.1,0,57.9],[15,467,19,8,0,11,42.1,0,57.9],[16,3820,19,8,0,11,42.1,0,57.9],[17,350,19,7,0,12,36.8,0,63.2],[18,349,19,6,3,10,31.6,15.8,52.6],[19,360,19,6,1,12,31.6,5.3,63.2],[20,354,19,4,1,14,21.1,5.3,73.7]];
var GuestBs = [[1,350,19,16,0,3,84.2,0,15.8],[2,364,19,14,0,5,73.7,0,26.3],[3,13219,19,13,0,6,68.4,0,31.6],[4,356,19,12,0,7,63.2,0,36.8],[5,465,19,9,0,10,47.4,0,52.6],[6,337,19,9,0,10,47.4,0,52.6],[7,1979,19,9,0,10,47.4,0,52.6],[8,2001,19,8,1,10,42.1,5.3,52.6],[9,369,19,8,1,10,42.1,5.3,52.6],[10,349,19,8,1,10,42.1,5.3,52.6],[11,467,19,8,1,10,42.1,5.3,52.6],[12,469,19,8,0,11,42.1,0,57.9],[13,453,19,7,0,12,36.8,0,63.2],[14,354,19,7,0,12,36.8,0,63.2],[15,343,19,6,4,9,31.6,21.1,47.4],[16,347,19,6,3,10,31.6,15.8,52.6],[17,1973,19,6,1,12,31.6,5.3,63.2],[18,456,19,6,1,12,31.6,5.3,63.2],[19,3820,19,6,0,13,31.6,0,68.4],[20,360,19,5,2,12,26.3,10.5,63.2]];
var TotalBsHalf = [[1,350,38,22,7,9,57.9,18.4,23.7],[2,349,38,22,2,14,57.9,5.3,36.8],[3,337,38,21,5,12,55.3,13.2,31.6],[4,347,38,20,10,8,52.6,26.3,21.1],[5,13219,38,19,11,8,50,28.9,21.1],[6,364,38,18,12,8,47.4,31.6,21.1],[7,343,38,18,9,11,47.4,23.7,28.9],[8,1979,38,18,9,11,47.4,23.7,28.9],[9,467,38,17,9,12,44.7,23.7,31.6],[10,465,38,16,14,8,42.1,36.8,21.1],[11,1973,38,16,5,17,42.1,13.2,44.7],[12,3820,38,15,13,10,39.5,34.2,26.3],[13,369,38,15,9,14,39.5,23.7,36.8],[14,453,38,15,8,15,39.5,21.1,39.5],[15,456,38,15,8,15,39.5,21.1,39.5],[16,469,38,13,12,13,34.2,31.6,34.2],[17,356,38,13,12,13,34.2,31.6,34.2],[18,360,38,12,11,15,31.6,28.9,39.5],[19,354,38,12,9,17,31.6,23.7,44.7],[20,2001,38,11,11,16,28.9,28.9,42.1]];
var HomeBsHalf = [[1,347,19,13,4,2,68.4,21.1,10.5],[2,337,19,13,1,5,68.4,5.3,26.3],[3,350,19,10,3,6,52.6,15.8,31.6],[4,465,19,9,6,4,47.4,31.6,21.1],[5,364,19,9,6,4,47.4,31.6,21.1],[6,1979,19,9,5,5,47.4,26.3,26.3],[7,1973,19,9,0,10,47.4,0,52.6],[8,3820,19,8,7,4,42.1,36.8,21.1],[9,467,19,8,6,5,42.1,31.6,26.3],[10,456,19,8,5,6,42.1,26.3,31.6],[11,354,19,8,5,6,42.1,26.3,31.6],[12,349,19,8,1,10,42.1,5.3,52.6],[13,453,19,7,6,6,36.8,31.6,31.6],[14,13219,19,7,6,6,36.8,31.6,31.6],[15,469,19,7,6,6,36.8,31.6,31.6],[16,343,19,7,6,6,36.8,31.6,31.6],[17,369,19,7,4,8,36.8,21.1,42.1],[18,360,19,7,3,9,36.8,15.8,47.4],[19,356,19,5,7,7,26.3,36.8,36.8],[20,2001,19,5,6,8,26.3,31.6,42.1]];
var GuestBsHalf = [[1,349,19,14,1,4,73.7,5.3,21.1],[2,13219,19,12,5,2,63.2,26.3,10.5],[3,350,19,12,4,3,63.2,21.1,15.8],[4,343,19,11,3,5,57.9,15.8,26.3],[5,364,19,9,6,4,47.4,31.6,21.1],[6,1979,19,9,4,6,47.4,21.1,31.6],[7,467,19,9,3,7,47.4,15.8,36.8],[8,369,19,8,5,6,42.1,26.3,31.6],[9,356,19,8,5,6,42.1,26.3,31.6],[10,337,19,8,4,7,42.1,21.1,36.8],[11,453,19,8,2,9,42.1,10.5,47.4],[12,465,19,7,8,4,36.8,42.1,21.1],[13,3820,19,7,6,6,36.8,31.6,31.6],[14,347,19,7,6,6,36.8,31.6,31.6],[15,1973,19,7,5,7,36.8,26.3,36.8],[16,456,19,7,3,9,36.8,15.8,47.4],[17,469,19,6,6,7,31.6,31.6,36.8],[18,2001,19,6,5,8,31.6,26.3,42.1],[19,360,19,5,8,6,26.3,42.1,31.6],[20,354,19,4,4,11,21.1,21.1,57.9]];
var addUp = [342,45,30,3.9,388,51.1,[68.4,13219],[68.4,354],[68.4,13219],[73.7,354],[84.2,350],[68.4,3820]];
var addUpHalf = [328,43.2,186,24.5,246,32.4,[57.9,350,349],[44.7,1973,354],[68.4,347,337],[52.6,1973,349],[73.7,349],[57.9,354]];
var lastUpdateTime = '2025-01-18 10:41:49';
