var arrLeague = [36,'英格兰超级联赛','英格蘭超級聯賽','English Premier League','2015-2016','#FF3333','league_match/images/164577482086.png','英超','英超','ENG PR'];
var arrTeam = [[18,'西布罗姆维奇','西布朗','West Bromwich(WBA)','','images/18/1kenbrwy342h.png',0],[19,'阿森纳','阿仙奴','Arsenal','','images/19/1kenbrx1hg1z.png',0],[20,'阿斯顿维拉','阿士東維拉','Aston Villa','','images/20/1kenbrwzj42k.png',0],[24,'切尔西','車路士','Chelsea','','images/24/1kenbrwz272p.png',0],[25,'利物浦','利物浦','Liverpool','','images/1jq85dyw7v2x.png',0],[26,'曼彻斯特城','曼城','Manchester City','','images/26/1kenbrwykc26.png',0],[27,'曼彻斯特联','曼聯','Manchester United','','images/27/1kenbrwykps.png',0],[28,'纽卡斯尔联','紐卡素','Newcastle United','','images/28/1kenbrx11j2w.png',0],[30,'南安普敦','修咸頓','Southampton','','images/30/1kenbrwzj02z.png',0],[31,'埃弗顿','愛華頓','Everton','','images/31/1kenbrwz241f.png',0],[33,'托特纳姆热刺','熱刺','Tottenham Hotspur','','images/33/1kkaner1b71t.png',0],[34,'诺维奇','諾域治','Norwich City','','images/34/1kenbrwz262v.png',0],[35,'水晶宫','水晶宮','Crystal Palace','','images/35/1kenbrwyk39.png',0],[53,'沃特福德','屈福特','Watford','','images/53/1kenbrx0hm2q.png',0],[58,'斯托克城','史篤城','Stoke City','','images/58/1kenbrx0hc2w.png',0],[59,'莱斯特城','李斯特城','Leicester City','','images/59/1kenbrwzj6z.png',0],[62,'西汉姆联','韋斯咸','West Ham United','','images/62/1kenbrwz2t23.png',0],[65,'桑德兰','新特蘭','Sunderland A.F.C','','images/65/1kenbrx1hsp.png',0],[348,'伯恩茅斯','般尼茅夫','AFC Bournemouth','','images/348/1kenbrwz2jd.png',0],[1194,'斯旺西','史雲斯','Swansea City','','images/1kgrxvedg831.png',0]];
var TotalBs = [[1,24,38,24,0,14,63.2,0,36.8],[2,62,38,23,0,15,60.5,0,39.5],[3,348,38,22,0,16,57.9,0,42.1],[4,31,38,21,1,16,55.3,2.6,42.1],[5,26,38,21,1,16,55.3,2.6,42.1],[6,33,38,20,1,17,52.6,2.6,44.7],[7,65,38,20,0,18,52.6,0,47.4],[8,58,38,20,0,18,52.6,0,47.4],[9,59,38,20,0,18,52.6,0,47.4],[10,28,38,20,0,18,52.6,0,47.4],[11,25,38,20,0,18,52.6,0,47.4],[12,19,38,19,0,19,50,0,50],[13,30,38,19,0,19,50,0,50],[14,35,38,19,0,19,50,0,50],[15,1194,38,19,0,19,50,0,50],[16,34,38,18,1,19,47.4,2.6,50],[17,53,38,18,0,20,47.4,0,52.6],[18,20,38,18,0,20,47.4,0,52.6],[19,27,38,17,0,21,44.7,0,55.3],[20,18,38,14,0,24,36.8,0,63.2]];
var HomeBs = [[1,26,19,12,1,6,63.2,5.3,31.6],[2,33,19,12,0,7,63.2,0,36.8],[3,24,19,12,0,7,63.2,0,36.8],[4,30,19,12,0,7,63.2,0,36.8],[5,31,19,11,1,7,57.9,5.3,36.8],[6,62,19,11,0,8,57.9,0,42.1],[7,28,19,10,0,9,52.6,0,47.4],[8,348,19,10,0,9,52.6,0,47.4],[9,59,19,10,0,9,52.6,0,47.4],[10,34,19,10,0,9,52.6,0,47.4],[11,35,19,10,0,9,52.6,0,47.4],[12,58,19,10,0,9,52.6,0,47.4],[13,25,19,10,0,9,52.6,0,47.4],[14,18,19,9,0,10,47.4,0,52.6],[15,53,19,9,0,10,47.4,0,52.6],[16,20,19,8,0,11,42.1,0,57.9],[17,65,19,8,0,11,42.1,0,57.9],[18,19,19,8,0,11,42.1,0,57.9],[19,27,19,7,0,12,36.8,0,63.2],[20,1194,19,7,0,12,36.8,0,63.2]];
var GuestBs = [[1,348,19,12,0,7,63.2,0,36.8],[2,65,19,12,0,7,63.2,0,36.8],[3,24,19,12,0,7,63.2,0,36.8],[4,1194,19,12,0,7,63.2,0,36.8],[5,62,19,12,0,7,63.2,0,36.8],[6,19,19,11,0,8,57.9,0,42.1],[7,59,19,10,0,9,52.6,0,47.4],[8,28,19,10,0,9,52.6,0,47.4],[9,58,19,10,0,9,52.6,0,47.4],[10,25,19,10,0,9,52.6,0,47.4],[11,27,19,10,0,9,52.6,0,47.4],[12,20,19,10,0,9,52.6,0,47.4],[13,31,19,10,0,9,52.6,0,47.4],[14,53,19,9,0,10,47.4,0,52.6],[15,35,19,9,0,10,47.4,0,52.6],[16,26,19,9,0,10,47.4,0,52.6],[17,33,19,8,1,10,42.1,5.3,52.6],[18,34,19,8,1,10,42.1,5.3,52.6],[19,30,19,7,0,12,36.8,0,63.2],[20,18,19,5,0,14,26.3,0,73.7]];
var TotalBsHalf = [[1,31,38,23,5,10,60.5,13.2,26.3],[2,62,37,19,13,5,51.4,35.1,13.5],[3,348,37,19,11,7,51.4,29.7,18.9],[4,30,38,19,8,11,50,21.1,28.9],[5,26,37,19,4,14,51.4,10.8,37.8],[6,65,37,18,7,12,48.6,18.9,32.4],[7,18,38,18,5,15,47.4,13.2,39.5],[8,19,38,18,5,15,47.4,13.2,39.5],[9,1194,38,17,6,15,44.7,15.8,39.5],[10,25,37,17,4,16,45.9,10.8,43.2],[11,33,37,16,7,14,43.2,18.9,37.8],[12,24,38,15,11,12,39.5,28.9,31.6],[13,58,38,15,9,14,39.5,23.7,36.8],[14,53,38,15,7,16,39.5,18.4,42.1],[15,59,37,13,12,12,35.1,32.4,32.4],[16,28,38,12,14,12,31.6,36.8,31.6],[17,20,37,12,11,14,32.4,29.7,37.8],[18,35,37,12,7,18,32.4,18.9,48.6],[19,34,38,11,12,15,28.9,31.6,39.5],[20,27,38,11,8,19,28.9,21.1,50]];
var HomeBsHalf = [[1,31,19,12,4,3,63.2,21.1,15.8],[2,348,19,11,6,2,57.9,31.6,10.5],[3,30,19,10,7,2,52.6,36.8,10.5],[4,62,19,10,7,2,52.6,36.8,10.5],[5,26,19,10,2,7,52.6,10.5,36.8],[6,20,19,9,5,5,47.4,26.3,26.3],[7,65,19,9,3,7,47.4,15.8,36.8],[8,24,19,9,2,8,47.4,10.5,42.1],[9,18,19,9,1,9,47.4,5.3,47.4],[10,1194,19,8,4,7,42.1,21.1,36.8],[11,25,19,8,3,8,42.1,15.8,42.1],[12,33,19,8,2,9,42.1,10.5,47.4],[13,28,19,7,7,5,36.8,36.8,26.3],[14,59,19,7,5,7,36.8,26.3,36.8],[15,58,19,7,4,8,36.8,21.1,42.1],[16,19,19,7,3,9,36.8,15.8,47.4],[17,34,19,6,7,6,31.6,36.8,31.6],[18,35,19,6,4,9,31.6,21.1,47.4],[19,53,19,5,3,11,26.3,15.8,57.9],[20,27,19,3,4,12,15.8,21.1,63.2]];
var GuestBsHalf = [[1,19,19,11,2,6,57.9,10.5,31.6],[2,31,19,11,1,7,57.9,5.3,36.8],[3,53,19,10,4,5,52.6,21.1,26.3],[4,62,18,9,6,3,50,33.3,16.7],[5,65,18,9,4,5,50,22.2,27.8],[6,18,19,9,4,6,47.4,21.1,31.6],[7,26,18,9,2,7,50,11.1,38.9],[8,25,18,9,1,8,50,5.6,44.4],[9,1194,19,9,2,8,47.4,10.5,42.1],[10,30,19,9,1,9,47.4,5.3,47.4],[11,33,18,8,5,5,44.4,27.8,27.8],[12,348,18,8,5,5,44.4,27.8,27.8],[13,58,19,8,5,6,42.1,26.3,31.6],[14,27,19,8,4,7,42.1,21.1,36.8],[15,24,19,6,9,4,31.6,47.4,21.1],[16,59,18,6,7,5,33.3,38.9,27.8],[17,35,18,6,3,9,33.3,16.7,50],[18,28,19,5,7,7,26.3,36.8,36.8],[19,34,19,5,5,9,26.3,26.3,47.4],[20,20,18,3,6,9,16.7,33.3,50]];
var addUp = [392,51.6,4,0.5,364,47.9,[63.2,24],[63.2,18],[63.2,26,33,24,30],[63.2,27,1194],[63.2,348,65,24,1194,62],[73.7,18]];
var addUpHalf = [319,42.5,166,22.1,266,35.4,[60.5,31],[50,27],[63.2,31],[63.2,27],[57.9,19,31],[50,35,20]];
var lastUpdateTime = '2026-04-07 15:44:31';
