var arrLeague = [17,'荷兰乙组联赛','荷蘭乙組聯賽','Holland Eerste Divisie','2025-2026','#FFC4E1','league_match/images/20200419030037.jpg','荷乙','荷乙','HOL D2'];
var arrTeam = [[225,'威廉二世','威廉二世','Willem II','','images/225/1gq6hnbe3q23.png',0],[233,'罗达JC','洛達','Roda JC','','images/233/1heh20g0cp16.png',0],[241,'瓦尔韦克','RKC華域克','RKC Waalwijk','','images/165095708910.png',0],[243,'格拉夫夏普','迪加史卓普','De Graafschap','','images/243/1gtg0nv5p6e.png',0],[246,'维特斯','維迪斯','Vitesse Arnhem','','images/165095712094.png',0],[256,'海牙','海牙','ADO Den Haag','','images/256/1gtg0nv6662e.png',0],[258,'邓伯什','丹博斯治','Den Bosch','','images/258/1kenbmf0v32.png',0],[275,'赫尔蒙德','靴蒙特','Helmond Sport','','images/1kb6w539ph1h.png',0],[277,'芬洛','芬洛','VVV Venlo','','images/277/1h1n1jqk031t.png',0],[281,'奥斯','奧斯','FC Oss','','images/281/1gpyr7b7ta3.png',0],[287,'多德勒支','多德勒支','Dordrecht','','images/287/1hy78m77g92v.png',0],[288,'坎布尔','甘堡爾','SC Cambuur','','images/165095700772.png',0],[290,'马斯特里赫特','馬斯特里赫特','MVV Maastricht','','images/290/1heh20g0cy1q.png',0],[415,'福伦丹','華倫丹','Volendam','','images/415/1h5bja71ejk.png',0],[1092,'FC埃因霍温','FC燕豪芬','FC Eindhoven','','images/1092/1heh20g0c013.png',0],[1093,'埃门','安曼','Emmen','','images/1093/1h5bjb8w50b.png',0],[2596,'阿尔梅勒城','阿梅爾城','Almere City FC','','images/2596/1hj4yssc3c1a.png',0],[7214,'阿贾克斯青年队','阿積士青年隊','Jong Ajax (Youth)','','images/7214/1j523s24jh1f.png',0],[7219,'乌德勒支青年队','烏德勒支青年隊','FC Utrecht (Youth)','','images/7219/1kenbmf1a921.png',0],[7416,'阿尔克马尔青年队','艾克馬亞青年隊','AZ Alkmaar (Youth)','','images/7416/1h53w1vand1k.png',0],[7580,'埃因霍温青年队','PSV燕豪芬青年隊','Jong PSV Eindhoven (Youth)','','images/7580/1gpyr7b7tc2n.png',0]];
var TotalBs = [[1,2596,44,25,3,16,56.8,6.8,36.4],[2,243,40,22,0,18,55,0,45],[3,7416,38,21,2,15,55.3,5.3,39.5],[4,1093,38,21,1,16,55.3,2.6,42.1],[5,241,42,19,4,19,45.2,9.5,45.2],[6,7219,38,18,4,16,47.4,10.5,42.1],[7,1092,38,18,3,17,47.4,7.9,44.7],[8,258,40,18,2,20,45,5,50],[9,246,38,17,5,16,44.7,13.2,42.1],[10,233,40,17,6,17,42.5,15,42.5],[11,290,38,17,1,20,44.7,2.6,52.6],[12,7580,38,17,0,21,44.7,0,55.3],[13,281,38,16,6,16,42.1,15.8,42.1],[14,275,38,16,4,18,42.1,10.5,47.4],[15,256,38,16,2,20,42.1,5.3,52.6],[16,7214,38,16,2,20,42.1,5.3,52.6],[17,288,38,15,1,22,39.5,2.6,57.9],[18,277,38,14,3,21,36.8,7.9,55.3],[19,225,44,11,6,27,25,13.6,61.4],[20,287,38,9,8,21,23.7,21.1,55.3],[21,415,2,1,1,0,50,50,0]];
var HomeBs = [[1,243,20,12,0,8,60,0,40],[2,2596,22,12,1,9,54.5,4.5,40.9],[3,281,19,11,5,3,57.9,26.3,15.8],[4,7219,19,11,2,6,57.9,10.5,31.6],[5,1092,19,11,1,7,57.9,5.3,36.8],[6,1093,19,11,0,8,57.9,0,42.1],[7,275,19,10,2,7,52.6,10.5,36.8],[8,7416,19,9,1,9,47.4,5.3,47.4],[9,290,19,9,1,9,47.4,5.3,47.4],[10,7214,19,9,0,10,47.4,0,52.6],[11,241,21,9,1,11,42.9,4.8,52.4],[12,246,19,8,4,7,42.1,21.1,36.8],[13,256,19,8,1,10,42.1,5.3,52.6],[14,258,20,8,1,11,40,5,55],[15,288,19,8,0,11,42.1,0,57.9],[16,7580,19,7,0,12,36.8,0,63.2],[17,277,19,6,2,11,31.6,10.5,57.9],[18,233,20,6,3,11,30,15,55],[19,287,19,4,3,12,21.1,15.8,63.2],[20,225,22,2,4,16,9.1,18.2,72.7],[21,415,1,1,0,0,100,0,0]];
var GuestBs = [[1,2596,22,13,2,7,59.1,9.1,31.8],[2,7416,19,12,1,6,63.2,5.3,31.6],[3,233,20,11,3,6,55,15,30],[4,241,21,10,3,8,47.6,14.3,38.1],[5,1093,19,10,1,8,52.6,5.3,42.1],[6,258,20,10,1,9,50,5,45],[7,7580,19,10,0,9,52.6,0,47.4],[8,243,20,10,0,10,50,0,50],[9,246,19,9,1,9,47.4,5.3,47.4],[10,225,22,9,2,11,40.9,9.1,50],[11,256,19,8,1,10,42.1,5.3,52.6],[12,277,19,8,1,10,42.1,5.3,52.6],[13,290,19,8,0,11,42.1,0,57.9],[14,1092,19,7,2,10,36.8,10.5,52.6],[15,7214,19,7,2,10,36.8,10.5,52.6],[16,7219,19,7,2,10,36.8,10.5,52.6],[17,288,19,7,1,11,36.8,5.3,57.9],[18,275,19,6,2,11,31.6,10.5,57.9],[19,287,19,5,5,9,26.3,26.3,47.4],[20,281,19,5,1,13,26.3,5.3,68.4],[21,415,1,0,1,0,0,100,0]];
var TotalBsHalf = [[1,2596,44,22,0,22,50,0,50],[2,258,40,19,1,20,47.5,2.5,50],[3,233,40,19,0,21,47.5,0,52.5],[4,1093,38,18,2,18,47.4,5.3,47.4],[5,7416,38,18,0,20,47.4,0,52.6],[6,256,38,18,0,20,47.4,0,52.6],[7,290,38,17,1,20,44.7,2.6,52.6],[8,246,38,17,0,21,44.7,0,55.3],[9,243,40,17,0,23,42.5,0,57.5],[10,225,44,17,1,26,38.6,2.3,59.1],[11,288,38,16,2,20,42.1,5.3,52.6],[12,1092,38,16,0,22,42.1,0,57.9],[13,7580,38,16,0,22,42.1,0,57.9],[14,241,42,16,0,26,38.1,0,61.9],[15,275,38,14,1,23,36.8,2.6,60.5],[16,7219,38,13,0,25,34.2,0,65.8],[17,7214,38,12,0,26,31.6,0,68.4],[18,287,38,12,0,26,31.6,0,68.4],[19,281,38,9,0,29,23.7,0,76.3],[20,277,38,8,0,30,21.1,0,78.9],[21,415,2,2,0,0,100,0,0]];
var HomeBsHalf = [[1,246,19,11,0,8,57.9,0,42.1],[2,256,19,11,0,8,57.9,0,42.1],[3,2596,22,11,0,11,50,0,50],[4,7219,19,10,0,9,52.6,0,47.4],[5,258,20,10,0,10,50,0,50],[6,1093,19,9,1,9,47.4,5.3,47.4],[7,1092,19,9,0,10,47.4,0,52.6],[8,241,21,9,0,12,42.9,0,57.1],[9,290,19,8,1,10,42.1,5.3,52.6],[10,243,20,8,0,12,40,0,60],[11,233,20,8,0,12,40,0,60],[12,275,19,7,1,11,36.8,5.3,57.9],[13,288,19,7,1,11,36.8,5.3,57.9],[14,7214,19,7,0,12,36.8,0,63.2],[15,7580,19,7,0,12,36.8,0,63.2],[16,225,22,7,0,15,31.8,0,68.2],[17,287,19,6,0,13,31.6,0,68.4],[18,7416,19,6,0,13,31.6,0,68.4],[19,281,19,4,0,15,21.1,0,78.9],[20,277,19,2,0,17,10.5,0,89.5],[21,415,1,1,0,0,100,0,0]];
var GuestBsHalf = [[1,7416,19,12,0,7,63.2,0,36.8],[2,233,20,11,0,9,55,0,45],[3,2596,22,11,0,11,50,0,50],[4,225,22,10,1,11,45.5,4.5,50],[5,288,19,9,1,9,47.4,5.3,47.4],[6,1093,19,9,1,9,47.4,5.3,47.4],[7,290,19,9,0,10,47.4,0,52.6],[8,258,20,9,1,10,45,5,50],[9,7580,19,9,0,10,47.4,0,52.6],[10,243,20,9,0,11,45,0,55],[11,275,19,7,0,12,36.8,0,63.2],[12,1092,19,7,0,12,36.8,0,63.2],[13,256,19,7,0,12,36.8,0,63.2],[14,241,21,7,0,14,33.3,0,66.7],[15,246,19,6,0,13,31.6,0,68.4],[16,277,19,6,0,13,31.6,0,68.4],[17,287,19,6,0,13,31.6,0,68.4],[18,7214,19,5,0,14,26.3,0,73.7],[19,281,19,5,0,14,26.3,0,73.7],[20,7219,19,3,0,16,15.8,0,84.2],[21,415,1,1,0,0,100,0,0]];
var addUp = [344,43.9,64,8.2,376,48,[56.8,2596],[61.4,225],[100,415],[72.7,225],[63.2,7416],[68.4,281]];
var addUpHalf = [316,40.3,8,1,460,58.7,[100,415],[78.9,277],[100,415],[89.5,277],[100,415],[84.2,7219]];
var lastUpdateTime = '2026-05-24 23:00:20';
