var arrLeague = [25,'日本职业联赛J1','日本職業聯賽J1','Japan J1 League','2016','#009900','league_match/images/20130413112735.jpg','日职联','日職聯','JPN D1'];
var arrTeam = [[178,'新泻天鹅','新潟天鵝','Albirex Niigata','','images/178/1gtzd3qtet5.png',0],[181,'名古屋鲸八','名古屋八鯨','Nagoya Grampus','','images/181/1kkqp8ga5a1e.png',0],[188,'浦和红钻','浦和紅鑽','Urawa Red Diamonds','','images/188/1gtzcts2pj1a.png',0],[190,'鹿岛鹿角','鹿島鹿角','Kashima Antlers','','images/190/1gtzcts261m.png',0],[196,'横滨水手','橫濱水手','Yokohama Marinos','','images/196/1gtzcts26eq.png',0],[198,'磐田喜悦','磐田山葉','Jubilo Iwata','','images/198/1gtzcts2p16.png',0],[201,'FC东京','FC東京','FC Tokyo','','images/1jqk6vdj212v.png',0],[203,'神户胜利船','神戶勝利船','Vissel Kobe','','images/203/1gtzcts1qh1b.png',0],[206,'广岛三箭','廣島三箭','Hiroshima Sanfrecce','','images/206/1gtzcts1qj1h.png',0],[207,'大阪钢巴','大阪飛腳','Gamba Osaka','','images/207/1gtzd3qtya20.png',0],[209,'柏太阳神','柏雷素爾','Kashiwa Reysol','','images/209/1gtzcts3612j.png',0],[1547,'福冈黄蜂','福岡黃蜂','Avispa Fukuoka','','images/1547/1gtzcts36911.png',0],[1612,'湘南海洋','湘南比馬','Shonan Bellmare','','images/1612/1gtzcts2pg27.png',0],[1988,'RB大宫松鼠','RB大宮松鼠','RB Omiya Ardija','','images/1jp45sdm4f2c.png',0],[1989,'川崎前锋','川崎前鋒','Kawasaki Frontale','','images/1989/1gtzcts26x2r.png',0],[3162,'甲府风林','甲府風林','Ventforet Kofu','','images/3162/1h53w49p6r20.png',0],[3164,'鸟栖沙岩','鳥栖沙岩','Sagan Tosu','','images/3164/1gtzcts2pxc.png',0],[3193,'仙台维加泰','仙台維加泰','Vegalta Sendai','','images/3193/1h53w49ppqd.png',0]];
var TotalBs = [[1,207,34,21,0,13,61.8,0,38.2],[2,181,34,19,1,14,55.9,2.9,41.2],[3,196,34,19,0,15,55.9,0,44.1],[4,203,34,19,0,15,55.9,0,44.1],[5,1547,34,19,0,15,55.9,0,44.1],[6,1989,35,19,0,16,54.3,0,45.7],[7,3162,34,18,0,16,52.9,0,47.1],[8,188,36,18,1,17,50,2.8,47.2],[9,206,34,17,1,16,50,2.9,47.1],[10,178,34,17,0,17,50,0,50],[11,3193,34,17,0,17,50,0,50],[12,1612,34,16,0,18,47.1,0,52.9],[13,209,34,16,0,18,47.1,0,52.9],[14,198,34,16,0,18,47.1,0,52.9],[15,190,37,16,1,20,43.2,2.7,54.1],[16,1988,34,13,0,21,38.2,0,61.8],[17,3164,34,12,0,22,35.3,0,64.7],[18,201,34,12,0,22,35.3,0,64.7]];
var HomeBs = [[1,188,18,11,1,6,61.1,5.6,33.3],[2,1547,17,11,0,6,64.7,0,35.3],[3,209,17,10,0,7,58.8,0,41.2],[4,207,17,10,0,7,58.8,0,41.2],[5,203,17,10,0,7,58.8,0,41.2],[6,181,17,10,0,7,58.8,0,41.2],[7,206,17,9,0,8,52.9,0,47.1],[8,196,17,9,0,8,52.9,0,47.1],[9,1989,18,9,0,9,50,0,50],[10,3162,17,8,0,9,47.1,0,52.9],[11,1612,17,8,0,9,47.1,0,52.9],[12,3193,17,8,0,9,47.1,0,52.9],[13,190,18,7,1,10,38.9,5.6,55.6],[14,178,17,7,0,10,41.2,0,58.8],[15,198,17,7,0,10,41.2,0,58.8],[16,3164,17,6,0,11,35.3,0,64.7],[17,201,17,6,0,11,35.3,0,64.7],[18,1988,17,6,0,11,35.3,0,64.7]];
var GuestBs = [[1,207,17,11,0,6,64.7,0,35.3],[2,1989,17,10,0,7,58.8,0,41.2],[3,178,17,10,0,7,58.8,0,41.2],[4,196,17,10,0,7,58.8,0,41.2],[5,3162,17,10,0,7,58.8,0,41.2],[6,181,17,9,1,7,52.9,5.9,41.2],[7,198,17,9,0,8,52.9,0,47.1],[8,203,17,9,0,8,52.9,0,47.1],[9,3193,17,9,0,8,52.9,0,47.1],[10,190,19,9,0,10,47.4,0,52.6],[11,206,17,8,1,8,47.1,5.9,47.1],[12,1547,17,8,0,9,47.1,0,52.9],[13,1612,17,8,0,9,47.1,0,52.9],[14,1988,17,7,0,10,41.2,0,58.8],[15,188,18,7,0,11,38.9,0,61.1],[16,209,17,6,0,11,35.3,0,64.7],[17,3164,17,6,0,11,35.3,0,64.7],[18,201,17,6,0,11,35.3,0,64.7]];
var TotalBsHalf = [[1,3162,34,19,7,8,55.9,20.6,23.5],[2,203,33,13,13,7,39.4,39.4,21.2],[3,207,33,13,8,12,39.4,24.2,36.4],[4,1988,34,13,6,15,38.2,17.6,44.1],[5,3193,34,12,12,10,35.3,35.3,29.4],[6,1612,33,12,9,12,36.4,27.3,36.4],[7,1547,34,12,9,13,35.3,26.5,38.2],[8,206,33,12,8,13,36.4,24.2,39.4],[9,188,36,12,6,18,33.3,16.7,50],[10,1989,35,12,5,18,34.3,14.3,51.4],[11,181,34,11,13,10,32.4,38.2,29.4],[12,198,33,11,10,12,33.3,30.3,36.4],[13,178,34,11,9,14,32.4,26.5,41.2],[14,190,36,10,9,17,27.8,25,47.2],[15,196,32,9,15,8,28.1,46.9,25],[16,3164,33,9,11,13,27.3,33.3,39.4],[17,209,33,9,9,15,27.3,27.3,45.5],[18,201,33,9,8,16,27.3,24.2,48.5]];
var HomeBsHalf = [[1,3162,17,10,4,3,58.8,23.5,17.6],[2,203,17,8,6,3,47.1,35.3,17.6],[3,188,18,8,2,8,44.4,11.1,44.4],[4,3193,17,7,6,4,41.2,35.3,23.5],[5,1612,17,7,6,4,41.2,35.3,23.5],[6,1988,17,7,5,5,41.2,29.4,29.4],[7,207,17,7,4,6,41.2,23.5,35.3],[8,196,17,6,6,5,35.3,35.3,29.4],[9,1547,17,6,5,6,35.3,29.4,35.3],[10,198,17,6,3,8,35.3,17.6,47.1],[11,1989,18,6,1,11,33.3,5.6,61.1],[12,209,17,5,4,8,29.4,23.5,47.1],[13,206,17,5,3,9,29.4,17.6,52.9],[14,190,18,5,4,9,27.8,22.2,50],[15,181,17,4,9,4,23.5,52.9,23.5],[16,178,17,4,4,9,23.5,23.5,52.9],[17,201,17,3,6,8,17.6,35.3,47.1],[18,3164,17,2,7,8,11.8,41.2,47.1]];
var GuestBsHalf = [[1,3162,17,9,3,5,52.9,17.6,29.4],[2,206,16,7,5,4,43.8,31.2,25],[3,3164,16,7,4,5,43.8,25,31.2],[4,178,17,7,5,5,41.2,29.4,29.4],[5,181,17,7,4,6,41.2,23.5,35.3],[6,207,16,6,4,6,37.5,25,37.5],[7,1989,17,6,4,7,35.3,23.5,41.2],[8,1547,17,6,4,7,35.3,23.5,41.2],[9,201,16,6,2,8,37.5,12.5,50],[10,1988,17,6,1,10,35.3,5.9,58.8],[11,203,16,5,7,4,31.2,43.8,25],[12,198,16,5,7,4,31.2,43.8,25],[13,3193,17,5,6,6,29.4,35.3,35.3],[14,1612,16,5,3,8,31.2,18.8,50],[15,190,18,5,5,8,27.8,27.8,44.4],[16,209,16,4,5,7,25,31.2,43.8],[17,188,18,4,4,10,22.2,22.2,55.6],[18,196,15,3,9,3,20,60,20]];
var addUp = [304,49.2,4,0.6,310,50.2,[61.8,207],[64.7,3164,201],[64.7,1547],[64.7,3164,201,1988],[64.7,207],[64.7,209,3164,201]];
var addUpHalf = [209,34.4,167,27.5,231,38.1,[55.9,3162],[51.4,1989],[58.8,3162],[61.1,1989],[52.9,3162],[58.8,1988]];
var lastUpdateTime = '2026-04-07 16:27:49';
