var arrLeague = [26,'瑞典超级联赛','瑞典超級聯賽','Swedish Allsvenskan','2023','#004488','league_match/images/20200420031221.jpg','瑞典超','瑞典超','SWE D1'];
var arrTeam = [[400,'索尔纳','AIK蘇納','AIK Solna','','images/400/1h8asp945qp.png',0],[408,'马尔默','馬模','Malmo FF','','images/408/1hptap45j3v.png',0],[410,'哈马比','哈馬比','Hammarby','','images/410/1h6wfe05rw26.png',0],[413,'哥德堡','哥登堡','IFK Goteborg','','images/413/1hg209brnt23.png',0],[417,'埃尔夫斯堡','艾夫斯堡','Elfsborg','','images/417/1h8wtxnzmc2g.png',0],[421,'尤尔加登','佐加頓斯','Djurgardens','','images/421/1gv1yreqw82.png',0],[424,'哈尔姆斯塔德','咸史泰斯','Halmstads','','images/424/1grmna9rvh24.png',0],[426,'卡尔马','卡馬亞','Kalmar','','images/426/1h6wfe05rcg.png',0],[1518,'赫根','赫根','Hacken','','images/1518/1h53w2zt69f.png',0],[1526,'布洛马波卡纳','龐馬普卡納','Brommapojkarna','','images/1526/1h8jkhmh491m.png',0],[2088,'迪格弗斯','迪加科斯','Degerfors IF','','images/2088/1h8fzpmyv32k.png',0],[2091,'米亚尔比','米贊比','Mjallby AIF','','images/2091/1h8fzp9swxp.png',0],[2165,'北雪平','諾高平','IFK Norrkoping FK','','images/2165/1ht6ehmpr52t.png',0],[2178,'瓦纳默','華納莫','IFK Varnamo','','images/2178/1h8t9wgp5f16.png',0],[2782,'天狼星','天狼星','IK Sirius FK','','images/2782/1h8wtxnzmj9.png',0],[4242,'瓦尔贝里','華保斯FC','Varbergs BoIS FC','','images/4242/1hrgc61tqk0.png',0]];
var TotalPanLu = [[1,2782,30,9,5,16,18,2,10,8,60,6.7,33.3],[2,417,30,22,5,3,17,1,12,5,56.7,3.3,40],[3,1518,30,24,3,3,17,0,13,4,56.7,0,43.3],[4,408,30,30,0,0,16,2,12,4,53.3,6.7,40],[5,424,30,6,4,20,15,3,12,3,50,10,40],[6,2178,30,8,2,20,15,1,14,1,50,3.3,46.7],[7,421,30,22,3,5,14,3,13,1,46.7,10,43.3],[8,2091,30,8,7,15,14,2,14,0,46.7,6.7,46.7],[9,426,30,11,4,15,12,5,13,-1,40,16.7,43.3],[10,410,30,18,6,6,12,4,14,-2,40,13.3,46.7],[11,2165,30,10,6,14,12,4,14,-2,40,13.3,46.7],[12,1526,30,7,6,17,12,3,15,-3,40,10,50],[13,413,30,10,5,15,11,5,14,-3,36.7,16.7,46.7],[14,4242,30,0,4,26,11,4,15,-4,36.7,13.3,50],[15,2088,30,4,6,20,11,3,16,-5,36.7,10,53.3],[16,400,30,14,8,8,11,2,17,-6,36.7,6.7,56.7]];
var HomePanLu = [[1,1518,15,14,0,1,12,0,3,9,80,0,20],[2,408,15,15,0,0,10,0,5,5,66.7,0,33.3],[3,410,15,12,1,2,9,0,6,3,60,0,40],[4,421,15,12,2,1,8,2,5,3,53.3,13.3,33.3],[5,2782,15,9,1,5,7,1,7,0,46.7,6.7,46.7],[6,417,15,13,1,1,7,1,7,0,46.7,6.7,46.7],[7,400,15,10,3,2,7,0,8,-1,46.7,0,53.3],[8,2088,15,3,6,6,7,0,8,-1,46.7,0,53.3],[9,426,15,9,2,4,6,4,5,1,40,26.7,33.3],[10,424,15,6,3,6,6,2,7,-1,40,13.3,46.7],[11,2178,15,8,1,6,6,1,8,-2,40,6.7,53.3],[12,2165,15,9,2,4,6,1,8,-2,40,6.7,53.3],[13,1526,15,6,4,5,5,3,7,-2,33.3,20,46.7],[14,4242,15,0,4,11,5,3,7,-2,33.3,20,46.7],[15,413,15,9,2,4,5,2,8,-3,33.3,13.3,53.3],[16,2091,15,7,5,3,4,2,9,-5,26.7,13.3,60]];
var GuestPanLu = [[1,2782,15,0,4,11,11,1,3,8,73.3,6.7,20],[2,2091,15,1,2,12,10,0,5,5,66.7,0,33.3],[3,417,15,9,4,2,10,0,5,5,66.7,0,33.3],[4,424,15,0,1,14,9,1,5,4,60,6.7,33.3],[5,2178,15,0,1,14,9,0,6,3,60,0,40],[6,1526,15,1,2,12,7,0,8,-1,46.7,0,53.3],[7,413,15,1,3,11,6,3,6,0,40,20,40],[8,2165,15,1,4,10,6,3,6,0,40,20,40],[9,408,15,15,0,0,6,2,7,-1,40,13.3,46.7],[10,426,15,2,2,11,6,1,8,-2,40,6.7,53.3],[11,421,15,10,1,4,6,1,8,-2,40,6.7,53.3],[12,4242,15,0,0,15,6,1,8,-2,40,6.7,53.3],[13,1518,15,10,3,2,5,0,10,-5,33.3,0,66.7],[14,2088,15,1,0,14,4,3,8,-4,26.7,20,53.3],[15,400,15,4,5,6,4,2,9,-5,26.7,13.3,60],[16,410,15,6,5,4,3,4,8,-5,20,26.7,53.3]];
var TotalHalfPanLu = [[1,424,30,4,8,18,17,4,9,8,56.7,13.3,30],[2,2178,30,5,11,14,17,2,11,6,56.7,6.7,36.7],[3,2091,30,3,16,11,15,6,9,6,50,20,30],[4,2165,30,10,11,9,15,4,11,4,50,13.3,36.7],[5,1526,30,4,11,15,14,4,12,2,46.7,13.3,40],[6,2782,30,5,11,14,14,4,12,2,46.7,13.3,40],[7,426,30,7,12,11,13,5,12,1,43.3,16.7,40],[8,4242,30,0,6,24,13,4,13,0,43.3,13.3,43.3],[9,1518,30,23,6,1,13,3,14,-1,43.3,10,46.7],[10,400,30,13,10,7,12,4,14,-2,40,13.3,46.7],[11,421,30,21,6,3,12,3,15,-3,40,10,50],[12,408,30,26,4,0,12,2,16,-4,40,6.7,53.3],[13,417,30,20,9,1,11,3,16,-5,36.7,10,53.3],[14,410,30,14,12,4,10,6,14,-4,33.3,20,46.7],[15,413,30,8,10,12,10,5,15,-5,33.3,16.7,50],[16,2088,30,1,9,20,10,5,15,-5,33.3,16.7,50]];
var HomeHalfPanLu = [[1,424,15,4,5,6,9,1,5,4,60,6.7,33.3],[2,4242,15,0,6,9,8,2,5,3,53.3,13.3,33.3],[3,1518,15,13,2,0,8,2,5,3,53.3,13.3,33.3],[4,426,15,6,6,3,8,2,5,3,53.3,13.3,33.3],[5,400,15,9,4,2,7,2,6,1,46.7,13.3,40],[6,408,15,15,0,0,7,1,7,0,46.7,6.7,46.7],[7,410,15,11,4,0,7,0,8,-1,46.7,0,53.3],[8,2091,15,3,9,3,6,5,4,2,40,33.3,26.7],[9,2782,15,5,6,4,6,3,6,0,40,20,40],[10,1526,15,4,8,3,6,3,6,0,40,20,40],[11,2165,15,9,4,2,6,2,7,-1,40,13.3,46.7],[12,2178,15,5,5,5,6,2,7,-1,40,13.3,46.7],[13,417,15,13,2,0,6,1,8,-2,40,6.7,53.3],[14,421,15,12,3,0,6,1,8,-2,40,6.7,53.3],[15,2088,15,1,8,6,4,4,7,-3,26.7,26.7,46.7],[16,413,15,7,4,4,4,1,10,-6,26.7,6.7,66.7]];
var GuestHalfPanLu = [[1,2178,15,0,6,9,11,0,4,7,73.3,0,26.7],[2,2165,15,1,7,7,9,2,4,5,60,13.3,26.7],[3,2091,15,0,7,8,9,1,5,4,60,6.7,33.3],[4,424,15,0,3,12,8,3,4,4,53.3,20,26.7],[5,2782,15,0,5,10,8,1,6,2,53.3,6.7,40],[6,1526,15,0,3,12,8,1,6,2,53.3,6.7,40],[7,413,15,1,6,8,6,4,5,1,40,26.7,33.3],[8,421,15,9,3,3,6,2,7,-1,40,13.3,46.7],[9,2088,15,0,1,14,6,1,8,-2,40,6.7,53.3],[10,426,15,1,6,8,5,3,7,-2,33.3,20,46.7],[11,400,15,4,6,5,5,2,8,-3,33.3,13.3,53.3],[12,4242,15,0,0,15,5,2,8,-3,33.3,13.3,53.3],[13,417,15,7,7,1,5,2,8,-3,33.3,13.3,53.3],[14,1518,15,10,4,1,5,1,9,-4,33.3,6.7,60],[15,408,15,11,4,0,5,1,9,-4,33.3,6.7,60],[16,410,15,3,8,4,3,6,6,-3,20,40,40]];
var addUp = [110,45.8,22,9.2,108,45,[60,2782],[56.7,400],[80,1518],[60,2091],[73.3,2782],[66.7,1518],[16.7,426,413],[0,1518]];
var addUpHalf = [104,43.3,32,13.3,104,43.3,[56.7,424,2178],[53.3,408,417],[60,424],[66.7,413],[73.3,2178],[60,1518,408],[20,2091,410],[6.7,2178,408]];
var lastUpdateTime = '2025-01-18 10:41:41';
