var arrLeague = [26,'瑞典超级联赛','瑞典超級聯賽','Swedish Allsvenskan','2023','#004488','league_match/images/20200420031221.jpg','瑞典超','瑞典超','SWE D1'];
var arrTeam = [[400,'索尔纳','AIK蘇納','AIK Solna','','images/400/1h8asp945qp.png',0],[408,'马尔默','馬模','Malmo FF','','images/408/1hptap45j3v.png',0],[410,'哈马比','哈馬比','Hammarby','','images/410/1h6wfe05rw26.png',0],[413,'哥德堡','哥登堡','IFK Goteborg','','images/413/1hg209brnt23.png',0],[417,'埃尔夫斯堡','艾夫斯堡','Elfsborg','','images/417/1h8wtxnzmc2g.png',0],[421,'尤尔加登','佐加頓斯','Djurgardens','','images/421/1gv1yreqw82.png',0],[424,'哈尔姆斯塔德','咸史泰斯','Halmstads','','images/424/1grmna9rvh24.png',0],[426,'卡尔马','卡馬亞','Kalmar','','images/426/1h6wfe05rcg.png',0],[1518,'赫根','赫根','Hacken','','images/1518/1h53w2zt69f.png',0],[1526,'布洛马波卡纳','龐馬普卡納','Brommapojkarna','','images/1526/1h8jkhmh491m.png',0],[2088,'迪格弗斯','迪加科斯','Degerfors IF','','images/2088/1h8fzpmyv32k.png',0],[2091,'米亚尔比','米贊比','Mjallby AIF','','images/2091/1h8fzp9swxp.png',0],[2165,'北雪平','諾高平','IFK Norrkoping FK','','images/2165/1ht6ehmpr52t.png',0],[2178,'瓦纳默','華納莫','IFK Varnamo','','images/2178/1h8t9wgp5f16.png',0],[2782,'天狼星','天狼星','IK Sirius FK','','images/2782/1h8wtxnzmj9.png',0],[4242,'瓦尔贝里','華保斯FC','Varbergs BoIS FC','','images/4242/1hrgc61tqk0.png',0]];
var TotalBs = [[1,1518,30,20,0,10,66.7,0,33.3],[2,2165,30,19,0,11,63.3,0,36.7],[3,2782,30,18,1,11,60,3.3,36.7],[4,2088,30,17,2,11,56.7,6.7,36.7],[5,1526,30,17,1,12,56.7,3.3,40],[6,4242,30,16,1,13,53.3,3.3,43.3],[7,417,30,15,1,14,50,3.3,46.7],[8,410,30,15,0,15,50,0,50],[9,408,30,14,4,12,46.7,13.3,40],[10,424,30,14,1,15,46.7,3.3,50],[11,400,30,14,0,16,46.7,0,53.3],[12,2178,30,14,0,16,46.7,0,53.3],[13,426,30,13,3,14,43.3,10,46.7],[14,421,30,13,0,17,43.3,0,56.7],[15,413,30,11,1,18,36.7,3.3,60],[16,2091,30,10,3,17,33.3,10,56.7]];
var HomeBs = [[1,1518,15,13,0,2,86.7,0,13.3],[2,410,15,10,0,5,66.7,0,33.3],[3,2782,15,10,0,5,66.7,0,33.3],[4,2088,15,8,2,5,53.3,13.3,33.3],[5,408,15,8,2,5,53.3,13.3,33.3],[6,1526,15,8,1,6,53.3,6.7,40],[7,2091,15,7,1,7,46.7,6.7,46.7],[8,4242,15,7,1,7,46.7,6.7,46.7],[9,400,15,7,0,8,46.7,0,53.3],[10,421,15,7,0,8,46.7,0,53.3],[11,2165,15,7,0,8,46.7,0,53.3],[12,426,15,6,1,8,40,6.7,53.3],[13,417,15,6,1,8,40,6.7,53.3],[14,424,15,6,0,9,40,0,60],[15,413,15,5,0,10,33.3,0,66.7],[16,2178,15,5,0,10,33.3,0,66.7]];
var GuestBs = [[1,2165,15,12,0,3,80,0,20],[2,2088,15,9,0,6,60,0,40],[3,1526,15,9,0,6,60,0,40],[4,2178,15,9,0,6,60,0,40],[5,4242,15,9,0,6,60,0,40],[6,417,15,9,0,6,60,0,40],[7,424,15,8,1,6,53.3,6.7,40],[8,2782,15,8,1,6,53.3,6.7,40],[9,426,15,7,2,6,46.7,13.3,40],[10,400,15,7,0,8,46.7,0,53.3],[11,1518,15,7,0,8,46.7,0,53.3],[12,408,15,6,2,7,40,13.3,46.7],[13,413,15,6,1,8,40,6.7,53.3],[14,421,15,6,0,9,40,0,60],[15,410,15,5,0,10,33.3,0,66.7],[16,2091,15,3,2,10,20,13.3,66.7]];
var TotalBsHalf = [[1,2782,30,16,3,11,53.3,10,36.7],[2,1526,30,13,6,11,43.3,20,36.7],[3,400,30,13,6,11,43.3,20,36.7],[4,2088,30,13,5,12,43.3,16.7,40],[5,4242,30,13,4,13,43.3,13.3,43.3],[6,408,30,13,4,13,43.3,13.3,43.3],[7,426,30,12,8,10,40,26.7,33.3],[8,2165,30,12,8,10,40,26.7,33.3],[9,417,30,12,6,12,40,20,40],[10,1518,30,12,1,17,40,3.3,56.7],[11,2178,30,10,9,11,33.3,30,36.7],[12,2091,30,10,9,11,33.3,30,36.7],[13,424,30,9,7,14,30,23.3,46.7],[14,410,30,9,4,17,30,13.3,56.7],[15,421,30,8,7,15,26.7,23.3,50],[16,413,30,7,9,14,23.3,30,46.7]];
var HomeBsHalf = [[1,1518,15,10,0,5,66.7,0,33.3],[2,2782,15,9,1,5,60,6.7,33.3],[3,417,15,7,2,6,46.7,13.3,40],[4,408,15,7,1,7,46.7,6.7,46.7],[5,2088,15,6,4,5,40,26.7,33.3],[6,1526,15,6,3,6,40,20,40],[7,400,15,6,3,6,40,20,40],[8,421,15,6,2,7,40,13.3,46.7],[9,4242,15,6,2,7,40,13.3,46.7],[10,410,15,6,1,8,40,6.7,53.3],[11,424,15,5,4,6,33.3,26.7,40],[12,2165,15,5,3,7,33.3,20,46.7],[13,426,15,4,5,6,26.7,33.3,40],[14,413,15,3,6,6,20,40,40],[15,2091,15,3,6,6,20,40,40],[16,2178,15,2,5,8,13.3,33.3,53.3]];
var GuestBsHalf = [[1,2178,15,8,4,3,53.3,26.7,20],[2,426,15,8,3,4,53.3,20,26.7],[3,2165,15,7,5,3,46.7,33.3,20],[4,1526,15,7,3,5,46.7,20,33.3],[5,400,15,7,3,5,46.7,20,33.3],[6,2091,15,7,3,5,46.7,20,33.3],[7,4242,15,7,2,6,46.7,13.3,40],[8,2782,15,7,2,6,46.7,13.3,40],[9,2088,15,7,1,7,46.7,6.7,46.7],[10,408,15,6,3,6,40,20,40],[11,417,15,5,4,6,33.3,26.7,40],[12,424,15,4,3,8,26.7,20,53.3],[13,413,15,4,3,8,26.7,20,53.3],[14,410,15,3,3,9,20,20,60],[15,421,15,2,5,8,13.3,33.3,53.3],[16,1518,15,2,1,12,13.3,6.7,80]];
var addUp = [240,50,18,3.8,222,46.2,[66.7,1518],[60,413],[86.7,1518],[66.7,413,2178],[80,2165],[66.7,410,2091]];
var addUpHalf = [182,37.9,96,20,202,42.1,[53.3,2782],[56.7,1518,410],[66.7,1518],[53.3,410,2178],[53.3,2178,426],[80,1518]];
var lastUpdateTime = '2025-01-18 10:41:50';
