var arrLeague = [27,'瑞士超级联赛','瑞士超級聯賽','Switzerland Super League','2024-2025','#1ba578','league_match/images/20151127162550.jpg','瑞士超','瑞士超','SUI SL'];
var arrTeam = [[433,'圣加仑','聖加倫','St. Gallen','','images/433/1gtqm1pz3d2d.png',0],[436,'草蜢','草蜢','Grasshopper','','images/436/1h8asqtqsjb.png',0],[442,'年青人','年青人','Young Boys','','images/442/1gxmbma5rq4.png',0],[444,'阿劳','阿勞','Aarau','','images/444/1j3p94eyn924.png',0],[447,'塞尔维特','塞維特','Servette','','images/447/1gtg0nzm9kh.png',0],[449,'苏黎世','蘇黎世','FC Zurich','','images/449/1jh4aqszf629.png',0],[451,'巴塞尔','巴素利','Basel','','images/451/1gv1yreqw0h.png',0],[1228,'伊韦尔东','伊華東','Yverdon','','images/1228/1gqxnaky8wh.png',0],[1229,'卢加诺','盧加諾','Lugano','','images/1229/1gtqm1pzk318.png',0],[1237,'卢塞恩','琉森','Luzern','','images/1237/1h6wfe0585w.png',0],[1304,'温特图尔','溫特圖爾','Winterthur','','images/1304/1j5cbkwmw5n.png',0],[1323,'锡昂','錫永','FC Sion','','images/1323/1hkrdvr1r626.png',0],[2601,'洛桑','洛桑體育隊','Lausanne Sports','','images/2601/1j0ytn4xd41b.png',0]];
var TotalPanLu = [[1,451,38,24,8,6,22,3,13,9,57.9,7.9,34.2],[2,1228,38,3,3,32,20,4,14,6,52.6,10.5,36.8],[3,442,38,25,8,5,19,2,17,2,50,5.3,44.7],[4,2601,38,17,11,10,19,2,17,2,50,5.3,44.7],[5,1237,38,13,8,17,17,4,17,0,44.7,10.5,44.7],[6,433,38,16,11,11,17,4,17,0,44.7,10.5,44.7],[7,436,40,7,11,22,18,3,19,-1,45,7.5,47.5],[8,1304,38,2,3,33,17,3,18,-1,44.7,7.9,47.4],[9,447,38,27,5,6,17,0,21,-4,44.7,0,55.3],[10,1323,38,10,10,18,16,4,18,-2,42.1,10.5,47.4],[11,449,38,17,6,15,15,3,20,-5,39.5,7.9,52.6],[12,1229,38,22,9,7,15,2,21,-6,39.5,5.3,55.3],[13,444,2,0,1,1,1,0,1,0,50,0,50]];
var HomePanLu = [[1,442,19,19,0,0,13,0,6,7,68.4,0,31.6],[2,1323,19,8,7,4,12,2,5,7,63.2,10.5,26.3],[3,451,19,17,2,0,12,1,6,6,63.2,5.3,31.6],[4,1228,19,3,2,14,11,1,7,4,57.9,5.3,36.8],[5,2601,20,13,6,1,11,0,9,2,55,0,45],[6,444,1,0,1,0,1,0,0,1,100,0,0],[7,436,20,6,7,7,10,2,8,2,50,10,40],[8,433,18,11,6,1,9,2,7,2,50,11.1,38.9],[9,1237,19,10,6,3,9,3,7,2,47.4,15.8,36.8],[10,1304,19,2,3,14,9,1,9,0,47.4,5.3,47.4],[11,447,19,18,1,0,8,0,11,-3,42.1,0,57.9],[12,1229,19,16,3,0,7,2,10,-3,36.8,10.5,52.6],[13,449,19,13,3,3,6,3,10,-4,31.6,15.8,52.6]];
var GuestPanLu = [[1,451,19,7,6,6,10,2,7,3,52.6,10.5,36.8],[2,1228,19,0,1,18,9,3,7,2,47.4,15.8,36.8],[3,447,19,9,4,6,9,0,10,-1,47.4,0,52.6],[4,449,19,4,3,12,9,0,10,-1,47.4,0,52.6],[5,2601,18,4,5,9,8,2,8,0,44.4,11.1,44.4],[6,1304,19,0,0,19,8,2,9,-1,42.1,10.5,47.4],[7,1237,19,3,2,14,8,1,10,-2,42.1,5.3,52.6],[8,1229,19,6,6,7,8,0,11,-3,42.1,0,57.9],[9,433,20,5,5,10,8,2,10,-2,40,10,50],[10,436,20,1,4,15,8,1,11,-3,40,5,55],[11,442,19,6,8,5,6,2,11,-5,31.6,10.5,57.9],[12,1323,19,2,3,14,4,2,13,-9,21.1,10.5,68.4],[13,444,1,0,0,1,0,0,1,-1,0,0,100]];
var TotalHalfPanLu = [[1,1304,38,2,5,31,22,3,13,9,57.9,7.9,34.2],[2,451,38,19,15,4,21,5,12,9,55.3,13.2,31.6],[3,1228,38,1,7,30,21,2,15,6,55.3,5.3,39.5],[4,436,40,5,16,19,21,4,15,6,52.5,10,37.5],[5,1323,38,8,17,13,17,7,14,3,44.7,18.4,36.8],[6,447,38,19,16,3,16,7,15,1,42.1,18.4,39.5],[7,1229,38,17,16,5,15,6,17,-2,39.5,15.8,44.7],[8,442,38,24,12,2,14,5,19,-5,36.8,13.2,50],[9,433,38,14,17,7,14,5,19,-5,36.8,13.2,50],[10,1237,38,9,16,13,14,4,20,-6,36.8,10.5,52.6],[11,2601,38,14,16,8,14,3,21,-7,36.8,7.9,55.3],[12,449,38,13,16,9,14,2,22,-8,36.8,5.3,57.9],[13,444,2,0,1,1,0,1,1,-1,0,50,50]];
var HomeHalfPanLu = [[1,1228,19,1,5,13,12,2,5,7,63.2,10.5,26.3],[2,1304,19,2,3,14,11,2,6,5,57.9,10.5,31.6],[3,451,19,16,3,0,10,1,8,2,52.6,5.3,42.1],[4,436,20,5,11,4,10,0,10,0,50,0,50],[5,2601,20,11,9,0,9,1,10,-1,45,5,50],[6,1323,19,6,12,1,8,5,6,2,42.1,26.3,31.6],[7,447,19,15,4,0,8,2,9,-1,42.1,10.5,47.4],[8,442,19,18,1,0,8,1,10,-2,42.1,5.3,52.6],[9,449,19,10,9,0,7,1,11,-4,36.8,5.3,57.9],[10,1237,19,6,12,1,6,4,9,-3,31.6,21.1,47.4],[11,433,18,9,9,0,5,3,10,-5,27.8,16.7,55.6],[12,1229,19,13,6,0,4,4,11,-7,21.1,21.1,57.9],[13,444,1,0,1,0,0,1,0,0,0,100,0]];
var GuestHalfPanLu = [[1,451,19,3,12,4,11,4,4,7,57.9,21.1,21.1],[2,1229,19,4,10,5,11,2,6,5,57.9,10.5,31.6],[3,1304,19,0,2,17,11,1,7,4,57.9,5.3,36.8],[4,436,20,0,5,15,11,4,5,6,55,20,25],[5,1323,19,2,5,12,9,2,8,1,47.4,10.5,42.1],[6,1228,19,0,2,17,9,0,10,-1,47.4,0,52.6],[7,433,20,5,8,7,9,2,9,0,45,10,45],[8,447,19,4,12,3,8,5,6,2,42.1,26.3,31.6],[9,1237,19,3,4,12,8,0,11,-3,42.1,0,57.9],[10,449,19,3,7,9,7,1,11,-4,36.8,5.3,57.9],[11,442,19,6,11,2,6,4,9,-3,31.6,21.1,47.4],[12,2601,18,3,7,8,5,2,11,-6,27.8,11.1,61.1],[13,444,1,0,0,1,0,0,1,-1,0,0,100]];
var addUp = [118,51.3,17,7.4,95,41.3,[57.9,451],[55.3,447,1229],[100,444],[57.9,447],[52.6,451],[100,444],[10.5,1228,1237,433,1323],[0,447,444]];
var addUpHalf = [98,42.6,27,11.7,105,45.7,[57.9,1304],[57.9,449],[63.2,1228],[57.9,449,1229],[57.9,451,1229,1304],[100,444],[50,444],[5.3,1228,449]];
var lastUpdateTime = '2025-06-01 06:59:47';
