var arrLeague = [27,'瑞士超级联赛','瑞士超級聯賽','Switzerland Super League','2024-2025','#1ba578','league_match/images/20151127162550.jpg','瑞士超','瑞士超','SUI SL'];
var arrTeam = [[433,'圣加仑','聖加倫','St. Gallen','','images/433/1gtqm1pz3d2d.png',0],[436,'草蜢','草蜢','Grasshopper','','images/436/1h8asqtqsjb.png',0],[442,'年青人','年青人','Young Boys','','images/442/1gxmbma5rq4.png',0],[444,'阿劳','阿勞','Aarau','','images/444/1j3p94eyn924.png',0],[447,'塞尔维特','塞維特','Servette','','images/447/1gtg0nzm9kh.png',0],[449,'苏黎世','蘇黎世','FC Zurich','','images/449/1jh4aqszf629.png',0],[451,'巴塞尔','巴素利','Basel','','images/451/1gv1yreqw0h.png',0],[1228,'伊韦尔东','伊華東','Yverdon','','images/1228/1gqxnaky8wh.png',0],[1229,'卢加诺','盧加諾','Lugano','','images/1229/1gtqm1pzk318.png',0],[1237,'卢塞恩','琉森','Luzern','','images/1237/1h6wfe0585w.png',0],[1304,'温特图尔','溫特圖爾','Winterthur','','images/1304/1j5cbkwmw5n.png',0],[1323,'锡昂','錫永','FC Sion','','images/1323/1hkrdvr1r626.png',0],[2601,'洛桑','洛桑體育隊','Lausanne Sports','','images/2601/1j0ytn4xd41b.png',0]];
var TotalBs = [[1,449,38,22,1,15,57.9,2.6,39.5],[2,447,38,21,2,15,55.3,5.3,39.5],[3,451,38,20,4,14,52.6,10.5,36.8],[4,1237,38,20,2,16,52.6,5.3,42.1],[5,436,40,20,1,19,50,2.5,47.5],[6,2601,38,19,2,17,50,5.3,44.7],[7,1228,38,19,0,19,50,0,50],[8,1304,38,17,1,20,44.7,2.6,52.6],[9,1323,38,17,1,20,44.7,2.6,52.6],[10,1229,38,16,3,19,42.1,7.9,50],[11,433,38,15,2,21,39.5,5.3,55.3],[12,442,38,13,7,18,34.2,18.4,47.4],[13,444,2,1,0,1,50,0,50]];
var HomeBs = [[1,447,19,11,1,7,57.9,5.3,36.8],[2,436,20,11,1,8,55,5,40],[3,2601,20,11,1,8,55,5,40],[4,433,18,10,0,8,55.6,0,44.4],[5,449,19,10,0,9,52.6,0,47.4],[6,1323,19,10,0,9,52.6,0,47.4],[7,1229,19,9,1,9,47.4,5.3,47.4],[8,1237,19,9,0,10,47.4,0,52.6],[9,1228,19,9,0,10,47.4,0,52.6],[10,451,19,7,4,8,36.8,21.1,42.1],[11,1304,19,7,0,12,36.8,0,63.2],[12,442,19,6,5,8,31.6,26.3,42.1],[13,444,1,0,0,1,0,0,100]];
var GuestBs = [[1,451,19,13,0,6,68.4,0,31.6],[2,449,19,12,1,6,63.2,5.3,31.6],[3,1237,19,11,2,6,57.9,10.5,31.6],[4,1304,19,10,1,8,52.6,5.3,42.1],[5,447,19,10,1,8,52.6,5.3,42.1],[6,1228,19,10,0,9,52.6,0,47.4],[7,436,20,9,0,11,45,0,55],[8,2601,18,8,1,9,44.4,5.6,50],[9,442,19,7,2,10,36.8,10.5,52.6],[10,1229,19,7,2,10,36.8,10.5,52.6],[11,1323,19,7,1,11,36.8,5.3,57.9],[12,433,20,5,2,13,25,10,65],[13,444,1,1,0,0,100,0,0]];
var TotalBsHalf = [[1,451,38,19,2,17,50,5.3,44.7],[2,449,38,17,6,15,44.7,15.8,39.5],[3,1237,38,17,1,20,44.7,2.6,52.6],[4,442,38,17,0,21,44.7,0,55.3],[5,1229,38,16,3,19,42.1,7.9,50],[6,2601,38,16,3,19,42.1,7.9,50],[7,433,38,16,1,21,42.1,2.6,55.3],[8,1323,38,15,6,17,39.5,15.8,44.7],[9,1228,38,13,4,21,34.2,10.5,55.3],[10,1304,38,13,1,24,34.2,2.6,63.2],[11,447,38,12,3,23,31.6,7.9,60.5],[12,436,40,10,8,22,25,20,55],[13,444,2,1,0,1,50,0,50]];
var HomeBsHalf = [[1,2601,20,11,1,8,55,5,40],[2,1323,19,9,2,8,47.4,10.5,42.1],[3,433,18,9,0,9,50,0,50],[4,451,19,9,1,9,47.4,5.3,47.4],[5,442,19,9,0,10,47.4,0,52.6],[6,1229,19,8,2,9,42.1,10.5,47.4],[7,1237,19,8,0,11,42.1,0,57.9],[8,449,19,7,3,9,36.8,15.8,47.4],[9,1304,19,6,1,12,31.6,5.3,63.2],[10,447,19,6,0,13,31.6,0,68.4],[11,436,20,5,6,9,25,30,45],[12,1228,19,4,3,12,21.1,15.8,63.2],[13,444,1,0,0,1,0,0,100]];
var GuestBsHalf = [[1,449,19,10,3,6,52.6,15.8,31.6],[2,451,19,10,1,8,52.6,5.3,42.1],[3,1228,19,9,1,9,47.4,5.3,47.4],[4,1237,19,9,1,9,47.4,5.3,47.4],[5,1229,19,8,1,10,42.1,5.3,52.6],[6,442,19,8,0,11,42.1,0,57.9],[7,433,20,7,1,12,35,5,60],[8,1304,19,7,0,12,36.8,0,63.2],[9,1323,19,6,4,9,31.6,21.1,47.4],[10,447,19,6,3,10,31.6,15.8,52.6],[11,2601,18,5,2,11,27.8,11.1,61.1],[12,436,20,5,2,13,25,10,65],[13,444,1,1,0,0,100,0,0]];
var addUp = [220,47.8,26,5.7,214,46.5,[57.9,449],[55.3,433],[57.9,447],[100,444],[100,444],[65,433]];
var addUpHalf = [182,39.6,38,8.3,240,52.2,[50,451,444],[63.2,1304],[55,2601],[100,444],[100,444],[65,436]];
var lastUpdateTime = '2025-06-01 06:59:46';
