var arrLeague = [29,'苏格兰超级联赛','蘇格蘭超級聯賽','Scottish Premier League','2017-2018','#57A87B','league_match/images/1j5w1p9pmse.png','苏超','蘇超','SCO PR'];
var arrTeam = [[70,'凯尔特人','些路迪','Celtic FC','','images/165363471972.png',0],[71,'邓迪FC','登地','Dundee','','images/165363469577.png',0],[73,'阿伯丁','鴨巴甸','Aberdeen','','images/165363467632.png',0],[75,'马瑟韦尔','馬瑟韋爾','Motherwell','','images/165363477927.png',0],[76,'哈茨','赫斯','Heart of Midlothian','','images/165363483555.png',0],[77,'格拉斯哥流浪者','格拉斯哥流浪','Glasgow Rangers','','images/165363474719.png',0],[79,'希伯尼安','喜百年','Hibernian','','images/165363481924.png',0],[81,'基马诺克','基馬諾克','Kilmarnock','','images/81/1h5bjef76b13.png',0],[1366,'罗斯郡','羅斯郡','Ross County','','images/165363476324.png',0],[1460,'哈密尔顿','咸美頓','Hamilton Academical','','images/1460/1grmn0vykj1t.png',0],[1462,'帕尔蒂克','巴特里','Partick Thistle','','images/1462/1hxg39kyqr1p.png',0],[1485,'圣约翰斯通','聖莊士東','Saint Johnstone','','images/165363480511.png',0]];
var TotalPanLu = [[1,81,38,11,3,24,25,2,11,14,65.8,5.3,28.9],[2,79,38,24,4,10,21,4,13,8,55.3,10.5,34.2],[3,1462,38,8,3,27,20,0,18,2,52.6,0,47.4],[4,75,38,12,5,21,19,2,17,2,50,5.3,44.7],[5,77,38,31,2,5,18,4,16,2,47.4,10.5,42.1],[6,71,38,9,3,26,18,2,18,0,47.4,5.3,47.4],[7,73,38,29,3,6,18,0,20,-2,47.4,0,52.6],[8,70,38,38,0,0,16,0,22,-6,42.1,0,57.9],[9,1366,38,8,5,25,15,4,19,-4,39.5,10.5,50],[10,1485,38,12,6,20,15,4,19,-4,39.5,10.5,50],[11,76,38,19,3,16,15,3,20,-5,39.5,7.9,52.6],[12,1460,38,6,5,27,15,1,22,-7,39.5,2.6,57.9]];
var HomePanLu = [[1,1462,19,8,2,9,11,0,8,3,57.9,0,42.1],[2,75,20,11,1,8,11,1,8,3,55,5,40],[3,79,19,13,3,3,10,3,6,4,52.6,15.8,31.6],[4,81,19,9,3,7,10,1,8,2,52.6,5.3,42.1],[5,76,18,12,0,6,9,0,9,0,50,0,50],[6,1460,19,6,4,9,8,0,11,-3,42.1,0,57.9],[7,1366,19,8,2,9,7,2,10,-3,36.8,10.5,52.6],[8,77,19,17,0,2,7,2,10,-3,36.8,10.5,52.6],[9,71,19,9,2,8,7,1,11,-4,36.8,5.3,57.9],[10,73,19,16,1,2,7,0,12,-5,36.8,0,63.2],[11,70,19,19,0,0,7,0,12,-5,36.8,0,63.2],[12,1485,19,11,3,5,6,3,10,-4,31.6,15.8,52.6]];
var GuestPanLu = [[1,81,19,2,0,17,15,1,3,12,78.9,5.3,15.8],[2,77,19,14,2,3,11,2,6,5,57.9,10.5,31.6],[3,79,19,11,1,7,11,1,7,4,57.9,5.3,36.8],[4,71,19,0,1,18,11,1,7,4,57.9,5.3,36.8],[5,73,19,13,2,4,11,0,8,3,57.9,0,42.1],[6,1485,19,1,3,15,9,1,9,0,47.4,5.3,47.4],[7,70,19,19,0,0,9,0,10,-1,47.4,0,52.6],[8,1462,19,0,1,18,9,0,10,-1,47.4,0,52.6],[9,75,18,1,4,13,8,1,9,-1,44.4,5.6,50],[10,1366,19,0,3,16,8,2,9,-1,42.1,10.5,47.4],[11,1460,19,0,1,18,7,1,11,-4,36.8,5.3,57.9],[12,76,20,7,3,10,6,3,11,-5,30,15,55]];
var TotalHalfPanLu = [[1,81,38,3,15,20,21,2,15,6,55.3,5.3,39.5],[2,77,38,30,4,4,21,1,16,5,55.3,2.6,42.1],[3,71,38,2,16,20,19,5,14,5,50,13.2,36.8],[4,1460,38,0,14,24,17,6,15,2,44.7,15.8,39.5],[5,70,38,38,0,0,17,2,19,-2,44.7,5.3,50],[6,1462,38,3,15,20,16,5,17,-1,42.1,13.2,44.7],[7,1485,38,10,13,15,16,5,17,-1,42.1,13.2,44.7],[8,75,38,10,12,16,16,4,18,-2,42.1,10.5,47.4],[9,73,38,27,6,5,16,1,21,-5,42.1,2.6,55.3],[10,1366,38,3,18,17,15,8,15,0,39.5,21.1,39.5],[11,76,38,16,7,15,15,5,18,-3,39.5,13.2,47.4],[12,79,38,22,8,8,15,4,19,-4,39.5,10.5,50]];
var HomeHalfPanLu = [[1,70,19,19,0,0,10,2,7,3,52.6,10.5,36.8],[2,1462,19,3,8,8,10,1,8,2,52.6,5.3,42.1],[3,73,19,14,3,2,10,0,9,1,52.6,0,47.4],[4,75,20,10,3,7,10,1,9,1,50,5,45],[5,76,18,11,1,6,9,1,8,1,50,5.6,44.4],[6,71,19,2,11,6,9,4,6,3,47.4,21.1,31.6],[7,77,19,16,1,2,9,0,10,-1,47.4,0,52.6],[8,1460,19,0,11,8,8,6,5,3,42.1,31.6,26.3],[9,81,19,3,10,6,8,0,11,-3,42.1,0,57.9],[10,1366,19,3,9,7,7,4,8,-1,36.8,21.1,42.1],[11,79,19,13,3,3,6,2,11,-5,31.6,10.5,57.9],[12,1485,19,10,4,5,5,3,11,-6,26.3,15.8,57.9]];
var GuestHalfPanLu = [[1,81,19,0,5,14,13,2,4,9,68.4,10.5,21.1],[2,77,19,14,3,2,12,1,6,6,63.2,5.3,31.6],[3,1485,19,0,9,10,11,2,6,5,57.9,10.5,31.6],[4,71,19,0,5,14,10,1,8,2,52.6,5.3,42.1],[5,79,19,9,5,5,9,2,8,1,47.4,10.5,42.1],[6,1460,19,0,3,16,9,0,10,-1,47.4,0,52.6],[7,1366,19,0,9,10,8,4,7,1,42.1,21.1,36.8],[8,70,19,19,0,0,7,0,12,-5,36.8,0,63.2],[9,75,18,0,9,9,6,3,9,-3,33.3,16.7,50],[10,1462,19,0,7,12,6,4,9,-3,31.6,21.1,47.4],[11,73,19,13,3,3,6,1,12,-6,31.6,5.3,63.2],[12,76,20,5,6,9,6,4,10,-4,30,20,50]];
var addUp = [100,43.9,13,5.7,115,50.4,[65.8,81],[57.9,70,1460],[57.9,1462],[63.2,73,70],[78.9,81],[57.9,1460],[10.5,79,77,1366,1485],[0,1462,73,70]];
var addUpHalf = [101,44.3,24,10.5,103,45.2,[55.3,81,77],[55.3,73],[52.6,70,1462,73],[57.9,81,79,1485],[68.4,81],[63.2,70,73],[21.1,1366],[2.6,77,73]];
var lastUpdateTime = '2025-01-19 11:33:01';
