var arrLeague = [29,'苏格兰超级联赛','蘇格蘭超級聯賽','Scottish Premier League','2017-2018','#57A87B','league_match/images/1j5w1p9pmse.png','苏超','蘇超','SCO PR'];
var arrTeam = [[70,'凯尔特人','些路迪','Celtic FC','','images/165363471972.png',0],[71,'邓迪FC','登地','Dundee','','images/165363469577.png',0],[73,'阿伯丁','鴨巴甸','Aberdeen','','images/165363467632.png',0],[75,'马瑟韦尔','馬瑟韋爾','Motherwell','','images/165363477927.png',0],[76,'哈茨','赫斯','Heart of Midlothian','','images/165363483555.png',0],[77,'格拉斯哥流浪者','格拉斯哥流浪','Glasgow Rangers','','images/165363474719.png',0],[79,'希伯尼安','喜百年','Hibernian','','images/165363481924.png',0],[81,'基马诺克','基馬諾克','Kilmarnock','','images/81/1h5bjef76b13.png',0],[1366,'罗斯郡','羅斯郡','Ross County','','images/165363476324.png',0],[1460,'哈密尔顿','咸美頓','Hamilton Academical','','images/1460/1grmn0vykj1t.png',0],[1462,'帕尔蒂克','巴特里','Partick Thistle','','images/1462/1hxg39kyqr1p.png',0],[1485,'圣约翰斯通','聖莊士東','Saint Johnstone','','images/165363480511.png',0]];
var TotalBs = [[1,77,38,26,0,12,68.4,0,31.6],[2,1460,38,25,1,12,65.8,2.6,31.6],[3,79,38,20,0,18,52.6,0,47.4],[4,71,38,19,0,19,50,0,50],[5,1366,38,18,0,20,47.4,0,52.6],[6,1485,38,18,0,20,47.4,0,52.6],[7,73,38,17,0,21,44.7,0,55.3],[8,70,38,16,2,20,42.1,5.3,52.6],[9,1462,38,15,1,22,39.5,2.6,57.9],[10,81,38,15,0,23,39.5,0,60.5],[11,75,38,15,0,23,39.5,0,60.5],[12,76,38,14,0,24,36.8,0,63.2]];
var HomeBs = [[1,1460,19,13,1,5,68.4,5.3,26.3],[2,79,19,13,0,6,68.4,0,31.6],[3,1366,19,10,0,9,52.6,0,47.4],[4,77,19,10,0,9,52.6,0,47.4],[5,73,19,9,0,10,47.4,0,52.6],[6,71,19,9,0,10,47.4,0,52.6],[7,81,19,9,0,10,47.4,0,52.6],[8,1485,19,8,0,11,42.1,0,57.9],[9,70,19,8,0,11,42.1,0,57.9],[10,75,20,8,0,12,40,0,60],[11,1462,19,6,1,12,31.6,5.3,63.2],[12,76,18,6,0,12,33.3,0,66.7]];
var GuestBs = [[1,77,19,16,0,3,84.2,0,15.8],[2,1460,19,12,0,7,63.2,0,36.8],[3,71,19,10,0,9,52.6,0,47.4],[4,1485,19,10,0,9,52.6,0,47.4],[5,1462,19,9,0,10,47.4,0,52.6],[6,70,19,8,2,9,42.1,10.5,47.4],[7,1366,19,8,0,11,42.1,0,57.9],[8,73,19,8,0,11,42.1,0,57.9],[9,76,20,8,0,12,40,0,60],[10,75,18,7,0,11,38.9,0,61.1],[11,79,19,7,0,12,36.8,0,63.2],[12,81,19,6,0,13,31.6,0,68.4]];
var TotalBsHalf = [[1,1460,38,15,13,10,39.5,34.2,26.3],[2,81,38,15,11,12,39.5,28.9,31.6],[3,77,38,15,10,13,39.5,26.3,34.2],[4,73,38,15,10,13,39.5,26.3,34.2],[5,1485,38,15,10,13,39.5,26.3,34.2],[6,1462,38,14,12,12,36.8,31.6,31.6],[7,1366,38,13,14,11,34.2,36.8,28.9],[8,79,38,13,12,13,34.2,31.6,34.2],[9,75,38,12,12,14,31.6,31.6,36.8],[10,76,38,12,10,16,31.6,26.3,42.1],[11,70,38,12,2,24,31.6,5.3,63.2],[12,71,38,11,14,13,28.9,36.8,34.2]];
var HomeBsHalf = [[1,1460,19,9,4,6,47.4,21.1,31.6],[2,81,19,8,8,3,42.1,42.1,15.8],[3,1485,19,8,6,5,42.1,31.6,26.3],[4,79,19,8,5,6,42.1,26.3,31.6],[5,1366,19,7,7,5,36.8,36.8,26.3],[6,75,20,7,4,9,35,20,45],[7,73,19,6,8,5,31.6,42.1,26.3],[8,1462,19,6,8,5,31.6,42.1,26.3],[9,71,19,6,7,6,31.6,36.8,31.6],[10,76,18,6,4,8,33.3,22.2,44.4],[11,77,19,5,4,10,26.3,21.1,52.6],[12,70,19,5,0,14,26.3,0,73.7]];
var GuestBsHalf = [[1,77,19,10,6,3,52.6,31.6,15.8],[2,73,19,9,2,8,47.4,10.5,42.1],[3,1462,19,8,4,7,42.1,21.1,36.8],[4,1485,19,7,4,8,36.8,21.1,42.1],[5,81,19,7,3,9,36.8,15.8,47.4],[6,70,19,7,2,10,36.8,10.5,52.6],[7,1460,19,6,9,4,31.6,47.4,21.1],[8,1366,19,6,7,6,31.6,36.8,31.6],[9,76,20,6,6,8,30,30,40],[10,75,18,5,8,5,27.8,44.4,27.8],[11,71,19,5,7,7,26.3,36.8,36.8],[12,79,19,5,7,7,26.3,36.8,36.8]];
var addUp = [218,47.8,4,0.9,234,51.3,[68.4,77],[63.2,76],[68.4,1460,79],[66.7,76],[84.2,77],[68.4,81]];
var addUpHalf = [162,35.5,130,28.5,164,36,[39.5,1460,81,77,73,1485],[63.2,70],[47.4,1460],[73.7,70],[52.6,77],[52.6,70]];
var lastUpdateTime = '2025-01-19 11:33:15';
