var arrLeague = [26,'瑞典超级联赛','瑞典超級聯賽','Swedish Allsvenskan','2018','#004488','league_match/images/20200420031221.jpg','瑞典超','瑞典超','SWE D1'];
var arrTeam = [[400,'索尔纳','AIK蘇納','AIK Solna','','images/400/1h8asp945qp.png',0],[406,'松兹瓦尔','辛斯華爾','GIF Sundsvall','','images/406/1h8fzp9tbvz.png',0],[408,'马尔默','馬模','Malmo FF','','images/408/1hptap45j3v.png',0],[410,'哈马比','哈馬比','Hammarby','','images/410/1h6wfe05rw26.png',0],[412,'特雷勒堡','特利堡','Trelleborgs FF','','images/412/1h4yn3a68e28.png',0],[413,'哥德堡','哥登堡','IFK Goteborg','','images/413/1hg209brnt23.png',0],[417,'埃尔夫斯堡','艾夫斯堡','Elfsborg','','images/417/1h8wtxnzmc2g.png',0],[419,'奥雷布洛','奧雷布洛','Orebro','','images/419/1htbmr8n137.png',0],[421,'尤尔加登','佐加頓斯','Djurgardens','','images/421/1gv1yreqw82.png',0],[426,'卡尔马','卡馬亞','Kalmar','','images/426/1h6wfe05rcg.png',0],[1518,'赫根','赫根','Hacken','','images/1518/1h53w2zt69f.png',0],[1526,'布洛马波卡纳','龐馬普卡納','Brommapojkarna','','images/1526/1h8jkhmh491m.png',0],[2156,'奥斯特桑斯','奧斯達辛斯','Ostersunds FK','','images/2156/1h8fzp9swx2r.png',0],[2165,'北雪平','諾高平','IFK Norrkoping FK','','images/2165/1ht6ehmpr52t.png',0],[2782,'天狼星','天狼星','IK Sirius FK','','images/2782/1h8wtxnzmj9.png',0],[10106,'达尔科德','達庫德','Dalkurd FF','','images/10106/1ht90zq9k51z.png',0]];
var TotalPanLu = [[1,406,30,7,5,18,19,3,8,11,63.3,10,26.7],[2,408,30,26,3,1,17,1,12,5,56.7,3.3,40],[3,2156,30,20,2,8,17,0,13,4,56.7,0,43.3],[4,2165,30,22,2,6,16,3,11,5,53.3,10,36.7],[5,400,30,26,3,1,16,3,11,5,53.3,10,36.7],[6,410,30,21,3,6,16,2,12,4,53.3,6.7,40],[7,426,30,8,2,20,14,3,13,1,46.7,10,43.3],[8,419,30,9,6,15,14,2,14,0,46.7,6.7,46.7],[9,2782,30,5,3,22,14,1,15,-1,46.7,3.3,50],[10,421,30,19,3,8,13,4,13,0,43.3,13.3,43.3],[11,1518,30,20,4,6,13,3,14,-1,43.3,10,46.7],[12,412,30,1,4,25,12,2,16,-4,40,6.7,53.3],[13,417,30,10,4,16,12,1,17,-5,40,3.3,56.7],[14,10106,30,6,3,21,10,3,17,-7,33.3,10,56.7],[15,1526,30,2,1,27,10,2,18,-8,33.3,6.7,60],[16,413,30,11,6,13,10,1,19,-9,33.3,3.3,63.3]];
var HomePanLu = [[1,408,15,15,0,0,10,0,5,5,66.7,0,33.3],[2,406,15,5,3,7,9,1,5,4,60,6.7,33.3],[3,2156,15,12,1,2,9,0,6,3,60,0,40],[4,2165,15,13,1,1,8,2,5,3,53.3,13.3,33.3],[5,410,15,12,3,0,8,1,6,2,53.3,6.7,40],[6,1518,15,12,2,1,7,3,5,2,46.7,20,33.3],[7,400,15,15,0,0,7,2,6,1,46.7,13.3,40],[8,419,15,7,3,5,7,1,7,0,46.7,6.7,46.7],[9,426,15,7,1,7,7,1,7,0,46.7,6.7,46.7],[10,1526,15,2,1,12,6,1,8,-2,40,6.7,53.3],[11,2782,15,5,2,8,6,0,9,-3,40,0,60],[12,421,15,13,0,2,5,2,8,-3,33.3,13.3,53.3],[13,417,15,8,1,6,5,1,9,-4,33.3,6.7,60],[14,412,15,1,4,10,5,0,10,-5,33.3,0,66.7],[15,413,15,8,4,3,5,0,10,-5,33.3,0,66.7],[16,10106,15,6,1,8,4,2,9,-5,26.7,13.3,60]];
var GuestPanLu = [[1,406,15,2,2,11,10,2,3,7,66.7,13.3,20],[2,400,15,11,3,1,9,1,5,4,60,6.7,33.3],[3,421,15,6,3,6,8,2,5,3,53.3,13.3,33.3],[4,410,15,9,0,6,8,1,6,2,53.3,6.7,40],[5,2782,15,0,1,14,8,1,6,2,53.3,6.7,40],[6,2165,15,9,1,5,8,1,6,2,53.3,6.7,40],[7,2156,15,8,1,6,8,0,7,1,53.3,0,46.7],[8,426,15,1,1,13,7,2,6,1,46.7,13.3,40],[9,412,15,0,0,15,7,2,6,1,46.7,13.3,40],[10,419,15,2,3,10,7,1,7,0,46.7,6.7,46.7],[11,408,15,11,3,1,7,1,7,0,46.7,6.7,46.7],[12,417,15,2,3,10,7,0,8,-1,46.7,0,53.3],[13,10106,15,0,2,13,6,1,8,-2,40,6.7,53.3],[14,1518,15,8,2,5,6,0,9,-3,40,0,60],[15,413,15,3,2,10,5,1,9,-4,33.3,6.7,60],[16,1526,15,0,0,15,4,1,10,-6,26.7,6.7,66.7]];
var TotalHalfPanLu = [[1,410,30,17,8,5,16,6,8,8,53.3,20,26.7],[2,406,30,6,8,16,16,2,12,4,53.3,6.7,40],[3,426,30,7,8,15,15,4,11,4,50,13.3,36.7],[4,10106,30,4,6,20,15,2,13,2,50,6.7,43.3],[5,400,30,25,4,1,15,2,13,2,50,6.7,43.3],[6,421,30,17,7,6,15,1,14,1,50,3.3,46.7],[7,2782,30,3,7,20,13,5,12,1,43.3,16.7,40],[8,1518,30,16,10,4,13,5,12,1,43.3,16.7,40],[9,2156,30,18,5,7,13,1,16,-3,43.3,3.3,53.3],[10,417,30,8,12,10,12,6,12,0,40,20,40],[11,412,30,1,5,24,12,4,14,-2,40,13.3,46.7],[12,413,30,6,15,9,12,3,15,-3,40,10,50],[13,1526,30,2,3,25,12,1,17,-5,40,3.3,56.7],[14,419,30,6,13,11,11,6,13,-2,36.7,20,43.3],[15,408,30,24,6,0,11,4,15,-4,36.7,13.3,50],[16,2165,30,17,9,4,10,6,14,-4,33.3,20,46.7]];
var HomeHalfPanLu = [[1,400,15,14,1,0,9,0,6,3,60,0,40],[2,410,15,11,4,0,8,3,4,4,53.3,20,26.7],[3,1518,15,11,4,0,8,1,6,2,53.3,6.7,40],[4,2156,15,12,1,2,7,1,7,0,46.7,6.7,46.7],[5,1526,15,2,3,10,7,1,7,0,46.7,6.7,46.7],[6,10106,15,4,4,7,6,1,8,-2,40,6.7,53.3],[7,406,15,5,3,7,6,1,8,-2,40,6.7,53.3],[8,413,15,5,8,2,6,1,8,-2,40,6.7,53.3],[9,408,15,15,0,0,6,0,9,-3,40,0,60],[10,412,15,1,5,9,5,4,6,-1,33.3,26.7,40],[11,419,15,5,8,2,5,3,7,-2,33.3,20,46.7],[12,2165,15,11,4,0,5,3,7,-2,33.3,20,46.7],[13,417,15,7,5,3,5,3,7,-2,33.3,20,46.7],[14,426,15,6,5,4,5,2,8,-3,33.3,13.3,53.3],[15,421,15,12,2,1,5,1,9,-4,33.3,6.7,60],[16,2782,15,3,6,6,3,4,8,-5,20,26.7,53.3]];
var GuestHalfPanLu = [[1,426,15,1,3,11,10,2,3,7,66.7,13.3,20],[2,2782,15,0,1,14,10,1,4,6,66.7,6.7,26.7],[3,406,15,1,5,9,10,1,4,6,66.7,6.7,26.7],[4,421,15,5,5,5,10,0,5,5,66.7,0,33.3],[5,10106,15,0,2,13,9,1,5,4,60,6.7,33.3],[6,410,15,6,4,5,8,3,4,4,53.3,20,26.7],[7,417,15,1,7,7,7,3,5,2,46.7,20,33.3],[8,412,15,0,0,15,7,0,8,-1,46.7,0,53.3],[9,419,15,1,5,9,6,3,6,0,40,20,40],[10,413,15,1,7,7,6,2,7,-1,40,13.3,46.7],[11,400,15,11,3,1,6,2,7,-1,40,13.3,46.7],[12,2156,15,6,4,5,6,0,9,-3,40,0,60],[13,1518,15,5,6,4,5,4,6,-1,33.3,26.7,40],[14,408,15,9,6,0,5,4,6,-1,33.3,26.7,40],[15,2165,15,6,5,4,5,3,7,-2,33.3,20,46.7],[16,1526,15,0,0,15,5,0,10,-5,33.3,0,66.7]];
var addUp = [108,45,17,7.1,115,47.9,[63.3,406],[63.3,413],[66.7,408],[66.7,412,413],[66.7,406],[66.7,1526],[13.3,421],[0,2156]];
var addUpHalf = [96,40,29,12.1,115,47.9,[53.3,410,406],[56.7,1526],[60,400],[60,408,421],[66.7,426,2782,406,421],[66.7,1526],[20,410,417,419,2165],[3.3,421,2156,1526]];
var lastUpdateTime = '2025-01-19 11:13:47';
