var arrLeague = [26,'瑞典超级联赛','瑞典超級聯賽','Swedish Allsvenskan','2018','#004488','league_match/images/20200420031221.jpg','瑞典超','瑞典超','SWE D1'];
var arrTeam = [[400,'索尔纳','AIK蘇納','AIK Solna','','images/400/1h8asp945qp.png',0],[406,'松兹瓦尔','辛斯華爾','GIF Sundsvall','','images/406/1h8fzp9tbvz.png',0],[408,'马尔默','馬模','Malmo FF','','images/408/1hptap45j3v.png',0],[410,'哈马比','哈馬比','Hammarby','','images/410/1h6wfe05rw26.png',0],[412,'特雷勒堡','特利堡','Trelleborgs FF','','images/412/1h4yn3a68e28.png',0],[413,'哥德堡','哥登堡','IFK Goteborg','','images/413/1hg209brnt23.png',0],[417,'埃尔夫斯堡','艾夫斯堡','Elfsborg','','images/417/1h8wtxnzmc2g.png',0],[419,'奥雷布洛','奧雷布洛','Orebro','','images/419/1htbmr8n137.png',0],[421,'尤尔加登','佐加頓斯','Djurgardens','','images/421/1gv1yreqw82.png',0],[426,'卡尔马','卡馬亞','Kalmar','','images/426/1h6wfe05rcg.png',0],[1518,'赫根','赫根','Hacken','','images/1518/1h53w2zt69f.png',0],[1526,'布洛马波卡纳','龐馬普卡納','Brommapojkarna','','images/1526/1h8jkhmh491m.png',0],[2156,'奥斯特桑斯','奧斯達辛斯','Ostersunds FK','','images/2156/1h8fzp9swx2r.png',0],[2165,'北雪平','諾高平','IFK Norrkoping FK','','images/2165/1ht6ehmpr52t.png',0],[2782,'天狼星','天狼星','IK Sirius FK','','images/2782/1h8wtxnzmj9.png',0],[10106,'达尔科德','達庫德','Dalkurd FF','','images/10106/1ht90zq9k51z.png',0]];
var TotalBs = [[1,410,30,19,0,11,63.3,0,36.7],[2,413,30,18,2,10,60,6.7,33.3],[3,1526,30,17,2,11,56.7,6.7,36.7],[4,10106,30,17,1,12,56.7,3.3,40],[5,408,30,16,2,12,53.3,6.7,40],[6,1518,30,16,1,13,53.3,3.3,43.3],[7,2782,30,16,0,14,53.3,0,46.7],[8,412,30,15,4,11,50,13.3,36.7],[9,2156,30,15,1,14,50,3.3,46.7],[10,406,30,14,1,15,46.7,3.3,50],[11,419,30,13,1,16,43.3,3.3,53.3],[12,417,30,12,1,17,40,3.3,56.7],[13,2165,30,12,1,17,40,3.3,56.7],[14,421,30,10,1,19,33.3,3.3,63.3],[15,426,30,9,2,19,30,6.7,63.3],[16,400,30,7,0,23,23.3,0,76.7]];
var HomeBs = [[1,10106,15,11,0,4,73.3,0,26.7],[2,413,15,9,2,4,60,13.3,26.7],[3,412,15,9,1,5,60,6.7,33.3],[4,419,15,9,1,5,60,6.7,33.3],[5,410,15,9,0,6,60,0,40],[6,2782,15,9,0,6,60,0,40],[7,2156,15,8,1,6,53.3,6.7,40],[8,2165,15,8,1,6,53.3,6.7,40],[9,1518,15,7,1,7,46.7,6.7,46.7],[10,408,15,7,0,8,46.7,0,53.3],[11,1526,15,6,1,8,40,6.7,53.3],[12,406,15,6,0,9,40,0,60],[13,417,15,4,1,10,26.7,6.7,66.7],[14,426,15,4,1,10,26.7,6.7,66.7],[15,421,15,4,0,11,26.7,0,73.3],[16,400,15,3,0,12,20,0,80]];
var GuestBs = [[1,1526,15,11,1,3,73.3,6.7,20],[2,410,15,10,0,5,66.7,0,33.3],[3,408,15,9,2,4,60,13.3,26.7],[4,1518,15,9,0,6,60,0,40],[5,413,15,9,0,6,60,0,40],[6,406,15,8,1,6,53.3,6.7,40],[7,417,15,8,0,7,53.3,0,46.7],[8,2156,15,7,0,8,46.7,0,53.3],[9,2782,15,7,0,8,46.7,0,53.3],[10,412,15,6,3,6,40,20,40],[11,421,15,6,1,8,40,6.7,53.3],[12,10106,15,6,1,8,40,6.7,53.3],[13,426,15,5,1,9,33.3,6.7,60],[14,400,15,4,0,11,26.7,0,73.3],[15,2165,15,4,0,11,26.7,0,73.3],[16,419,15,4,0,11,26.7,0,73.3]];
var TotalBsHalf = [[1,412,30,18,1,11,60,3.3,36.7],[2,1518,30,13,8,9,43.3,26.7,30],[3,2156,30,12,9,9,40,30,30],[4,10106,30,12,7,11,40,23.3,36.7],[5,2165,30,11,3,16,36.7,10,53.3],[6,2782,30,10,5,15,33.3,16.7,50],[7,410,30,10,4,16,33.3,13.3,53.3],[8,413,30,9,10,11,30,33.3,36.7],[9,1526,30,9,6,15,30,20,50],[10,417,30,9,3,18,30,10,60],[11,408,30,9,3,18,30,10,60],[12,426,30,8,9,13,26.7,30,43.3],[13,406,30,8,8,14,26.7,26.7,46.7],[14,421,30,7,11,12,23.3,36.7,40],[15,400,30,7,10,13,23.3,33.3,43.3],[16,419,30,4,5,21,13.3,16.7,70]];
var HomeBsHalf = [[1,412,15,10,0,5,66.7,0,33.3],[2,10106,15,9,4,2,60,26.7,13.3],[3,1518,15,8,3,4,53.3,20,26.7],[4,2156,15,7,3,5,46.7,20,33.3],[5,2782,15,6,2,7,40,13.3,46.7],[6,413,15,5,5,5,33.3,33.3,33.3],[7,2165,15,5,2,8,33.3,13.3,53.3],[8,417,15,5,0,10,33.3,0,66.7],[9,408,15,4,2,9,26.7,13.3,60],[10,410,15,4,2,9,26.7,13.3,60],[11,400,15,3,6,6,20,40,40],[12,1526,15,3,5,7,20,33.3,46.7],[13,406,15,3,4,8,20,26.7,53.3],[14,426,15,2,6,7,13.3,40,46.7],[15,421,15,2,4,9,13.3,26.7,60],[16,419,15,2,3,10,13.3,20,66.7]];
var GuestBsHalf = [[1,412,15,8,1,6,53.3,6.7,40],[2,426,15,6,3,6,40,20,40],[3,410,15,6,2,7,40,13.3,46.7],[4,2165,15,6,1,8,40,6.7,53.3],[5,1526,15,6,1,8,40,6.7,53.3],[6,421,15,5,7,3,33.3,46.7,20],[7,2156,15,5,6,4,33.3,40,26.7],[8,1518,15,5,5,5,33.3,33.3,33.3],[9,406,15,5,4,6,33.3,26.7,40],[10,408,15,5,1,9,33.3,6.7,60],[11,413,15,4,5,6,26.7,33.3,40],[12,400,15,4,4,7,26.7,26.7,46.7],[13,2782,15,4,3,8,26.7,20,53.3],[14,417,15,4,3,8,26.7,20,53.3],[15,10106,15,3,3,9,20,20,60],[16,419,15,2,2,11,13.3,13.3,73.3]];
var addUp = [226,47.1,20,4.2,234,48.8,[63.3,410],[76.7,400],[73.3,10106],[80,400],[73.3,1526],[73.3,400,2165,419]];
var addUpHalf = [156,32.5,102,21.2,222,46.2,[60,412],[70,419],[66.7,412],[66.7,417,419],[53.3,412],[73.3,419]];
var lastUpdateTime = '2025-01-19 11:13:56';
