var arrLeague = [21,'美国职业大联盟联赛','美國職業大聯盟聯賽','USA Major League Soccer','2015','#660033','league_match/images/20200709144320.png','美职业','美職業','MLS'];
var arrTeam = [[310,'纽约红牛','紐約紅牛','New York Red Bulls','','images/310/1j3s20wrkq7.png',1],[311,'洛杉矶银河','洛杉磯銀河','Los Angeles Galaxy','','images/311/1gshts0qkp29.png',2],[314,'华盛顿联','華盛頓聯隊','DC United','','images/314/1j3p97keem1v.png',1],[316,'新英格兰革命','新英倫革命','New England Revolution','','images/316/1gt31ntq8c11.png',1],[318,'堪萨斯城竞技','肯薩斯體育會','Sporting Kansas City','','images/318/1h8qp9bzst19.png',2],[319,'芝加哥火焰','芝加哥火燄','Chicago Fire','','images/319/1j3vezpgz82.png',1],[321,'达拉斯FC','FC達拉斯','FC Dallas','','images/1kb4sqqahq0.png',2],[323,'科罗拉多急流','科羅拉多急流','Colorado Rapids','','images/1kb4tgrcfq1w.png',2],[326,'圣何塞地震','聖荷西地震','San Jose Earthquakes','','images/326/1gytydqn1g2z.png',2],[327,'哥伦布机员','哥倫布機員','Columbus Crew','','images/327/1hr8pf0r2p2h.png',1],[2071,'皇家盐湖城','皇家鹽湖城','Real Salt Lake','','images/2071/1gt31ntq8j2r.png',2],[4073,'休斯敦迪纳摩','侯斯頓戴拿模','Houston Dynamo','','images/4073/1h8fzsff9s2w.png',2],[5345,'多伦多FC','多倫多FC','Toronto FC','','images/5345/1gshts0qkc2m.png',1],[5526,'西雅图海湾人','西雅圖海灣者','Seattle Sounders','','images/5526/1hxb3nrv3ya.png',2],[5530,'CF蒙特利尔','CF蒙特利爾','CF Montreal','','images/5530/1hxkcfqmkck.png',1],[5533,'温哥华白浪','溫哥華白帽','Vancouver Whitecaps','','images/5533/1gtzd9vt3r22.png',2],[5555,'波特兰伐木者','波特蘭伐木者','Portland Timbers','','images/5555/1j3vezbrp12x.png',2],[13541,'费城联合','費城聯','Philadelphia Union','','images/13541/1gxsf4vmaw1p.png',1],[16669,'奥兰多城','奧蘭多城','Orlando City','','images/16669/1hrgc58cm025.png',1],[23297,'纽约城','紐約城','New York City FC','','images/23297/1j3vezpgze22.png',1]];
var TotalBs = [[1,327,39,28,1,10,71.8,2.6,25.6],[2,5345,35,25,1,9,71.4,2.9,25.7],[3,5530,37,24,1,12,64.9,2.7,32.4],[4,321,38,23,0,15,60.5,0,39.5],[5,316,35,21,1,13,60,2.9,37.1],[6,23297,34,21,0,13,61.8,0,38.2],[7,13541,34,20,0,14,58.8,0,41.2],[8,311,35,20,0,15,57.1,0,42.9],[9,319,34,18,1,15,52.9,2.9,44.1],[10,310,38,18,4,16,47.4,10.5,42.1],[11,5526,37,18,0,19,48.6,0,51.4],[12,5555,40,18,0,22,45,0,55],[13,318,35,17,0,18,48.6,0,51.4],[14,5533,36,17,0,19,47.2,0,52.8],[15,314,37,17,0,20,45.9,0,54.1],[16,16669,34,16,1,17,47.1,2.9,50],[17,2071,34,16,0,18,47.1,0,52.9],[18,4073,34,14,0,20,41.2,0,58.8],[19,323,34,13,0,21,38.2,0,61.8],[20,326,34,12,0,22,35.3,0,64.7]];
var HomeBs = [[1,327,20,17,0,3,85,0,15],[2,5530,19,13,0,6,68.4,0,31.6],[3,321,19,13,0,6,68.4,0,31.6],[4,5345,17,12,1,4,70.6,5.9,23.5],[5,314,19,12,0,7,63.2,0,36.8],[6,23297,17,11,0,6,64.7,0,35.3],[7,5533,18,11,0,7,61.1,0,38.9],[8,5526,19,11,0,8,57.9,0,42.1],[9,13541,17,9,0,8,52.9,0,47.1],[10,323,17,9,0,8,52.9,0,47.1],[11,311,17,9,0,8,52.9,0,47.1],[12,4073,17,9,0,8,52.9,0,47.1],[13,310,19,9,1,9,47.4,5.3,47.4],[14,318,17,8,0,9,47.1,0,52.9],[15,319,17,7,1,9,41.2,5.9,52.9],[16,316,17,7,1,9,41.2,5.9,52.9],[17,16669,17,6,1,10,35.3,5.9,58.8],[18,2071,17,6,0,11,35.3,0,64.7],[19,5555,20,6,0,14,30,0,70],[20,326,17,3,0,14,17.6,0,82.4]];
var GuestBs = [[1,316,18,14,0,4,77.8,0,22.2],[2,5345,18,13,0,5,72.2,0,27.8],[3,5555,20,12,0,8,60,0,40],[4,319,17,11,0,6,64.7,0,35.3],[5,5530,18,11,1,6,61.1,5.6,33.3],[6,13541,17,11,0,6,64.7,0,35.3],[7,311,18,11,0,7,61.1,0,38.9],[8,327,19,11,1,7,57.9,5.3,36.8],[9,2071,17,10,0,7,58.8,0,41.2],[10,16669,17,10,0,7,58.8,0,41.2],[11,23297,17,10,0,7,58.8,0,41.2],[12,321,19,10,0,9,52.6,0,47.4],[13,310,19,9,3,7,47.4,15.8,36.8],[14,326,17,9,0,8,52.9,0,47.1],[15,318,18,9,0,9,50,0,50],[16,5526,18,7,0,11,38.9,0,61.1],[17,5533,18,6,0,12,33.3,0,66.7],[18,4073,17,5,0,12,29.4,0,70.6],[19,314,18,5,0,13,27.8,0,72.2],[20,323,17,4,0,13,23.5,0,76.5]];
var TotalBsHalf = [[1,327,39,21,7,11,53.8,17.9,28.2],[2,5345,33,16,7,10,48.5,21.2,30.3],[3,2071,33,15,7,11,45.5,21.2,33.3],[4,319,34,15,8,11,44.1,23.5,32.4],[5,311,33,14,10,9,42.4,30.3,27.3],[6,310,38,14,12,12,36.8,31.6,31.6],[7,5530,36,14,10,12,38.9,27.8,33.3],[8,316,33,13,11,9,39.4,33.3,27.3],[9,318,34,13,7,14,38.2,20.6,41.2],[10,314,36,12,13,11,33.3,36.1,30.6],[11,16669,33,12,9,12,36.4,27.3,36.4],[12,5533,36,12,11,13,33.3,30.6,36.1],[13,5526,36,12,11,13,33.3,30.6,36.1],[14,326,33,12,6,15,36.4,18.2,45.5],[15,13541,34,12,7,15,35.3,20.6,44.1],[16,4073,33,11,12,10,33.3,36.4,30.3],[17,323,33,11,9,13,33.3,27.3,39.4],[18,321,38,11,11,16,28.9,28.9,42.1],[19,5555,38,11,10,17,28.9,26.3,44.7],[20,23297,34,9,12,13,26.5,35.3,38.2]];
var HomeBsHalf = [[1,327,20,11,3,6,55,15,30],[2,311,17,9,4,4,52.9,23.5,23.5],[3,310,19,9,5,5,47.4,26.3,26.3],[4,314,19,8,7,4,42.1,36.8,21.1],[5,5533,18,8,4,6,44.4,22.2,33.3],[6,2071,17,8,3,6,47.1,17.6,35.3],[7,5345,17,8,3,6,47.1,17.6,35.3],[8,321,19,8,3,8,42.1,15.8,42.1],[9,23297,17,7,6,4,41.2,35.3,23.5],[10,319,17,7,5,5,41.2,29.4,29.4],[11,323,17,7,5,5,41.2,29.4,29.4],[12,5530,19,7,6,6,36.8,31.6,31.6],[13,316,17,6,5,6,35.3,29.4,35.3],[14,318,17,6,4,7,35.3,23.5,41.2],[15,5555,20,6,5,9,30,25,45],[16,5526,19,5,8,6,26.3,42.1,31.6],[17,16669,17,5,5,7,29.4,29.4,41.2],[18,4073,17,4,5,8,23.5,29.4,47.1],[19,13541,17,3,5,9,17.6,29.4,52.9],[20,326,17,3,4,10,17.6,23.5,58.8]];
var GuestBsHalf = [[1,327,19,10,4,5,52.6,21.1,26.3],[2,326,16,9,2,5,56.2,12.5,31.2],[3,13541,17,9,2,6,52.9,11.8,35.3],[4,5345,16,8,4,4,50,25,25],[5,319,17,8,3,6,47.1,17.6,35.3],[6,4073,16,7,7,2,43.8,43.8,12.5],[7,316,16,7,6,3,43.8,37.5,18.8],[8,2071,16,7,4,5,43.8,25,31.2],[9,16669,16,7,4,5,43.8,25,31.2],[10,5530,17,7,4,6,41.2,23.5,35.3],[11,318,17,7,3,7,41.2,17.6,41.2],[12,5526,17,7,3,7,41.2,17.6,41.2],[13,311,16,5,6,5,31.2,37.5,31.2],[14,310,19,5,7,7,26.3,36.8,36.8],[15,5555,18,5,5,8,27.8,27.8,44.4],[16,314,17,4,6,7,23.5,35.3,41.2],[17,5533,18,4,7,7,22.2,38.9,38.9],[18,323,15,4,4,7,26.7,26.7,46.7],[19,321,19,3,8,8,15.8,42.1,42.1],[20,23297,17,2,6,9,11.8,35.3,52.9],[21,323,1,0,0,1,0,0,100]];
var addUp = [376,52.7,10,1.4,328,45.9,[71.8,327],[64.7,326],[85,327],[82.4,326],[77.8,316],[76.5,323]];
var addUpHalf = [260,37.3,190,27.3,247,35.4,[53.8,327],[45.5,326],[55,327],[58.8,326],[56.2,326],[100,323]];
var lastUpdateTime = '2026-04-08 08:56:01';
