var arrLeague = [8,'德国甲组联赛','德國甲組聯賽','German Bundesliga','2016-2017','#990099','league_match/images/166674997937.png','德甲','德甲','GER D1'];
var arrTeam = [[88,'拜仁慕尼黑','拜仁慕尼黑','Bayern Munchen','','images/1jarzw1r4wn.png',0],[99,'多特蒙德','多蒙特','Borussia Dortmund','','images/164870996363.png',0],[128,'门兴格拉德巴赫','慕遜加柏','Borussia Monchengladbach','','images/16487114506.png',0],[132,'云达不莱梅','雲達不萊梅','Werder Bremen','','images/2013119144220.jpg',0],[139,'柏林赫塔','哈化柏林','Hertha Berlin','','images/16487114635.png',0],[149,'沃尔夫斯堡','沃爾夫斯堡','VfL Wolfsburg','','images/164871147946.png',0],[151,'沙尔克04','史浩克零四','Schalke 04','','images/2013119145317.jpg',0],[160,'汉堡','漢堡','Hamburger SV','','images/2013119151640.jpg',0],[162,'美因茨','緬恩斯','FSV Mainz 05','','images/164871151364.png',0],[165,'勒沃库森','利華古遜','Bayer Leverkusen','','images/164871152472.png',0],[172,'弗赖堡','費雷堡','SC Freiburg','','images/164871154089.png',0],[423,'法兰克福','法蘭克福','Eintracht Frankfurt','','images/164871155563.png',0],[490,'科隆','科隆','FC Koln','','images/164871158236.png',0],[1078,'霍芬海姆','賀芬咸','TSG Hoffenheim','','images/164871159920.png',0],[1080,'达姆施塔特','達斯泰特','Darmstadt','','images/2013120114115.jpg',0],[1135,'奥格斯堡','奧格斯堡','Augsburg','','images/164871162622.png',0],[2786,'因戈尔施塔特','恩高斯達特','Ingolstadt','','images/2013120104003.jpg',0],[13201,'RB莱比锡','RB萊比錫','RB Leipzig','','images/164871164178.png',0]];
var TotalBs = [[1,132,34,21,3,10,61.8,8.8,29.4],[2,13201,34,21,0,13,61.8,0,38.2],[3,172,34,20,2,12,58.8,5.9,35.3],[4,160,34,20,0,14,58.8,0,41.2],[5,162,34,19,1,14,55.9,2.9,41.2],[6,165,34,18,3,13,52.9,8.8,38.2],[7,490,34,18,0,16,52.9,0,47.1],[8,128,34,18,0,16,52.9,0,47.1],[9,1135,34,16,0,18,47.1,0,52.9],[10,149,34,15,2,17,44.1,5.9,50],[11,1080,34,15,1,18,44.1,2.9,52.9],[12,2786,34,15,0,19,44.1,0,55.9],[13,99,34,14,4,16,41.2,11.8,47.1],[14,1078,34,14,3,17,41.2,8.8,50],[15,423,34,14,1,19,41.2,2.9,55.9],[16,88,34,14,1,19,41.2,2.9,55.9],[17,151,34,13,1,20,38.2,2.9,58.8],[18,139,34,13,0,21,38.2,0,61.8]];
var HomeBs = [[1,160,17,11,0,6,64.7,0,35.3],[2,13201,17,11,0,6,64.7,0,35.3],[3,165,17,10,1,6,58.8,5.9,35.3],[4,162,17,9,0,8,52.9,0,47.1],[5,128,17,9,0,8,52.9,0,47.1],[6,132,17,8,3,6,47.1,17.6,35.3],[7,172,17,8,1,8,47.1,5.9,47.1],[8,88,17,8,1,8,47.1,5.9,47.1],[9,423,17,8,1,8,47.1,5.9,47.1],[10,139,17,8,0,9,47.1,0,52.9],[11,2786,17,8,0,9,47.1,0,52.9],[12,1135,17,8,0,9,47.1,0,52.9],[13,149,17,8,0,9,47.1,0,52.9],[14,1078,17,7,2,8,41.2,11.8,47.1],[15,1080,17,7,1,9,41.2,5.9,52.9],[16,99,17,7,1,9,41.2,5.9,52.9],[17,490,17,7,0,10,41.2,0,58.8],[18,151,17,7,0,10,41.2,0,58.8]];
var GuestBs = [[1,132,17,13,0,4,76.5,0,23.5],[2,172,17,12,1,4,70.6,5.9,23.5],[3,490,17,11,0,6,64.7,0,35.3],[4,162,17,10,1,6,58.8,5.9,35.3],[5,13201,17,10,0,7,58.8,0,41.2],[6,128,17,9,0,8,52.9,0,47.1],[7,160,17,9,0,8,52.9,0,47.1],[8,165,17,8,2,7,47.1,11.8,41.2],[9,1135,17,8,0,9,47.1,0,52.9],[10,1080,17,8,0,9,47.1,0,52.9],[11,99,17,7,3,7,41.2,17.6,41.2],[12,149,17,7,2,8,41.2,11.8,47.1],[13,1078,17,7,1,9,41.2,5.9,52.9],[14,2786,17,7,0,10,41.2,0,58.8],[15,151,17,6,1,10,35.3,5.9,58.8],[16,423,17,6,0,11,35.3,0,64.7],[17,88,17,6,0,11,35.3,0,64.7],[18,139,17,5,0,12,29.4,0,70.6]];
var TotalBsHalf = [[1,88,34,20,2,12,58.8,5.9,35.3],[2,132,33,18,5,10,54.5,15.2,30.3],[3,490,34,18,5,11,52.9,14.7,32.4],[4,2786,34,18,5,11,52.9,14.7,32.4],[5,1135,33,16,3,14,48.5,9.1,42.4],[6,172,33,15,5,13,45.5,15.2,39.4],[7,160,34,15,4,15,44.1,11.8,44.1],[8,139,34,14,10,10,41.2,29.4,29.4],[9,13201,33,14,6,13,42.4,18.2,39.4],[10,1078,34,13,3,18,38.2,8.8,52.9],[11,151,33,12,9,12,36.4,27.3,36.4],[12,162,33,12,9,12,36.4,27.3,36.4],[13,99,34,12,3,19,35.3,8.8,55.9],[14,423,34,11,10,13,32.4,29.4,38.2],[15,165,33,11,5,17,33.3,15.2,51.5],[16,128,34,11,6,17,32.4,17.6,50],[17,149,33,8,11,14,24.2,33.3,42.4],[18,1080,33,8,7,18,24.2,21.2,54.5]];
var HomeBsHalf = [[1,88,17,13,0,4,76.5,0,23.5],[2,2786,17,10,3,4,58.8,17.6,23.5],[3,1135,17,10,2,5,58.8,11.8,29.4],[4,13201,17,9,2,6,52.9,11.8,35.3],[5,490,17,9,2,6,52.9,11.8,35.3],[6,160,17,8,1,8,47.1,5.9,47.1],[7,162,17,7,5,5,41.2,29.4,29.4],[8,132,17,7,3,7,41.2,17.6,41.2],[9,172,17,6,5,6,35.3,29.4,35.3],[10,139,17,6,5,6,35.3,29.4,35.3],[11,423,17,6,3,8,35.3,17.6,47.1],[12,1078,17,6,1,10,35.3,5.9,58.8],[13,151,17,5,6,6,29.4,35.3,35.3],[14,1080,17,5,5,7,29.4,29.4,41.2],[15,149,17,5,5,7,29.4,29.4,41.2],[16,165,17,5,1,11,29.4,5.9,64.7],[17,128,17,4,4,9,23.5,23.5,52.9],[18,99,17,4,1,12,23.5,5.9,70.6]];
var GuestBsHalf = [[1,132,16,11,2,3,68.8,12.5,18.8],[2,490,17,9,3,5,52.9,17.6,29.4],[3,172,16,9,0,7,56.2,0,43.8],[4,139,17,8,5,4,47.1,29.4,23.5],[5,99,17,8,2,7,47.1,11.8,41.2],[6,2786,17,8,2,7,47.1,11.8,41.2],[7,151,16,7,3,6,43.8,18.8,37.5],[8,160,17,7,3,7,41.2,17.6,41.2],[9,88,17,7,2,8,41.2,11.8,47.1],[10,1078,17,7,2,8,41.2,11.8,47.1],[11,128,17,7,2,8,41.2,11.8,47.1],[12,165,16,6,4,6,37.5,25,37.5],[13,1135,16,6,1,9,37.5,6.2,56.2],[14,423,17,5,7,5,29.4,41.2,29.4],[15,13201,16,5,4,7,31.2,25,43.8],[16,162,16,5,4,7,31.2,25,43.8],[17,149,16,3,6,7,18.8,37.5,43.8],[18,1080,16,3,2,11,18.8,12.5,68.8]];
var addUp = [298,48.7,22,3.6,292,47.7,[61.8,132,13201],[61.8,139],[64.7,160,13201],[58.8,490,151],[76.5,132],[70.6,139]];
var addUpHalf = [246,40.8,108,17.9,249,41.3,[58.8,88],[55.9,99],[76.5,88],[70.6,99],[68.8,132],[68.8,1080]];
var lastUpdateTime = '2025-01-19 14:53:14';
