var arrLeague = [17,'荷兰乙组联赛','荷蘭乙組聯賽','Holland Eerste Divisie','2023-2024','#FFC4E1','league_match/images/20200419030037.jpg','荷乙','荷乙','HOL D2'];
var arrTeam = [[225,'威廉二世','威廉二世','Willem II','','images/225/1gq6hnbe3q23.png',0],[232,'布雷达','比達','NAC Breda','','images/232/1grmmyzcmyj.png',0],[233,'罗达JC','洛達','Roda JC','','images/233/1heh20g0cp16.png',0],[236,'格罗宁根','高寧根','Groningen','','images/16509569590.png',0],[243,'格拉夫夏普','迪加史卓普','De Graafschap','','images/243/1gtg0nv5p6e.png',0],[256,'海牙','海牙','ADO Den Haag','','images/256/1gtg0nv6662e.png',0],[258,'邓伯什','丹博斯治','Den Bosch','','images/258/1jh72ghqsq2.png',0],[270,'SBV精英','SBV精英隊','Excelsior SBV','','images/270/1h5bja71et21.png',0],[275,'赫尔蒙德','靴蒙特','Helmond Sport','','images/275/1ht3wd9jt01z.png',0],[277,'芬洛','芬洛','VVV Venlo','','images/277/1h1n1jqk031t.png',0],[279,'特尔斯达','泰斯達','SC Telstar','','images/279/1h51a204km32.png',0],[281,'奥斯','奧斯','FC Oss','','images/281/1gpyr7b7ta3.png',0],[287,'多德勒支','多德勒支','Dordrecht','','images/287/1hy78m77g92v.png',0],[288,'坎布尔','甘堡爾','SC Cambuur','','images/165095700772.png',0],[290,'马斯特里赫特','馬斯特里赫特','MVV Maastricht','','images/290/1heh20g0cy1q.png',0],[1092,'FC埃因霍温','FC燕豪芬','FC Eindhoven','','images/1092/1heh20g0c013.png',0],[1093,'安曼','安曼','Emmen','','images/1093/1h5bjb8w50b.png',0],[7214,'阿贾克斯青年队','阿積士青年隊','Jong Ajax (Youth)','','images/7214/1j523s24jh1f.png',0],[7219,'乌德勒支青年队','烏德勒支青年隊','FC Utrecht (Youth)','','images/7219/1gpyr7b7tc21.png',0],[7416,'阿尔克马尔青年队','艾克馬亞青年隊','AZ Alkmaar (Youth)','','images/7416/1h53w1vand1k.png',0],[7580,'埃因霍温青年队','PSV燕豪芬青年隊','Jong PSV Eindhoven (Youth)','','images/7580/1gpyr7b7tc2n.png',0]];
var TotalBs = [[1,7580,38,24,3,11,63.2,7.9,28.9],[2,256,42,24,6,12,57.1,14.3,28.6],[3,232,44,24,3,17,54.5,6.8,38.6],[4,7416,38,20,6,12,52.6,15.8,31.6],[5,287,40,20,2,18,50,5,45],[6,1093,42,20,4,18,47.6,9.5,42.9],[7,233,40,18,1,21,45,2.5,52.5],[8,288,38,17,6,15,44.7,15.8,39.5],[9,290,38,17,5,16,44.7,13.2,42.1],[10,277,38,17,5,16,44.7,13.2,42.1],[11,258,38,17,4,17,44.7,10.5,44.7],[12,279,38,17,3,18,44.7,7.9,47.4],[13,243,40,17,4,19,42.5,10,47.5],[14,1092,38,17,1,20,44.7,2.6,52.6],[15,275,38,16,5,17,42.1,13.2,44.7],[16,225,38,16,2,20,42.1,5.3,52.6],[17,7219,38,16,1,21,42.1,2.6,55.3],[18,7214,38,15,4,19,39.5,10.5,50],[19,236,38,15,3,20,39.5,7.9,52.6],[20,281,38,12,5,21,31.6,13.2,55.3],[21,270,4,3,1,0,75,25,0]];
var HomeBs = [[1,277,19,12,0,7,63.2,0,36.8],[2,7416,19,11,2,6,57.9,10.5,31.6],[3,225,19,11,2,6,57.9,10.5,31.6],[4,256,21,11,4,6,52.4,19,28.6],[5,258,19,11,2,6,57.9,10.5,31.6],[6,233,20,11,1,8,55,5,40],[7,232,22,11,2,9,50,9.1,40.9],[8,7580,19,10,2,7,52.6,10.5,36.8],[9,288,19,10,1,8,52.6,5.3,42.1],[10,275,19,9,2,8,47.4,10.5,42.1],[11,279,19,9,2,8,47.4,10.5,42.1],[12,287,20,9,1,10,45,5,50],[13,243,20,8,3,9,40,15,45],[14,1093,21,8,3,10,38.1,14.3,47.6],[15,236,19,7,3,9,36.8,15.8,47.4],[16,281,19,7,2,10,36.8,10.5,52.6],[17,290,19,7,2,10,36.8,10.5,52.6],[18,1092,19,7,1,11,36.8,5.3,57.9],[19,7214,19,5,2,12,26.3,10.5,63.2],[20,7219,19,5,0,14,26.3,0,73.7],[21,270,2,2,0,0,100,0,0]];
var GuestBs = [[1,7580,19,14,1,4,73.7,5.3,21.1],[2,256,21,13,2,6,61.9,9.5,28.6],[3,232,22,13,1,8,59.1,4.5,36.4],[4,1093,21,12,1,8,57.1,4.8,38.1],[5,7219,19,11,1,7,57.9,5.3,36.8],[6,287,20,11,1,8,55,5,40],[7,290,19,10,3,6,52.6,15.8,31.6],[8,7214,19,10,2,7,52.6,10.5,36.8],[9,1092,19,10,0,9,52.6,0,47.4],[10,7416,19,9,4,6,47.4,21.1,31.6],[11,243,20,9,1,10,45,5,50],[12,279,19,8,1,10,42.1,5.3,52.6],[13,236,19,8,0,11,42.1,0,57.9],[14,288,19,7,5,7,36.8,26.3,36.8],[15,275,19,7,3,9,36.8,15.8,47.4],[16,233,20,7,0,13,35,0,65],[17,258,19,6,2,11,31.6,10.5,57.9],[18,277,19,5,5,9,26.3,26.3,47.4],[19,281,19,5,3,11,26.3,15.8,57.9],[20,225,19,5,0,14,26.3,0,73.7],[21,270,2,1,1,0,50,50,0]];
var TotalBsHalf = [[1,256,42,24,3,15,57.1,7.1,35.7],[2,288,38,23,0,15,60.5,0,39.5],[3,7214,38,21,1,16,55.3,2.6,42.1],[4,1093,42,21,2,19,50,4.8,45.2],[5,232,44,20,1,23,45.5,2.3,52.3],[6,243,40,18,1,21,45,2.5,52.5],[7,279,38,17,3,18,44.7,7.9,47.4],[8,7580,38,17,0,21,44.7,0,55.3],[9,287,40,17,0,23,42.5,0,57.5],[10,225,38,16,4,18,42.1,10.5,47.4],[11,7416,38,16,2,20,42.1,5.3,52.6],[12,233,40,16,2,22,40,5,55],[13,290,38,16,0,22,42.1,0,57.9],[14,1092,38,14,4,20,36.8,10.5,52.6],[15,275,38,14,2,22,36.8,5.3,57.9],[16,236,38,12,2,24,31.6,5.3,63.2],[17,7219,38,12,2,24,31.6,5.3,63.2],[18,277,38,12,0,26,31.6,0,68.4],[19,281,38,8,1,29,21.1,2.6,76.3],[20,258,38,8,0,30,21.1,0,78.9],[21,270,4,4,0,0,100,0,0]];
var HomeBsHalf = [[1,288,19,13,0,6,68.4,0,31.6],[2,256,21,11,2,8,52.4,9.5,38.1],[3,225,19,11,0,8,57.9,0,42.1],[4,290,19,10,0,9,52.6,0,47.4],[5,1093,21,10,1,10,47.6,4.8,47.6],[6,232,22,10,0,12,45.5,0,54.5],[7,7214,19,9,1,9,47.4,5.3,47.4],[8,279,19,9,1,9,47.4,5.3,47.4],[9,236,19,8,1,10,42.1,5.3,52.6],[10,275,19,8,1,10,42.1,5.3,52.6],[11,233,20,8,1,11,40,5,55],[12,1092,19,7,2,10,36.8,10.5,52.6],[13,281,19,7,1,11,36.8,5.3,57.9],[14,7416,19,7,1,11,36.8,5.3,57.9],[15,277,19,7,0,12,36.8,0,63.2],[16,243,20,7,1,12,35,5,60],[17,287,20,7,0,13,35,0,65],[18,258,19,5,0,14,26.3,0,73.7],[19,7580,19,4,0,15,21.1,0,78.9],[20,7219,19,3,2,14,15.8,10.5,73.7],[21,270,2,2,0,0,100,0,0]];
var GuestBsHalf = [[1,7580,19,13,0,6,68.4,0,31.6],[2,256,21,13,1,7,61.9,4.8,33.3],[3,7214,19,12,0,7,63.2,0,36.8],[4,1093,21,11,1,9,52.4,4.8,42.9],[5,243,20,11,0,9,55,0,45],[6,288,19,10,0,9,52.6,0,47.4],[7,287,20,10,0,10,50,0,50],[8,232,22,10,1,11,45.5,4.5,50],[9,7416,19,9,1,9,47.4,5.3,47.4],[10,7219,19,9,0,10,47.4,0,52.6],[11,279,19,8,2,9,42.1,10.5,47.4],[12,233,20,8,1,11,40,5,55],[13,1092,19,7,2,10,36.8,10.5,52.6],[14,275,19,6,1,12,31.6,5.3,63.2],[15,290,19,6,0,13,31.6,0,68.4],[16,225,19,5,4,10,26.3,21.1,52.6],[17,277,19,5,0,14,26.3,0,73.7],[18,236,19,4,1,14,21.1,5.3,73.7],[19,258,19,3,0,16,15.8,0,84.2],[20,270,2,2,0,0,100,0,0],[21,281,19,1,0,18,5.3,0,94.7]];
var addUp = [362,46.2,74,9.4,348,44.4,[75,270],[55.3,7219,281],[100,270],[73.7,7219],[73.7,7580],[73.7,225]];
var addUpHalf = [326,41.6,30,3.8,428,54.6,[100,270],[78.9,258],[100,270],[78.9,7580],[100,270],[94.7,281]];
var lastUpdateTime = '2025-01-18 10:07:11';
