var arrLeague = [23,'葡萄牙超级联赛','葡萄牙超級聯賽','Liga Portugal 1','2019-2020','#006665','league_match/images/1j5w1nhx8v10.png','葡超','葡超','POR D1'];
var arrTeam = [[440,'塞图巴尔','塞圖巴爾','Vitoria Setubal','','images/440/1hg209ez7sa.png',0],[452,'马里迪莫','馬里迪莫','Maritimo','','images/165095610183.png',0],[457,'博阿维斯塔','博維斯塔','Boavista FC','','images/165095598511.png',0],[459,'布拉加','布拉加','Sporting Braga','','images/165095600132.png',0],[463,'本菲卡','賓菲加','Benfica','','images/165095593478.png',0],[466,'里斯本竞技','士砵亭','Sporting CP','','images/165095607959.png',0],[468,'波尔图','波圖','FC Porto','','images/165095597156.png',0],[476,'里奥阿维','里奧阿維','Rio Ave','','images/476/1hdajkkb221n.png',0],[919,'吉维森特','基維辛迪','Gil Vicente','','images/919/1gpyrknv73a.png',0],[924,'摩里伦斯','摩里倫斯','Moreirense','','images/165095611817.png',0],[926,'比兰尼塞斯','比蘭倫斯','Belenenses','','images/165095595094.png',0],[927,'吉马良斯','甘馬雷斯','Vitoria Guimaraes','','images/165095604742.png',0],[1000,'艾维斯','艾維斯','Aves','','images/2013131163700.jpg',0],[1002,'圣克拉拉','辛達卡拉','Santa Clara','','images/1jfp59pdzy7.png',0],[1006,'费雷拉','費利拿','Pacos de Ferreira','','images/165095603251.png',0],[1554,'朴迪莫伦斯','樸迪莫倫斯','Portimonense','','images/165095613598.png',0],[4970,'法马利康','法馬利卡奧','FC Famalicao','','images/165095601658.png',0],[19599,'唐迪拉','唐迪拉','CD Tondela','','images/165095615051.png',0]];
var TotalBs = [[1,4970,34,19,2,13,55.9,5.9,38.2],[2,459,34,19,0,15,55.9,0,44.1],[3,1000,34,17,0,17,50,0,50],[4,1006,34,17,0,17,50,0,50],[5,463,34,16,0,18,47.1,0,52.9],[6,919,34,15,2,17,44.1,5.9,50],[7,466,34,15,1,18,44.1,2.9,52.9],[8,468,34,14,3,17,41.2,8.8,50],[9,1554,34,14,1,19,41.2,2.9,55.9],[10,924,34,13,3,18,38.2,8.8,52.9],[11,440,34,13,2,19,38.2,5.9,55.9],[12,452,34,13,1,20,38.2,2.9,58.8],[13,927,34,13,1,20,38.2,2.9,58.8],[14,476,34,13,0,21,38.2,0,61.8],[15,1002,34,12,3,19,35.3,8.8,55.9],[16,19599,34,12,1,21,35.3,2.9,61.8],[17,926,34,12,0,22,35.3,0,64.7],[18,457,34,9,2,23,26.5,5.9,67.6]];
var HomeBs = [[1,459,17,11,0,6,64.7,0,35.3],[2,4970,17,10,0,7,58.8,0,41.2],[3,452,17,9,0,8,52.9,0,47.1],[4,924,17,8,2,7,47.1,11.8,41.2],[5,476,17,8,0,9,47.1,0,52.9],[6,463,17,8,0,9,47.1,0,52.9],[7,1006,17,8,0,9,47.1,0,52.9],[8,1002,17,7,2,8,41.2,11.8,47.1],[9,919,17,7,2,8,41.2,11.8,47.1],[10,1000,17,7,0,10,41.2,0,58.8],[11,440,17,7,0,10,41.2,0,58.8],[12,468,17,6,2,9,35.3,11.8,52.9],[13,1554,17,6,1,10,35.3,5.9,58.8],[14,19599,17,6,1,10,35.3,5.9,58.8],[15,466,17,6,1,10,35.3,5.9,58.8],[16,927,17,6,0,11,35.3,0,64.7],[17,926,17,4,0,13,23.5,0,76.5],[18,457,17,4,0,13,23.5,0,76.5]];
var GuestBs = [[1,1000,17,10,0,7,58.8,0,41.2],[2,4970,17,9,2,6,52.9,11.8,35.3],[3,1006,17,9,0,8,52.9,0,47.1],[4,466,17,9,0,8,52.9,0,47.1],[5,468,17,8,1,8,47.1,5.9,47.1],[6,463,17,8,0,9,47.1,0,52.9],[7,919,17,8,0,9,47.1,0,52.9],[8,1554,17,8,0,9,47.1,0,52.9],[9,926,17,8,0,9,47.1,0,52.9],[10,459,17,8,0,9,47.1,0,52.9],[11,927,17,7,1,9,41.2,5.9,52.9],[12,440,17,6,2,9,35.3,11.8,52.9],[13,19599,17,6,0,11,35.3,0,64.7],[14,457,17,5,2,10,29.4,11.8,58.8],[15,1002,17,5,1,11,29.4,5.9,64.7],[16,924,17,5,1,11,29.4,5.9,64.7],[17,476,17,5,0,12,29.4,0,70.6],[18,452,17,4,1,12,23.5,5.9,70.6]];
var TotalBsHalf = [[1,457,34,21,3,10,61.8,8.8,29.4],[2,1006,34,18,6,10,52.9,17.6,29.4],[3,452,34,17,5,12,50,14.7,35.3],[4,926,34,17,4,13,50,11.8,38.2],[5,19599,34,17,1,16,50,2.9,47.1],[6,1554,34,16,6,12,47.1,17.6,35.3],[7,924,34,16,6,12,47.1,17.6,35.3],[8,1002,34,16,4,14,47.1,11.8,41.2],[9,919,34,16,4,14,47.1,11.8,41.2],[10,927,34,15,9,10,44.1,26.5,29.4],[11,440,34,15,5,14,44.1,14.7,41.2],[12,476,34,14,10,10,41.2,29.4,29.4],[13,466,34,14,6,14,41.2,17.6,41.2],[14,1000,34,14,4,16,41.2,11.8,47.1],[15,4970,34,13,7,14,38.2,20.6,41.2],[16,468,34,12,8,14,35.3,23.5,41.2],[17,459,34,10,11,13,29.4,32.4,38.2],[18,463,34,7,9,18,20.6,26.5,52.9]];
var HomeBsHalf = [[1,452,17,11,2,4,64.7,11.8,23.5],[2,924,17,10,3,4,58.8,17.6,23.5],[3,926,17,10,1,6,58.8,5.9,35.3],[4,476,17,9,4,4,52.9,23.5,23.5],[5,457,17,9,3,5,52.9,17.6,29.4],[6,919,17,9,2,6,52.9,11.8,35.3],[7,1006,17,8,5,4,47.1,29.4,23.5],[8,1554,17,8,3,6,47.1,17.6,35.3],[9,4970,17,7,6,4,41.2,35.3,23.5],[10,1002,17,7,2,8,41.2,11.8,47.1],[11,468,17,7,2,8,41.2,11.8,47.1],[12,440,17,7,1,9,41.2,5.9,52.9],[13,466,17,7,1,9,41.2,5.9,52.9],[14,927,17,6,7,4,35.3,41.2,23.5],[15,1000,17,6,2,9,35.3,11.8,52.9],[16,19599,17,6,1,10,35.3,5.9,58.8],[17,463,17,4,3,10,23.5,17.6,58.8],[18,459,17,3,6,8,17.6,35.3,47.1]];
var GuestBsHalf = [[1,457,17,12,0,5,70.6,0,29.4],[2,19599,17,11,0,6,64.7,0,35.3],[3,1006,17,10,1,6,58.8,5.9,35.3],[4,927,17,9,2,6,52.9,11.8,35.3],[5,1002,17,9,2,6,52.9,11.8,35.3],[6,440,17,8,4,5,47.1,23.5,29.4],[7,1554,17,8,3,6,47.1,17.6,35.3],[8,1000,17,8,2,7,47.1,11.8,41.2],[9,466,17,7,5,5,41.2,29.4,29.4],[10,459,17,7,5,5,41.2,29.4,29.4],[11,926,17,7,3,7,41.2,17.6,41.2],[12,919,17,7,2,8,41.2,11.8,47.1],[13,452,17,6,3,8,35.3,17.6,47.1],[14,924,17,6,3,8,35.3,17.6,47.1],[15,4970,17,6,1,10,35.3,5.9,58.8],[16,468,17,5,6,6,29.4,35.3,35.3],[17,476,17,5,6,6,29.4,35.3,35.3],[18,463,17,3,6,8,17.6,35.3,47.1]];
var addUp = [256,41.8,22,3.6,334,54.6,[55.9,4970,459],[67.6,457],[64.7,459],[76.5,926,457],[58.8,1000],[70.6,476,452]];
var addUpHalf = [268,43.8,108,17.6,236,38.6,[61.8,457],[52.9,463],[64.7,452],[58.8,19599,463],[70.6,457],[58.8,4970]];
var lastUpdateTime = '2025-01-19 09:03:41';
