var arrLeague = [284,'日本职业联赛J2','日本職業聯賽J2','J2 League','2025','#33CC99','league_match/images/20210411180029.png','日职乙','日職乙','JPN D2'];
var arrTeam = [[184,'大分三神','大分三神','Oita Trinita','','images/184/1hr8p7294be.png',0],[198,'磐田喜悦','磐田山葉','Jubilo Iwata','','images/198/1gtzcts2p16.png',0],[199,'千叶市原','千葉市原','JEF United Ichihara Chiba','','images/199/1hg565390y24.png',0],[1988,'RB大宫松鼠','RB大宮松鼠','RB Omiya Ardija','','images/1jp45sdm4f2c.png',0],[3162,'甲府风林','甲府風林','Ventforet Kofu','','images/3162/1h53w49p6r20.png',0],[3164,'鸟栖沙岩','鳥栖沙岩','Sagan Tosu','','images/3164/1gtzcts2pxc.png',0],[3165,'山形山神','山形山神','Montedio Yamagata','','images/3165/1h53w5e0fn2.png',0],[3193,'仙台维加泰','仙台維加泰','Vegalta Sendai','','images/3193/1h53w49ppqd.png',0],[3194,'水户蜀葵','水戶蜀葵','Mito Hollyhock','','images/3194/1gtqm8vyr33.png',0],[3195,'札幌冈萨多','札幌岡薩多','Consadole Sapporo','','images/3195/1gtzcts2ps14.png',0],[3196,'德岛漩涡','德島漩渦','Tokushima Vortis','','images/3196/1j4b53239f1r.png',0],[4024,'FC爱媛','FC愛媛','Ehime FC','','images/4024/1gtqpz7wvt2m.png',0],[7541,'熊本深红','熊本深紅','Roasso Kumamoto','','images/7541/1h53w49pp92g.png',0],[9944,'富山胜利','富山勝利','Kataller Toyama','','images/9944/1h53w49ppkk.png',0],[10031,'长崎成功丸','長崎成功丸','V-Varen Nagasaki','','images/1kaqysd0m82a.png',0],[11943,'山口雷法','山口雷法','Renofa Yamaguchi','','images/11943/1j8kbfrtjcv.png',0],[13537,'秋田蓝色闪电','秋田藍閃電','Blaublitz Akita','','images/13537/1hr8p728mt1y.png',0],[19176,'藤枝MYFC','藤枝MYFC','Fujieda MYFC','','images/19176/1hr8p728mw17.png',0],[20515,'今治','今治','Imabari FC','','images/1jp45thmn71n.png',0],[25121,'磐城FC','磐城FC','Iwaki FC','','images/25121/1hyse12p4xk.png',0]];
var TotalBs = [[1,3165,38,26,0,12,68.4,0,31.6],[2,1988,39,22,0,17,56.4,0,43.6],[3,3195,38,21,2,15,55.3,5.3,39.5],[4,198,39,21,1,17,53.8,2.6,43.6],[5,13537,38,20,5,13,52.6,13.2,34.2],[6,10031,38,18,2,18,47.4,5.3,47.4],[7,3194,38,18,2,18,47.4,5.3,47.4],[8,4024,38,18,1,19,47.4,2.6,50],[9,7541,38,18,0,20,47.4,0,52.6],[10,3164,38,17,0,21,44.7,0,55.3],[11,11943,38,16,3,19,42.1,7.9,50],[12,20515,38,16,1,21,42.1,2.6,55.3],[13,25121,38,16,1,21,42.1,2.6,55.3],[14,199,40,16,0,24,40,0,60],[15,19176,38,15,2,21,39.5,5.3,55.3],[16,9944,38,15,2,21,39.5,5.3,55.3],[17,3193,38,15,0,23,39.5,0,60.5],[18,184,38,14,6,18,36.8,15.8,47.4],[19,3162,38,14,4,20,36.8,10.5,52.6],[20,3196,40,10,6,24,25,15,60]];
var HomeBs = [[1,3165,19,13,0,6,68.4,0,31.6],[2,3195,19,11,1,7,57.9,5.3,36.8],[3,1988,19,11,0,8,57.9,0,42.1],[4,199,21,11,0,10,52.4,0,47.6],[5,7541,19,10,0,9,52.6,0,47.4],[6,3164,19,10,0,9,52.6,0,47.4],[7,11943,19,9,2,8,47.4,10.5,42.1],[8,3194,19,9,2,8,47.4,10.5,42.1],[9,25121,19,9,1,9,47.4,5.3,47.4],[10,13537,19,9,1,9,47.4,5.3,47.4],[11,198,19,9,0,10,47.4,0,52.6],[12,4024,19,9,0,10,47.4,0,52.6],[13,9944,19,8,2,9,42.1,10.5,47.4],[14,19176,19,8,0,11,42.1,0,57.9],[15,20515,19,7,1,11,36.8,5.3,57.9],[16,184,19,7,1,11,36.8,5.3,57.9],[17,3193,19,7,0,12,36.8,0,63.2],[18,3162,19,6,3,10,31.6,15.8,52.6],[19,10031,19,6,2,11,31.6,10.5,57.9],[20,3196,20,4,3,13,20,15,65]];
var GuestBs = [[1,3165,19,13,0,6,68.4,0,31.6],[2,10031,19,12,0,7,63.2,0,36.8],[3,198,20,12,1,7,60,5,35],[4,13537,19,11,4,4,57.9,21.1,21.1],[5,1988,20,11,0,9,55,0,45],[6,3195,19,10,1,8,52.6,5.3,42.1],[7,4024,19,9,1,9,47.4,5.3,47.4],[8,3194,19,9,0,10,47.4,0,52.6],[9,20515,19,9,0,10,47.4,0,52.6],[10,3162,19,8,1,10,42.1,5.3,52.6],[11,3193,19,8,0,11,42.1,0,57.9],[12,7541,19,8,0,11,42.1,0,57.9],[13,184,19,7,5,7,36.8,26.3,36.8],[14,19176,19,7,2,10,36.8,10.5,52.6],[15,11943,19,7,1,11,36.8,5.3,57.9],[16,25121,19,7,0,12,36.8,0,63.2],[17,9944,19,7,0,12,36.8,0,63.2],[18,3164,19,7,0,12,36.8,0,63.2],[19,3196,20,6,3,11,30,15,55],[20,199,19,5,0,14,26.3,0,73.7]];
var TotalBsHalf = [[1,184,38,25,0,13,65.8,0,34.2],[2,3164,38,24,4,10,63.2,10.5,26.3],[3,13537,38,24,3,11,63.2,7.9,28.9],[4,11943,38,18,7,13,47.4,18.4,34.2],[5,20515,38,18,5,15,47.4,13.2,39.5],[6,3196,40,18,3,19,45,7.5,47.5],[7,3165,38,16,12,10,42.1,31.6,26.3],[8,3193,38,16,10,12,42.1,26.3,31.6],[9,7541,38,16,10,12,42.1,26.3,31.6],[10,9944,38,16,10,12,42.1,26.3,31.6],[11,19176,38,16,10,12,42.1,26.3,31.6],[12,199,40,16,11,13,40,27.5,32.5],[13,3162,38,16,6,16,42.1,15.8,42.1],[14,25121,38,15,12,11,39.5,31.6,28.9],[15,10031,38,15,11,12,39.5,28.9,31.6],[16,198,39,15,11,13,38.5,28.2,33.3],[17,3194,38,15,8,15,39.5,21.1,39.5],[18,4024,38,14,14,10,36.8,36.8,26.3],[19,1988,39,14,9,16,35.9,23.1,41],[20,3195,38,13,14,11,34.2,36.8,28.9]];
var HomeBsHalf = [[1,3164,19,13,1,5,68.4,5.3,26.3],[2,184,19,12,0,7,63.2,0,36.8],[3,11943,19,11,5,3,57.9,26.3,15.8],[4,13537,19,11,0,8,57.9,0,42.1],[5,9944,19,10,5,4,52.6,26.3,21.1],[6,199,21,10,6,5,47.6,28.6,23.8],[7,20515,19,10,1,8,52.6,5.3,42.1],[8,19176,19,9,5,5,47.4,26.3,26.3],[9,3193,19,8,7,4,42.1,36.8,21.1],[10,7541,19,8,4,7,42.1,21.1,36.8],[11,3165,19,8,4,7,42.1,21.1,36.8],[12,1988,19,8,3,8,42.1,15.8,42.1],[13,3196,20,8,3,9,40,15,45],[14,3162,19,8,2,9,42.1,10.5,47.4],[15,3194,19,7,3,9,36.8,15.8,47.4],[16,4024,19,6,9,4,31.6,47.4,21.1],[17,3195,19,6,8,5,31.6,42.1,26.3],[18,25121,19,6,7,6,31.6,36.8,31.6],[19,198,19,6,6,7,31.6,31.6,36.8],[20,10031,19,5,6,8,26.3,31.6,42.1]];
var GuestBsHalf = [[1,13537,19,13,3,3,68.4,15.8,15.8],[2,184,19,13,0,6,68.4,0,31.6],[3,3164,19,11,3,5,57.9,15.8,26.3],[4,10031,19,10,5,4,52.6,26.3,21.1],[5,3196,20,10,0,10,50,0,50],[6,25121,19,9,5,5,47.4,26.3,26.3],[7,198,20,9,5,6,45,25,30],[8,3165,19,8,8,3,42.1,42.1,15.8],[9,7541,19,8,6,5,42.1,31.6,26.3],[10,4024,19,8,5,6,42.1,26.3,31.6],[11,3194,19,8,5,6,42.1,26.3,31.6],[12,3162,19,8,4,7,42.1,21.1,36.8],[13,20515,19,8,4,7,42.1,21.1,36.8],[14,3193,19,8,3,8,42.1,15.8,42.1],[15,3195,19,7,6,6,36.8,31.6,31.6],[16,19176,19,7,5,7,36.8,26.3,36.8],[17,11943,19,7,2,10,36.8,10.5,52.6],[18,199,19,6,5,8,31.6,26.3,42.1],[19,1988,20,6,6,8,30,30,40],[20,9944,19,6,5,8,31.6,26.3,42.1]];
var addUp = [346,45.2,38,5,382,49.9,[68.4,3165],[60.5,3193],[68.4,3165],[65,3196],[68.4,3165],[73.7,199]];
var addUpHalf = [340,44.4,170,22.2,256,33.4,[65.8,184],[47.5,3196],[68.4,3164],[47.4,3162,3194],[68.4,13537,184],[52.6,11943]];
var lastUpdateTime = '2025-12-14 14:59:44';
