var arrLeague = [29,'苏格兰超级联赛','蘇格蘭超級聯賽','Scottish Premier League','2019-2020','#57A87B','league_match/images/1j5w1p9pmse.png','苏超','蘇超','SCO PR'];
var arrTeam = [[70,'凯尔特人','些路迪','Celtic FC','','images/165363471972.png',0],[73,'阿伯丁','鴨巴甸','Aberdeen','','images/165363467632.png',0],[75,'马瑟韦尔','馬瑟韋爾','Motherwell','','images/165363477927.png',0],[76,'哈茨','赫斯','Heart of Midlothian','','images/165363483555.png',0],[77,'格拉斯哥流浪者','格拉斯哥流浪','Glasgow Rangers','','images/165363474719.png',0],[79,'希伯尼安','喜百年','Hibernian','','images/165363481924.png',0],[80,'利云斯顿','利雲斯頓','Livingston','','images/80/1h5bjef76m11.png',0],[81,'基马诺克','基馬諾克','Kilmarnock','','images/81/1h5bjef76b13.png',0],[1366,'罗斯郡','羅斯郡','Ross County','','images/165363476324.png',0],[1460,'哈密尔顿','咸美頓','Hamilton Academical','','images/1460/1grmn0vykj1t.png',0],[1463,'圣米伦','聖美倫','Saint Mirren','','images/165363479259.png',0],[1485,'圣约翰斯通','聖莊士東','Saint Johnstone','','images/165363480511.png',0]];
var TotalPanLu = [[1,70,30,29,1,0,18,3,9,9,60,10,30],[2,1460,30,0,2,28,17,3,10,7,56.7,10,33.3],[3,80,30,9,5,16,17,2,11,6,56.7,6.7,36.7],[4,1463,30,4,5,21,16,2,12,4,53.3,6.7,40],[5,75,30,15,3,12,16,1,13,3,53.3,3.3,43.3],[6,1485,29,6,10,13,14,3,12,2,48.3,10.3,41.4],[7,73,30,20,3,7,13,4,13,0,43.3,13.3,43.3],[8,1366,30,4,5,21,13,3,14,-1,43.3,10,46.7],[9,77,29,27,1,1,12,0,17,-5,41.4,0,58.6],[10,79,30,15,5,10,11,3,16,-5,36.7,10,53.3],[11,81,30,12,7,11,11,3,16,-5,36.7,10,53.3],[12,76,30,11,7,12,6,3,21,-15,20,10,70]];
var HomePanLu = [[1,80,14,6,4,4,9,2,3,6,64.3,14.3,21.4],[2,70,15,15,0,0,9,2,4,5,60,13.3,26.7],[3,1463,15,3,5,7,9,1,5,4,60,6.7,33.3],[4,1460,16,0,2,14,8,1,7,1,50,6.2,43.8],[5,75,15,11,1,3,7,0,8,-1,46.7,0,53.3],[6,1485,16,6,6,4,7,1,8,-1,43.8,6.2,50],[7,1366,14,4,3,7,6,2,6,0,42.9,14.3,42.9],[8,73,15,12,0,3,6,2,7,-1,40,13.3,46.7],[9,81,15,10,2,3,6,2,7,-1,40,13.3,46.7],[10,77,14,13,1,0,5,0,9,-4,35.7,0,64.3],[11,79,15,12,1,2,4,2,9,-5,26.7,13.3,60],[12,76,15,9,2,4,4,0,11,-7,26.7,0,73.3]];
var GuestPanLu = [[1,1460,14,0,0,14,9,2,3,6,64.3,14.3,21.4],[2,70,15,14,1,0,9,1,5,4,60,6.7,33.3],[3,75,15,4,2,9,9,1,5,4,60,6.7,33.3],[4,1485,13,0,4,9,7,2,4,3,53.8,15.4,30.8],[5,80,16,3,1,12,8,0,8,0,50,0,50],[6,73,15,8,3,4,7,2,6,1,46.7,13.3,40],[7,79,15,3,4,8,7,1,7,0,46.7,6.7,46.7],[8,1463,15,1,0,14,7,1,7,0,46.7,6.7,46.7],[9,77,15,14,0,1,7,0,8,-1,46.7,0,53.3],[10,1366,16,0,2,14,7,1,8,-1,43.8,6.2,50],[11,81,15,2,5,8,5,1,9,-4,33.3,6.7,60],[12,76,15,2,5,8,2,3,10,-8,13.3,20,66.7]];
var TotalHalfPanLu = [[1,70,30,29,1,0,19,1,10,9,63.3,3.3,33.3],[2,79,30,8,13,9,15,6,9,6,50,20,30],[3,80,30,7,12,11,14,8,8,6,46.7,26.7,26.7],[4,75,30,9,14,7,14,6,10,4,46.7,20,33.3],[5,1366,30,1,10,19,14,5,11,3,46.7,16.7,36.7],[6,1460,30,0,5,25,14,5,11,3,46.7,16.7,36.7],[7,77,29,27,1,1,12,3,14,-2,41.4,10.3,48.3],[8,1463,30,2,10,18,12,6,12,0,40,20,40],[9,73,30,17,7,6,12,4,14,-2,40,13.3,46.7],[10,1485,29,3,14,12,8,7,14,-6,27.6,24.1,48.3],[11,81,30,10,12,8,8,6,16,-8,26.7,20,53.3],[12,76,30,10,13,7,5,7,18,-13,16.7,23.3,60]];
var HomeHalfPanLu = [[1,70,15,15,0,0,9,1,5,4,60,6.7,33.3],[2,75,15,7,5,3,7,2,6,1,46.7,13.3,40],[3,80,14,5,6,3,5,5,4,1,35.7,35.7,28.6],[4,1366,14,1,8,5,5,3,6,-1,35.7,21.4,42.9],[5,1463,15,2,9,4,5,4,6,-1,33.3,26.7,40],[6,79,15,7,6,2,5,4,6,-1,33.3,26.7,40],[7,73,15,12,0,3,5,0,10,-5,33.3,0,66.7],[8,1460,16,0,4,12,5,4,7,-2,31.2,25,43.8],[9,77,14,13,1,0,4,2,8,-4,28.6,14.3,57.1],[10,76,15,8,4,3,4,1,10,-6,26.7,6.7,66.7],[11,81,15,8,4,3,3,2,10,-7,20,13.3,66.7],[12,1485,16,3,9,4,2,4,10,-8,12.5,25,62.5]];
var GuestHalfPanLu = [[1,79,15,1,7,7,10,2,3,7,66.7,13.3,20],[2,70,15,14,1,0,10,0,5,5,66.7,0,33.3],[3,1460,14,0,1,13,9,1,4,5,64.3,7.1,28.6],[4,80,16,2,6,8,9,3,4,5,56.2,18.8,25],[5,1366,16,0,2,14,9,2,5,4,56.2,12.5,31.2],[6,77,15,14,0,1,8,1,6,2,53.3,6.7,40],[7,73,15,5,7,3,7,4,4,3,46.7,26.7,26.7],[8,75,15,2,9,4,7,4,4,3,46.7,26.7,26.7],[9,1463,15,0,1,14,7,2,6,1,46.7,13.3,40],[10,1485,13,0,5,8,6,3,4,2,46.2,23.1,30.8],[11,81,15,2,8,5,5,4,6,-1,33.3,26.7,40],[12,76,15,2,9,4,1,6,8,-7,6.7,40,53.3]];
var addUp = [80,44.7,15,8.4,84,46.9,[60,70],[70,76],[64.3,80],[73.3,76],[64.3,1460],[66.7,76],[13.3,73],[0,77]];
var addUpHalf = [59,33,32,17.9,88,49.2,[63.3,70],[60,76],[60,70],[66.7,73,76,81],[66.7,79,70],[53.3,76],[26.7,80],[3.3,70]];
var lastUpdateTime = '2025-01-19 09:03:28';
