var arrLeague = [29,'苏格兰超级联赛','蘇格蘭超級聯賽','Scottish Premier League','2019-2020','#57A87B','league_match/images/1j5w1p9pmse.png','苏超','蘇超','SCO PR'];
var arrTeam = [[70,'凯尔特人','些路迪','Celtic FC','','images/165363471972.png',0],[73,'阿伯丁','鴨巴甸','Aberdeen','','images/165363467632.png',0],[75,'马瑟韦尔','馬瑟韋爾','Motherwell','','images/165363477927.png',0],[76,'哈茨','赫斯','Heart of Midlothian','','images/165363483555.png',0],[77,'格拉斯哥流浪者','格拉斯哥流浪','Glasgow Rangers','','images/165363474719.png',0],[79,'希伯尼安','喜百年','Hibernian','','images/165363481924.png',0],[80,'利云斯顿','利雲斯頓','Livingston','','images/80/1h5bjef76m11.png',0],[81,'基马诺克','基馬諾克','Kilmarnock','','images/81/1h5bjef76b13.png',0],[1366,'罗斯郡','羅斯郡','Ross County','','images/165363476324.png',0],[1460,'哈密尔顿','咸美頓','Hamilton Academical','','images/1460/1grmn0vykj1t.png',0],[1463,'圣米伦','聖美倫','Saint Mirren','','images/165363479259.png',0],[1485,'圣约翰斯通','聖莊士東','Saint Johnstone','','images/165363480511.png',0]];
var TotalBs = [[1,1366,30,20,0,10,66.7,0,33.3],[2,70,30,18,1,11,60,3.3,36.7],[3,79,30,18,1,11,60,3.3,36.7],[4,75,30,17,1,12,56.7,3.3,40],[5,73,30,17,0,13,56.7,0,43.3],[6,81,30,17,0,13,56.7,0,43.3],[7,80,30,16,0,14,53.3,0,46.7],[8,1460,30,16,0,14,53.3,0,46.7],[9,76,30,15,0,15,50,0,50],[10,77,29,14,2,13,48.3,6.9,44.8],[11,1463,30,12,1,17,40,3.3,56.7],[12,1485,29,12,0,17,41.4,0,58.6]];
var HomeBs = [[1,79,15,11,1,3,73.3,6.7,20],[2,75,15,11,0,4,73.3,0,26.7],[3,70,15,10,0,5,66.7,0,33.3],[4,73,15,10,0,5,66.7,0,33.3],[5,1366,14,9,0,5,64.3,0,35.7],[6,81,15,9,0,6,60,0,40],[7,1460,16,8,0,8,50,0,50],[8,1485,16,8,0,8,50,0,50],[9,76,15,6,0,9,40,0,60],[10,77,14,5,1,8,35.7,7.1,57.1],[11,80,14,5,0,9,35.7,0,64.3],[12,1463,15,4,1,10,26.7,6.7,66.7]];
var GuestBs = [[1,80,16,11,0,5,68.8,0,31.2],[2,1366,16,11,0,5,68.8,0,31.2],[3,77,15,9,1,5,60,6.7,33.3],[4,76,15,9,0,6,60,0,40],[5,1460,14,8,0,6,57.1,0,42.9],[6,70,15,8,1,6,53.3,6.7,40],[7,1463,15,8,0,7,53.3,0,46.7],[8,81,15,8,0,7,53.3,0,46.7],[9,79,15,7,0,8,46.7,0,53.3],[10,73,15,7,0,8,46.7,0,53.3],[11,75,15,6,1,8,40,6.7,53.3],[12,1485,13,4,0,9,30.8,0,69.2]];
var TotalBsHalf = [[1,73,30,17,6,7,56.7,20,23.3],[2,70,30,16,3,11,53.3,10,36.7],[3,1485,29,14,4,11,48.3,13.8,37.9],[4,1366,30,13,5,12,43.3,16.7,40],[5,81,30,12,8,10,40,26.7,33.3],[6,79,30,12,7,11,40,23.3,36.7],[7,77,29,12,3,14,41.4,10.3,48.3],[8,1460,30,11,8,11,36.7,26.7,36.7],[9,75,30,10,11,9,33.3,36.7,30],[10,1463,30,10,7,13,33.3,23.3,43.3],[11,76,30,10,6,14,33.3,20,46.7],[12,80,30,9,6,15,30,20,50]];
var HomeBsHalf = [[1,73,15,10,3,2,66.7,20,13.3],[2,1485,16,8,2,6,50,12.5,37.5],[3,1366,14,7,3,4,50,21.4,28.6],[4,79,15,7,2,6,46.7,13.3,40],[5,76,15,6,5,4,40,33.3,26.7],[6,1460,16,6,4,6,37.5,25,37.5],[7,77,14,6,1,7,42.9,7.1,50],[8,70,15,6,0,9,40,0,60],[9,75,15,5,6,4,33.3,40,26.7],[10,1463,15,5,4,6,33.3,26.7,40],[11,81,15,4,5,6,26.7,33.3,40],[12,80,14,3,2,9,21.4,14.3,64.3]];
var GuestBsHalf = [[1,70,15,10,3,2,66.7,20,13.3],[2,81,15,8,3,4,53.3,20,26.7],[3,73,15,7,3,5,46.7,20,33.3],[4,1485,13,6,2,5,46.2,15.4,38.5],[5,80,16,6,4,6,37.5,25,37.5],[6,77,15,6,2,7,40,13.3,46.7],[7,1366,16,6,2,8,37.5,12.5,50],[8,1460,14,5,4,5,35.7,28.6,35.7],[9,75,15,5,5,5,33.3,33.3,33.3],[10,79,15,5,5,5,33.3,33.3,33.3],[11,1463,15,5,3,7,33.3,20,46.7],[12,76,15,4,1,10,26.7,6.7,66.7]];
var addUp = [192,53.6,6,1.7,160,44.7,[66.7,1366],[58.6,1485],[73.3,79,75],[66.7,1463],[68.8,80,1366],[69.2,1485]];
var addUpHalf = [146,40.8,74,20.7,138,38.5,[56.7,73],[50,80],[66.7,73],[64.3,80],[66.7,70],[66.7,76]];
var lastUpdateTime = '2025-01-19 09:03:41';
