var arrLeague = [60,'中国超级联赛','中國超級聯賽','Chinese Super League','2012','#0066FF','league_match/images/166674992094.png','中超','中超','CHA CSL'];
var arrTeam = [[38,'大连实德','大連實德','Dalian Shide','','images/20122774855.jpg',0],[39,'上海申花','上海申花','Shanghai Shenhua','','images/39/1gy3vjsrhn1p.png',0],[40,'山东泰山','山東泰山','Shandong Taishan','','images/1kja2fh2n4b.png',0],[41,'辽宁沈阳宏运','遼寧宏運','Liaoning FC','','images/20180921121329.png',0],[43,'北京国安','北京國安','Beijing Guoan','','images/1jr565tbs5z.png',0],[44,'青岛海牛','青島海牛','Qingdao Manatee','','images/44/1gy3vkgfwg2p.png',0],[89,'天津津门虎','天津津門虎','Tianjin Tigers','','images/89/1gy3vkgfwn2t.png',0],[528,'长春亚泰','長春亞泰','Changchun Yatai','','images/1jr56ftb35z.png',0],[535,'广州队','廣州隊','Guangzhou FC','','images/535/1hy4p3apdsh.png',0],[541,'河南队','河南隊','Henan Football Club','','images/1kja29fa4f1x.png',0],[542,'浙江俱乐部绿城','浙江俱樂部綠城','Zhejiang Professional FC','','images/542/1h8qpaemwc10.png',0],[543,'江苏苏宁易购','江蘇蘇寧','Jiangsu Suning FC','','images/20180921195311.png',0],[3969,'北京人和','北京人和','Beijing Renhe','','images/20180921194257.png',0],[4050,'上海申鑫','上海申鑫','Shanghai Shenxin','','images/2013322175805.png',0],[13969,'大连人','大連人','Dalian Pro','','images/20200123150128.png',0],[16668,'广州城','廣州城','Guangzhou City','','images/165371552931.png',0]];
var TotalPanLu = [[1,13969,21,5,0,16,14,1,6,8,66.7,4.8,28.6],[2,44,21,7,0,14,13,1,7,6,61.9,4.8,33.3],[3,39,20,13,0,7,11,0,9,2,55,0,45],[4,41,20,10,0,10,11,0,9,2,55,0,45],[5,528,21,10,0,11,11,0,10,1,52.4,0,47.6],[6,89,20,10,0,10,10,0,10,0,50,0,50],[7,542,20,6,0,14,10,0,10,0,50,0,50],[8,4050,20,6,0,14,10,0,10,0,50,0,50],[9,40,21,14,0,7,10,0,11,-1,47.6,0,52.4],[10,543,20,16,0,4,9,1,10,-1,45,5,50],[11,3969,20,12,0,8,9,1,10,-1,45,5,50],[12,38,20,8,0,12,9,0,11,-2,45,0,55],[13,43,20,13,0,7,9,0,11,-2,45,0,55],[14,16668,21,10,0,11,9,0,12,-3,42.9,0,57.1],[15,535,20,18,0,2,8,1,11,-3,40,5,55],[16,541,21,5,0,16,7,1,13,-6,33.3,4.8,61.9]];
var HomePanLu = [[1,39,9,9,0,0,6,0,3,3,66.7,0,33.3],[2,40,11,10,0,1,7,0,4,3,63.6,0,36.4],[3,44,11,7,0,4,7,0,4,3,63.6,0,36.4],[4,13969,11,5,0,6,7,0,4,3,63.6,0,36.4],[5,3969,10,8,0,2,6,1,3,3,60,10,30],[6,16668,10,8,0,2,6,0,4,2,60,0,40],[7,41,10,9,0,1,6,0,4,2,60,0,40],[8,4050,11,6,0,5,5,0,6,-1,45.5,0,54.5],[9,535,9,9,0,0,4,0,5,-1,44.4,0,55.6],[10,528,12,10,0,2,5,0,7,-2,41.7,0,58.3],[11,43,10,10,0,0,4,0,6,-2,40,0,60],[12,541,11,5,0,6,4,1,6,-2,36.4,9.1,54.5],[13,543,10,10,0,0,3,1,6,-3,30,10,60],[14,542,10,6,0,4,3,0,7,-4,30,0,70],[15,38,9,7,0,2,2,0,7,-5,22.2,0,77.8],[16,89,9,9,0,0,2,0,7,-5,22.2,0,77.8]];
var GuestPanLu = [[1,89,11,1,0,10,8,0,3,5,72.7,0,27.3],[2,13969,10,0,0,10,7,1,2,5,70,10,20],[3,542,10,0,0,10,7,0,3,4,70,0,30],[4,528,9,0,0,9,6,0,3,3,66.7,0,33.3],[5,38,11,1,0,10,7,0,4,3,63.6,0,36.4],[6,44,10,0,0,10,6,1,3,3,60,10,30],[7,543,10,6,0,4,6,0,4,2,60,0,40],[8,4050,9,0,0,9,5,0,4,1,55.6,0,44.4],[9,41,10,1,0,9,5,0,5,0,50,0,50],[10,43,10,3,0,7,5,0,5,0,50,0,50],[11,39,11,4,0,7,5,0,6,-1,45.5,0,54.5],[12,535,11,9,0,2,4,1,6,-2,36.4,9.1,54.5],[13,541,10,0,0,10,3,0,7,-4,30,0,70],[14,40,10,4,0,6,3,0,7,-4,30,0,70],[15,3969,10,4,0,6,3,0,7,-4,30,0,70],[16,16668,11,2,0,9,3,0,8,-5,27.3,0,72.7]];
var TotalHalfPanLu = [[1,44,20,0,0,0,12,0,8,4,60,0,40],[2,41,19,0,0,0,11,3,5,6,57.9,15.8,26.3],[3,542,19,0,0,0,11,2,6,5,57.9,10.5,31.6],[4,13969,20,0,0,0,11,1,8,3,55,5,40],[5,543,20,0,0,0,10,2,8,2,50,10,40],[6,528,20,0,0,0,10,2,8,2,50,10,40],[7,89,19,0,0,0,9,4,6,3,47.4,21.1,31.6],[8,39,20,0,0,0,9,2,9,0,45,10,45],[9,40,21,0,0,0,9,3,9,0,42.9,14.3,42.9],[10,4050,20,0,0,0,8,6,6,2,40,30,30],[11,38,20,0,0,0,8,3,9,-1,40,15,45],[12,3969,20,0,0,0,8,3,9,-1,40,15,45],[13,16668,21,0,0,0,8,1,12,-4,38.1,4.8,57.1],[14,535,20,0,0,0,7,0,13,-6,35,0,65],[15,43,20,0,0,0,6,3,11,-5,30,15,55],[16,541,21,0,0,0,4,3,14,-10,19,14.3,66.7]];
var HomeHalfPanLu = [[1,39,9,0,0,0,6,0,3,3,66.7,0,33.3],[2,13969,11,0,0,0,7,1,3,4,63.6,9.1,27.3],[3,40,11,0,0,0,7,0,4,3,63.6,0,36.4],[4,41,9,0,0,0,5,1,3,2,55.6,11.1,33.3],[5,3969,10,0,0,0,5,1,4,1,50,10,40],[6,543,10,0,0,0,5,0,5,0,50,0,50],[7,44,10,0,0,0,5,0,5,0,50,0,50],[8,542,10,0,0,0,4,2,4,0,40,20,40],[9,16668,10,0,0,0,4,0,6,-2,40,0,60],[10,528,11,0,0,0,4,2,5,-1,36.4,18.2,45.5],[11,535,9,0,0,0,3,0,6,-3,33.3,0,66.7],[12,4050,11,0,0,0,3,5,3,0,27.3,45.5,27.3],[13,38,9,0,0,0,2,2,5,-3,22.2,22.2,55.6],[14,89,9,0,0,0,2,2,5,-3,22.2,22.2,55.6],[15,43,10,0,0,0,2,0,8,-6,20,0,80],[16,541,11,0,0,0,2,3,6,-4,18.2,27.3,54.5]];
var GuestHalfPanLu = [[1,542,9,0,0,0,7,0,2,5,77.8,0,22.2],[2,89,10,0,0,0,7,2,1,6,70,20,10],[3,44,10,0,0,0,7,0,3,4,70,0,30],[4,528,9,0,0,0,6,0,3,3,66.7,0,33.3],[5,41,10,0,0,0,6,2,2,4,60,20,20],[6,38,11,0,0,0,6,1,4,2,54.5,9.1,36.4],[7,4050,9,0,0,0,5,1,3,2,55.6,11.1,33.3],[8,543,10,0,0,0,5,2,3,2,50,20,30],[9,13969,9,0,0,0,4,0,5,-1,44.4,0,55.6],[10,43,10,0,0,0,4,3,3,1,40,30,30],[11,16668,11,0,0,0,4,1,6,-2,36.4,9.1,54.5],[12,535,11,0,0,0,4,0,7,-3,36.4,0,63.6],[13,3969,10,0,0,0,3,2,5,-2,30,20,50],[14,39,11,0,0,0,3,2,6,-3,27.3,18.2,54.5],[15,40,10,0,0,0,2,3,5,-3,20,30,50],[16,541,10,0,0,0,2,0,8,-6,20,0,80]];
var addUp = [77,47.2,3,1.8,83,50.9,[66.7,13969],[61.9,541],[66.7,39],[77.8,38,89],[72.7,89],[72.7,16668],[5,543,3969,535],[0,39,41,528,89,542,4050,40,38,43,16668]];
var addUpHalf = [66,41.2,19,11.9,75,46.9,[60,44],[66.7,541],[66.7,39],[80,43],[77.8,542],[80,541],[30,4050],[0,44,535]];
var lastUpdateTime = '2026-04-07 17:19:24';
