var arrLeague = [60,'中国超级联赛','中國超級聯賽','Chinese Super League','2012','#0066FF','league_match/images/166674992094.png','中超','中超','CHA CSL'];
var arrTeam = [[38,'大连实德','大連實德','Dalian Shide','','images/20122774855.jpg',0],[39,'上海申花','上海申花','Shanghai Shenhua','','images/39/1gy3vjsrhn1p.png',0],[40,'山东泰山','山東泰山','Shandong Taishan','','images/1kja2fh2n4b.png',0],[41,'辽宁沈阳宏运','遼寧宏運','Liaoning FC','','images/20180921121329.png',0],[43,'北京国安','北京國安','Beijing Guoan','','images/1jr565tbs5z.png',0],[44,'青岛海牛','青島海牛','Qingdao Manatee','','images/44/1gy3vkgfwg2p.png',0],[89,'天津津门虎','天津津門虎','Tianjin Tigers','','images/89/1gy3vkgfwn2t.png',0],[528,'长春亚泰','長春亞泰','Changchun Yatai','','images/1jr56ftb35z.png',0],[535,'广州队','廣州隊','Guangzhou FC','','images/535/1hy4p3apdsh.png',0],[541,'河南队','河南隊','Henan Football Club','','images/1kja29fa4f1x.png',0],[542,'浙江俱乐部绿城','浙江俱樂部綠城','Zhejiang Professional FC','','images/542/1h8qpaemwc10.png',0],[543,'江苏苏宁易购','江蘇蘇寧','Jiangsu Suning FC','','images/20180921195311.png',0],[3969,'北京人和','北京人和','Beijing Renhe','','images/20180921194257.png',0],[4050,'上海申鑫','上海申鑫','Shanghai Shenxin','','images/2013322175805.png',0],[13969,'大连人','大連人','Dalian Pro','','images/20200123150128.png',0],[16668,'广州城','廣州城','Guangzhou City','','images/165371552931.png',0]];
var TotalBs = [[1,16668,21,16,0,5,76.2,0,23.8],[2,13969,21,14,0,7,66.7,0,33.3],[3,542,20,12,0,8,60,0,40],[4,39,20,12,0,8,60,0,40],[5,528,21,12,0,9,57.1,0,42.9],[6,541,21,12,0,9,57.1,0,42.9],[7,38,20,11,0,9,55,0,45],[8,3969,20,11,0,9,55,0,45],[9,535,20,11,0,9,55,0,45],[10,41,20,11,0,9,55,0,45],[11,40,21,11,0,10,52.4,0,47.6],[12,543,20,9,0,11,45,0,55],[13,44,21,9,0,12,42.9,0,57.1],[14,43,20,8,0,12,40,0,60],[15,4050,20,7,0,13,35,0,65],[16,89,20,6,0,14,30,0,70]];
var HomeBs = [[1,39,9,8,0,1,88.9,0,11.1],[2,38,9,7,0,2,77.8,0,22.2],[3,16668,10,7,0,3,70,0,30],[4,41,10,7,0,3,70,0,30],[5,541,11,7,0,4,63.6,0,36.4],[6,542,10,6,0,4,60,0,40],[7,40,11,6,0,5,54.5,0,45.5],[8,44,11,6,0,5,54.5,0,45.5],[9,528,12,6,0,6,50,0,50],[10,535,9,5,0,4,55.6,0,44.4],[11,543,10,5,0,5,50,0,50],[12,3969,10,5,0,5,50,0,50],[13,13969,11,5,0,6,45.5,0,54.5],[14,89,9,2,0,7,22.2,0,77.8],[15,43,10,2,0,8,20,0,80],[16,4050,11,2,0,9,18.2,0,81.8]];
var GuestBs = [[1,13969,10,9,0,1,90,0,10],[2,16668,11,9,0,2,81.8,0,18.2],[3,528,9,6,0,3,66.7,0,33.3],[4,43,10,6,0,4,60,0,40],[5,542,10,6,0,4,60,0,40],[6,3969,10,6,0,4,60,0,40],[7,535,11,6,0,5,54.5,0,45.5],[8,4050,9,5,0,4,55.6,0,44.4],[9,541,10,5,0,5,50,0,50],[10,40,10,5,0,5,50,0,50],[11,41,10,4,0,6,40,0,60],[12,543,10,4,0,6,40,0,60],[13,89,11,4,0,7,36.4,0,63.6],[14,38,11,4,0,7,36.4,0,63.6],[15,39,11,4,0,7,36.4,0,63.6],[16,44,10,3,0,7,30,0,70]];
var TotalBsHalf = [[1,16668,21,10,3,8,47.6,14.3,38.1],[2,528,19,9,3,7,47.4,15.8,36.8],[3,3969,19,8,5,6,42.1,26.3,31.6],[4,4050,19,8,4,7,42.1,21.1,36.8],[5,541,20,8,4,8,40,20,40],[6,542,19,7,7,5,36.8,36.8,26.3],[7,39,20,7,8,5,35,40,25],[8,13969,19,7,6,6,36.8,31.6,31.6],[9,38,20,7,6,7,35,30,35],[10,43,20,7,5,8,35,25,40],[11,40,21,7,5,9,33.3,23.8,42.9],[12,543,19,6,6,7,31.6,31.6,36.8],[13,535,19,6,5,8,31.6,26.3,42.1],[14,44,19,6,4,9,31.6,21.1,47.4],[15,89,19,6,4,9,31.6,21.1,47.4],[16,41,19,5,4,10,26.3,21.1,52.6]];
var HomeBsHalf = [[1,16668,10,6,1,3,60,10,30],[2,543,10,5,2,3,50,20,30],[3,3969,10,5,2,3,50,20,30],[4,44,10,5,2,3,50,20,30],[5,528,11,5,1,5,45.5,9.1,45.5],[6,39,9,4,3,2,44.4,33.3,22.2],[7,542,10,4,4,2,40,40,20],[8,4050,11,4,2,5,36.4,18.2,45.5],[9,541,11,4,0,7,36.4,0,63.6],[10,41,9,3,3,3,33.3,33.3,33.3],[11,535,9,3,2,4,33.3,22.2,44.4],[12,38,9,3,2,4,33.3,22.2,44.4],[13,13969,11,3,4,4,27.3,36.4,36.4],[14,40,11,2,5,4,18.2,45.5,36.4],[15,89,9,1,3,5,11.1,33.3,55.6],[16,43,10,0,5,5,0,50,50]];
var GuestBsHalf = [[1,43,10,7,0,3,70,0,30],[2,89,10,5,1,4,50,10,40],[3,40,10,5,0,5,50,0,50],[4,541,9,4,4,1,44.4,44.4,11.1],[5,4050,8,4,2,2,50,25,25],[6,13969,8,4,2,2,50,25,25],[7,528,8,4,2,2,50,25,25],[8,38,11,4,4,3,36.4,36.4,27.3],[9,16668,11,4,2,5,36.4,18.2,45.5],[10,542,9,3,3,3,33.3,33.3,33.3],[11,3969,9,3,3,3,33.3,33.3,33.3],[12,39,11,3,5,3,27.3,45.5,27.3],[13,535,10,3,3,4,30,30,40],[14,41,10,2,1,7,20,10,70],[15,543,9,1,4,4,11.1,44.4,44.4],[16,44,9,1,2,6,11.1,22.2,66.7]];
var addUp = [172,52.8,0,0,154,47.2,[76.2,16668],[70,89],[88.9,39],[81.8,4050],[90,13969],[70,44]];
var addUpHalf = [114,36.5,79,25.3,119,38.1,[47.6,16668],[52.6,41],[60,16668],[63.6,541],[70,43],[70,41]];
var lastUpdateTime = '2026-04-07 17:19:37';
