var arrLeague = [36,'英格兰超级联赛','英格蘭超級聯賽','English Premier League','2022-2023','#FF3333','league_match/images/164577482086.png','英超','英超','ENG PR'];
var arrTeam = [[19,'阿森纳','阿仙奴','Arsenal','','images/164577419697.png',0],[20,'阿斯顿维拉','阿士東維拉','Aston Villa','','images/1hzrbdqcqe1x.png',0],[24,'切尔西','車路士','Chelsea','','images/164577409120.png',0],[25,'利物浦','利物浦','Liverpool','','images/1j6np822z82a.png',0],[26,'曼彻斯特城','曼城','Manchester City','','images/164577478031.png',0],[27,'曼彻斯特联','曼聯','Manchester United','','images/164577479190.png',0],[28,'纽卡斯尔联','紐卡素','Newcastle United','','images/164577474623.png',0],[29,'富勒姆','富咸','Fulham','','images/16486909637.png',0],[30,'南安普敦','修咸頓','Southampton','','images/164577463784.png',0],[31,'埃弗顿','愛華頓','Everton','','images/164577449385.png',0],[33,'托特纳姆热刺','熱刺','Tottenham Hotspur','','images/1jdbdk17e62x.png',0],[35,'水晶宫','水晶宮','Crystal Palace','','images/164577426766.png',0],[49,'诺丁汉森林','諾定咸森林','Nottingham Forest','','images/164869100556.png',0],[52,'狼队','狼隊','Wolves','','images/164577451783.png',0],[56,'利兹联','列斯聯','Leeds United','','images/164577434254.png',0],[59,'莱斯特城','李斯特城','Leicester City','','images/164577432827.png',0],[60,'布莱顿','白禮頓','Brighton Hove Albion','','images/164577420829.png',0],[62,'西汉姆联','韋斯咸','West Ham United','','images/164577453830.png',0],[348,'伯恩茅斯','般尼茅夫','AFC Bournemouth','','images/164869115455.png',0],[365,'布伦特福德','賓福特','Brentford','','images/164601812119.png',0]];
var TotalBs = [[1,19,38,24,2,12,63.2,5.3,31.6],[2,60,38,23,2,13,60.5,5.3,34.2],[3,56,38,23,0,15,60.5,0,39.5],[4,59,38,22,1,15,57.9,2.6,39.5],[5,33,38,22,1,15,57.9,2.6,39.5],[6,29,38,21,2,15,55.3,5.3,39.5],[7,30,38,20,0,18,52.6,0,47.4],[8,25,38,17,3,18,44.7,7.9,47.4],[9,20,38,17,1,20,44.7,2.6,52.6],[10,348,38,17,1,20,44.7,2.6,52.6],[11,28,38,17,1,20,44.7,2.6,52.6],[12,49,38,17,0,21,44.7,0,55.3],[13,26,38,16,4,18,42.1,10.5,47.4],[14,24,38,16,0,22,42.1,0,57.9],[15,365,38,16,0,22,42.1,0,57.9],[16,27,38,15,2,21,39.5,5.3,55.3],[17,31,38,15,1,22,39.5,2.6,57.9],[18,35,38,15,1,22,39.5,2.6,57.9],[19,62,38,14,0,24,36.8,0,63.2],[20,52,38,13,2,23,34.2,5.3,60.5]];
var HomeBs = [[1,19,19,15,2,2,78.9,10.5,10.5],[2,29,19,13,1,5,68.4,5.3,26.3],[3,56,19,12,0,7,63.2,0,36.8],[4,59,19,11,0,8,57.9,0,42.1],[5,26,19,11,0,8,57.9,0,42.1],[6,20,19,10,1,8,52.6,5.3,42.1],[7,33,19,10,1,8,52.6,5.3,42.1],[8,60,19,10,0,9,52.6,0,47.4],[9,30,19,9,0,10,47.4,0,52.6],[10,348,19,9,0,10,47.4,0,52.6],[11,365,19,9,0,10,47.4,0,52.6],[12,35,19,8,0,11,42.1,0,57.9],[13,27,19,7,2,10,36.8,10.5,52.6],[14,25,19,7,2,10,36.8,10.5,52.6],[15,31,19,7,1,11,36.8,5.3,57.9],[16,62,19,7,0,12,36.8,0,63.2],[17,28,19,7,0,12,36.8,0,63.2],[18,24,19,7,0,12,36.8,0,63.2],[19,49,19,7,0,12,36.8,0,63.2],[20,52,19,4,2,13,21.1,10.5,68.4]];
var GuestBs = [[1,60,19,13,2,4,68.4,10.5,21.1],[2,33,19,12,0,7,63.2,0,36.8],[3,59,19,11,1,7,57.9,5.3,36.8],[4,56,19,11,0,8,57.9,0,42.1],[5,30,19,11,0,8,57.9,0,42.1],[6,25,19,10,1,8,52.6,5.3,42.1],[7,28,19,10,1,8,52.6,5.3,42.1],[8,49,19,10,0,9,52.6,0,47.4],[9,52,19,9,0,10,47.4,0,52.6],[10,24,19,9,0,10,47.4,0,52.6],[11,19,19,9,0,10,47.4,0,52.6],[12,29,19,8,1,10,42.1,5.3,52.6],[13,348,19,8,1,10,42.1,5.3,52.6],[14,27,19,8,0,11,42.1,0,57.9],[15,31,19,8,0,11,42.1,0,57.9],[16,35,19,7,1,11,36.8,5.3,57.9],[17,20,19,7,0,12,36.8,0,63.2],[18,365,19,7,0,12,36.8,0,63.2],[19,62,19,7,0,12,36.8,0,63.2],[20,26,19,5,4,10,26.3,21.1,52.6]];
var TotalBsHalf = [[1,60,38,21,7,10,55.3,18.4,26.3],[2,26,38,21,0,17,55.3,0,44.7],[3,56,38,19,4,15,50,10.5,39.5],[4,19,38,19,2,17,50,5.3,44.7],[5,59,38,18,8,12,47.4,21.1,31.6],[6,25,38,18,0,20,47.4,0,52.6],[7,62,38,15,11,12,39.5,28.9,31.6],[8,348,38,15,10,13,39.5,26.3,34.2],[9,33,38,15,8,15,39.5,21.1,39.5],[10,365,38,14,10,14,36.8,26.3,36.8],[11,28,38,14,9,15,36.8,23.7,39.5],[12,20,38,13,14,11,34.2,36.8,28.9],[13,29,38,13,11,14,34.2,28.9,36.8],[14,49,38,13,10,15,34.2,26.3,39.5],[15,52,38,12,13,13,31.6,34.2,34.2],[16,24,38,12,11,15,31.6,28.9,39.5],[17,35,38,12,10,16,31.6,26.3,42.1],[18,30,38,10,15,13,26.3,39.5,34.2],[19,31,38,10,12,16,26.3,31.6,42.1],[20,27,38,10,3,25,26.3,7.9,65.8]];
var HomeBsHalf = [[1,26,19,14,0,5,73.7,0,26.3],[2,62,19,10,6,3,52.6,31.6,15.8],[3,56,19,10,2,7,52.6,10.5,36.8],[4,59,19,10,2,7,52.6,10.5,36.8],[5,33,19,10,1,8,52.6,5.3,42.1],[6,19,19,10,1,8,52.6,5.3,42.1],[7,60,19,9,3,7,47.4,15.8,36.8],[8,348,19,8,6,5,42.1,31.6,26.3],[9,49,19,8,5,6,42.1,26.3,31.6],[10,20,19,7,8,4,36.8,42.1,21.1],[11,29,19,7,6,6,36.8,31.6,31.6],[12,365,19,7,6,6,36.8,31.6,31.6],[13,25,19,7,0,12,36.8,0,63.2],[14,52,19,6,6,7,31.6,31.6,36.8],[15,28,19,6,4,9,31.6,21.1,47.4],[16,31,19,4,7,8,21.1,36.8,42.1],[17,35,19,4,6,9,21.1,31.6,47.4],[18,27,19,4,2,13,21.1,10.5,68.4],[19,30,19,3,7,9,15.8,36.8,47.4],[20,24,19,3,6,10,15.8,31.6,52.6]];
var GuestBsHalf = [[1,60,19,12,4,3,63.2,21.1,15.8],[2,25,19,11,0,8,57.9,0,42.1],[3,24,19,9,5,5,47.4,26.3,26.3],[4,56,19,9,2,8,47.4,10.5,42.1],[5,19,19,9,1,9,47.4,5.3,47.4],[6,59,19,8,6,5,42.1,31.6,26.3],[7,28,19,8,5,6,42.1,26.3,31.6],[8,35,19,8,4,7,42.1,21.1,36.8],[9,30,19,7,8,4,36.8,42.1,21.1],[10,348,19,7,4,8,36.8,21.1,42.1],[11,365,19,7,4,8,36.8,21.1,42.1],[12,26,19,7,0,12,36.8,0,63.2],[13,52,19,6,7,6,31.6,36.8,31.6],[14,20,19,6,6,7,31.6,31.6,36.8],[15,31,19,6,5,8,31.6,26.3,42.1],[16,29,19,6,5,8,31.6,26.3,42.1],[17,27,19,6,1,12,31.6,5.3,63.2],[18,33,19,5,7,7,26.3,36.8,36.8],[19,49,19,5,5,9,26.3,26.3,47.4],[20,62,19,5,5,9,26.3,26.3,47.4]];
var addUp = [360,47.4,24,3.2,376,49.5,[63.2,19],[63.2,62],[78.9,19],[68.4,52],[68.4,60],[63.2,20,365,62]];
var addUpHalf = [294,38.7,168,22.1,298,39.2,[55.3,60,26],[65.8,27],[73.7,26],[68.4,27],[63.2,60],[63.2,26,27]];
var lastUpdateTime = '2025-01-18 11:08:24';
