var arrLeague = [16,'荷兰甲组联赛','荷蘭甲組聯賽','Holland Eredivisie','2021-2022','#FF6699','league_match/images/20210531104733.png','荷甲','荷甲','HOL D1'];
var arrTeam = [[225,'威廉二世','威廉二世','Willem II','','images/225/1gq6hnbe3q23.png',0],[234,'阿尔克马尔','艾克馬亞','AZ Alkmaar','','images/165095691021.png',0],[235,'海伦芬','海倫維恩','SC Heerenveen','','images/165095697544.png',0],[236,'格罗宁根','高寧根','Groningen','','images/16509569590.png',0],[237,'乌德勒支','烏德勒支','FC Utrecht','','images/165095716992.png',0],[239,'奈梅亨','NEC尼美根','NEC Nijmegen','','images/165095704158.png',0],[241,'瓦尔韦克','RKC華域克','RKC Waalwijk','','images/165095708910.png',0],[246,'维迪斯','維迪斯','Vitesse Arnhem','','images/165095712094.png',0],[250,'特温特','川迪','FC Twente Enschede','','images/165095707230.png',0],[252,'费耶诺德','飛燕諾','Feyenoord','','images/165095692730.png',0],[253,'阿贾克斯','阿積士','AFC Ajax','','images/253/1gtg0nv66q2p.png',0],[254,'埃因霍温','PSV燕豪芬','PSV Eindhoven','','images/254/1gtg0nv5pw24.png',0],[273,'鹿特丹斯巴达','鹿特丹斯巴達','Sparta Rotterdam','','images/165095702458.png',0],[274,'福图纳锡塔德','幸運薛達','Fortuna Sittard','','images/165095694366.png',0],[278,'赫拉克莱斯','荷華高斯','Heracles Almelo','','images/165095718777.png',0],[280,'前进之鹰','伊高斯','Go Ahead Eagles','','images/16509570569.png',0],[288,'坎布尔','甘堡爾','SC Cambuur','','images/165095700772.png',0],[414,'兹沃勒','施禾尼','PEC Zwolle','','images/16509571534.png',0]];
var TotalBs = [[1,246,37,23,1,13,62.2,2.7,35.1],[2,288,34,22,2,10,64.7,5.9,29.4],[3,234,38,22,5,11,57.9,13.2,28.9],[4,274,34,20,1,13,58.8,2.9,38.2],[5,252,34,19,4,11,55.9,11.8,32.4],[6,254,34,17,7,10,50,20.6,29.4],[7,241,34,17,0,17,50,0,50],[8,235,36,17,1,18,47.2,2.8,50],[9,237,36,16,4,16,44.4,11.1,44.4],[10,250,34,16,1,17,47.1,2.9,50],[11,253,34,16,1,17,47.1,2.9,50],[12,236,34,16,0,18,47.1,0,52.9],[13,225,34,14,3,17,41.2,8.8,50],[14,239,34,14,1,19,41.2,2.9,55.9],[15,280,34,12,1,21,35.3,2.9,61.8],[16,273,33,10,2,21,30.3,6.1,63.6],[17,278,34,10,2,22,29.4,5.9,64.7],[18,414,34,9,0,25,26.5,0,73.5]];
var HomeBs = [[1,246,18,12,1,5,66.7,5.6,27.8],[2,288,17,11,2,4,64.7,11.8,23.5],[3,254,17,11,2,4,64.7,11.8,23.5],[4,234,19,11,3,5,57.9,15.8,26.3],[5,235,18,11,0,7,61.1,0,38.9],[6,274,17,10,1,6,58.8,5.9,35.3],[7,253,17,10,0,7,58.8,0,41.2],[8,237,18,9,1,8,50,5.6,44.4],[9,252,17,8,3,6,47.1,17.6,35.3],[10,250,17,8,0,9,47.1,0,52.9],[11,241,17,8,0,9,47.1,0,52.9],[12,280,17,7,0,10,41.2,0,58.8],[13,278,17,6,0,11,35.3,0,64.7],[14,225,17,5,3,9,29.4,17.6,52.9],[15,239,17,5,1,11,29.4,5.9,64.7],[16,236,17,5,0,12,29.4,0,70.6],[17,273,17,4,1,12,23.5,5.9,70.6],[18,414,17,4,0,13,23.5,0,76.5]];
var GuestBs = [[1,252,17,11,1,5,64.7,5.9,29.4],[2,288,17,11,0,6,64.7,0,35.3],[3,236,17,11,0,6,64.7,0,35.3],[4,234,19,11,2,6,57.9,10.5,31.6],[5,246,19,11,0,8,57.9,0,42.1],[6,274,17,10,0,7,58.8,0,41.2],[7,241,17,9,0,8,52.9,0,47.1],[8,239,17,9,0,8,52.9,0,47.1],[9,225,17,9,0,8,52.9,0,47.1],[10,250,17,8,1,8,47.1,5.9,47.1],[11,237,18,7,3,8,38.9,16.7,44.4],[12,254,17,6,5,6,35.3,29.4,35.3],[13,273,16,6,1,9,37.5,6.2,56.2],[14,253,17,6,1,10,35.3,5.9,58.8],[15,235,18,6,1,11,33.3,5.6,61.1],[16,280,17,5,1,11,29.4,5.9,64.7],[17,414,17,5,0,12,29.4,0,70.6],[18,278,17,4,2,11,23.5,11.8,64.7]];
var TotalBsHalf = [[1,234,38,20,3,15,52.6,7.9,39.5],[2,252,34,19,1,14,55.9,2.9,41.2],[3,274,34,18,3,13,52.9,8.8,38.2],[4,288,34,18,3,13,52.9,8.8,38.2],[5,246,37,17,9,11,45.9,24.3,29.7],[6,241,34,16,8,10,47.1,23.5,29.4],[7,254,34,16,0,18,47.1,0,52.9],[8,225,34,14,7,13,41.2,20.6,38.2],[9,239,34,14,6,14,41.2,17.6,41.2],[10,237,36,14,7,15,38.9,19.4,41.7],[11,253,34,14,0,20,41.2,0,58.8],[12,250,34,12,10,12,35.3,29.4,35.3],[13,280,34,11,8,15,32.4,23.5,44.1],[14,273,33,11,6,16,33.3,18.2,48.5],[15,235,36,11,5,20,30.6,13.9,55.6],[16,236,34,10,14,10,29.4,41.2,29.4],[17,278,34,10,8,16,29.4,23.5,47.1],[18,414,34,9,10,15,26.5,29.4,44.1]];
var HomeBsHalf = [[1,288,17,11,1,5,64.7,5.9,29.4],[2,234,19,11,1,7,57.9,5.3,36.8],[3,254,17,10,0,7,58.8,0,41.2],[4,280,17,9,3,5,52.9,17.6,29.4],[5,237,18,9,2,7,50,11.1,38.9],[6,252,17,9,0,8,52.9,0,47.1],[7,274,17,8,2,7,47.1,11.8,41.2],[8,253,17,8,0,9,47.1,0,52.9],[9,225,17,7,3,7,41.2,17.6,41.2],[10,246,18,7,2,9,38.9,11.1,50],[11,250,17,6,4,7,35.3,23.5,41.2],[12,235,18,6,4,8,33.3,22.2,44.4],[13,273,17,6,3,8,35.3,17.6,47.1],[14,241,17,5,6,6,29.4,35.3,35.3],[15,278,17,5,4,8,29.4,23.5,47.1],[16,414,17,4,5,8,23.5,29.4,47.1],[17,239,17,4,4,9,23.5,23.5,52.9],[18,236,17,2,10,5,11.8,58.8,29.4]];
var GuestBsHalf = [[1,241,17,11,2,4,64.7,11.8,23.5],[2,246,19,10,7,2,52.6,36.8,10.5],[3,239,17,10,2,5,58.8,11.8,29.4],[4,274,17,10,1,6,58.8,5.9,35.3],[5,252,17,10,1,6,58.8,5.9,35.3],[6,234,19,9,2,8,47.4,10.5,42.1],[7,236,17,8,4,5,47.1,23.5,29.4],[8,225,17,7,4,6,41.2,23.5,35.3],[9,288,17,7,2,8,41.2,11.8,47.1],[10,250,17,6,6,5,35.3,35.3,29.4],[11,253,17,6,0,11,35.3,0,64.7],[12,254,17,6,0,11,35.3,0,64.7],[13,414,17,5,5,7,29.4,29.4,41.2],[14,237,18,5,5,8,27.8,27.8,44.4],[15,273,16,5,3,8,31.2,18.8,50],[16,278,17,5,4,8,29.4,23.5,47.1],[17,235,18,5,1,12,27.8,5.6,66.7],[18,280,17,2,5,10,11.8,29.4,58.8]];
var addUp = [290,46.6,36,5.8,296,47.6,[64.7,288],[73.5,414],[66.7,246],[76.5,414],[64.7,252,288,236],[70.6,414]];
var addUpHalf = [254,40.8,108,17.4,260,41.8,[55.9,252],[58.8,253],[64.7,288],[52.9,253,239],[64.7,241],[66.7,235]];
var lastUpdateTime = '2025-01-18 15:35:58';
