var arrLeague = [22,'挪威超级联赛','挪威超級聯賽','Norway Eliteserien','2012','#666666','league_match/images/20200420075346.jpg','挪超','挪超','NOR D1'];
var arrTeam = [[475,'斯塔贝克','史達比克','Stabaek','','images/475/1gq6j9e9y51x.png',0],[478,'腓特烈斯塔','費德列斯達','Fredrikstad','','images/478/1gxmbn8q2v1f.png',0],[479,'奥德','奧特足球會','Odds Ballklubb','','images/479/1jjx4n5qy3b.png',0],[485,'瓦勒伦加','華拿倫加','Valerenga','','images/485/1gxmbkap742v.png',0],[495,'维京','維京','Viking','','images/495/1km206hznr1r.png',0],[498,'布兰','白蘭恩','Brann','','images/498/1kenbmf765v.png',0],[505,'莫尔德','莫迪','Molde','','images/505/1gxmbm1nc618.png',0],[507,'罗森博格','洛辛堡','Rosenborg BK','','images/507/1gxmbm1ncb32.png',0],[509,'利勒斯特罗姆','利尼史特朗','Lillestrom','','images/509/1gxmbm1nc124.png',0],[512,'松达尔','桑恩達','Sogndal','','images/512/1grmmxhterh.png',0],[514,'特罗姆瑟','特羅素','Tromso IL','','images/514/1gxmbm1ncd32.png',0],[1275,'侯尼霍斯','漢福斯','Honefoss BK','','images/1275/1gxmc0w99ez.png',0],[1280,'奥勒松','阿利辛特','Aalesund FK','','images/1280/1km206j04qg.png',0],[1285,'斯托姆加斯特','史卓加斯特','Stromsgodset','','images/1285/1gxmbm1ncn10.png',0],[2774,'桑德尼斯','辛尼斯','Sandnes Ulf','','images/2774/1gxmbp25vm10.png',0],[2822,'海于格松','侯格辛特','Haugesund','','images/2822/1knjwpjf8b2q.png',0]];
var TotalPanLu = [[1,1285,30,20,1,9,18,1,11,7,60,3.3,36.7],[2,2774,30,5,4,21,17,2,11,6,56.7,6.7,36.7],[3,495,30,16,3,11,17,1,12,5,56.7,3.3,40],[4,507,30,23,4,3,16,0,14,2,53.3,0,46.7],[5,505,30,22,2,6,15,2,13,2,50,6.7,43.3],[6,514,30,20,2,8,15,2,13,2,50,6.7,43.3],[7,512,30,11,1,18,15,1,14,1,50,3.3,46.7],[8,1275,30,7,6,17,14,3,13,1,46.7,10,43.3],[9,1280,30,12,4,14,14,3,13,1,46.7,10,43.3],[10,509,30,12,2,16,14,3,13,1,46.7,10,43.3],[11,479,30,10,4,16,14,2,14,0,46.7,6.7,46.7],[12,2822,30,16,5,9,13,2,15,-2,43.3,6.7,50],[13,485,30,14,4,12,13,1,16,-3,43.3,3.3,53.3],[14,498,30,15,2,13,12,1,17,-5,40,3.3,56.7],[15,478,30,11,2,17,11,1,18,-7,36.7,3.3,60],[16,475,30,2,2,26,9,1,20,-11,30,3.3,66.7]];
var HomePanLu = [[1,1285,15,14,1,0,11,0,4,7,73.3,0,26.7],[2,2774,15,5,3,7,9,2,4,5,60,13.3,26.7],[3,514,15,15,0,0,9,1,5,4,60,6.7,33.3],[4,1280,15,12,2,1,9,0,6,3,60,0,40],[5,495,15,14,1,0,9,0,6,3,60,0,40],[6,505,15,15,0,0,8,2,5,3,53.3,13.3,33.3],[7,498,15,13,2,0,8,1,6,2,53.3,6.7,40],[8,507,15,15,0,0,8,0,7,1,53.3,0,46.7],[9,485,15,13,0,2,8,0,7,1,53.3,0,46.7],[10,479,15,10,2,3,7,1,7,0,46.7,6.7,46.7],[11,512,15,10,1,4,7,1,7,0,46.7,6.7,46.7],[12,2822,15,14,1,0,7,0,8,-1,46.7,0,53.3],[13,1275,15,7,6,2,6,2,7,-1,40,13.3,46.7],[14,478,15,10,2,3,5,1,9,-4,33.3,6.7,60],[15,509,15,11,1,3,5,1,9,-4,33.3,6.7,60],[16,475,15,2,2,11,3,1,11,-8,20,6.7,73.3]];
var GuestPanLu = [[1,509,15,1,1,13,9,2,4,5,60,13.3,26.7],[2,1275,15,0,0,15,8,1,6,2,53.3,6.7,40],[3,495,15,2,2,11,8,1,6,2,53.3,6.7,40],[4,507,15,8,4,3,8,0,7,1,53.3,0,46.7],[5,512,15,1,0,14,8,0,7,1,53.3,0,46.7],[6,2774,15,0,1,14,8,0,7,1,53.3,0,46.7],[7,1285,15,6,0,9,7,1,7,0,46.7,6.7,46.7],[8,479,15,0,2,13,7,1,7,0,46.7,6.7,46.7],[9,505,15,7,2,6,7,0,8,-1,46.7,0,53.3],[10,2822,15,2,4,9,6,2,7,-1,40,13.3,46.7],[11,514,15,5,2,8,6,1,8,-2,40,6.7,53.3],[12,475,15,0,0,15,6,0,9,-3,40,0,60],[13,478,15,1,0,14,6,0,9,-3,40,0,60],[14,1280,15,0,2,13,5,3,7,-2,33.3,20,46.7],[15,485,15,1,4,10,5,1,9,-4,33.3,6.7,60],[16,498,15,2,0,13,4,0,11,-7,26.7,0,73.3]];
var TotalHalfPanLu = [[1,505,30,0,0,0,17,4,9,8,56.7,13.3,30],[2,475,30,0,0,0,17,1,12,5,56.7,3.3,40],[3,514,30,0,0,0,15,3,12,3,50,10,40],[4,512,30,0,0,0,15,2,13,2,50,6.7,43.3],[5,1275,30,0,0,0,14,7,9,5,46.7,23.3,30],[6,479,30,0,0,0,14,4,12,2,46.7,13.3,40],[7,1285,30,0,0,0,14,1,15,-1,46.7,3.3,50],[8,495,30,0,0,0,13,6,11,2,43.3,20,36.7],[9,2822,30,0,0,0,13,4,13,0,43.3,13.3,43.3],[10,2774,30,0,0,0,12,4,14,-2,40,13.3,46.7],[11,1280,30,0,0,0,12,4,14,-2,40,13.3,46.7],[12,485,30,0,0,0,12,4,14,-2,40,13.3,46.7],[13,509,30,0,0,0,12,3,15,-3,40,10,50],[14,478,30,0,0,0,12,2,16,-4,40,6.7,53.3],[15,498,30,0,0,0,12,2,16,-4,40,6.7,53.3],[16,507,30,0,0,0,8,5,17,-9,26.7,16.7,56.7]];
var HomeHalfPanLu = [[1,475,15,0,0,0,8,1,6,2,53.3,6.7,40],[2,514,15,0,0,0,8,0,7,1,53.3,0,46.7],[3,1285,15,0,0,0,8,0,7,1,53.3,0,46.7],[4,1280,15,0,0,0,7,1,7,0,46.7,6.7,46.7],[5,505,15,0,0,0,7,1,7,0,46.7,6.7,46.7],[6,495,15,0,0,0,6,2,7,-1,40,13.3,46.7],[7,479,15,0,0,0,6,2,7,-1,40,13.3,46.7],[8,2774,15,0,0,0,5,4,6,-1,33.3,26.7,40],[9,2822,15,0,0,0,5,2,8,-3,33.3,13.3,53.3],[10,478,15,0,0,0,5,2,8,-3,33.3,13.3,53.3],[11,498,15,0,0,0,5,1,9,-4,33.3,6.7,60],[12,512,15,0,0,0,5,1,9,-4,33.3,6.7,60],[13,507,15,0,0,0,5,0,10,-5,33.3,0,66.7],[14,509,15,0,0,0,3,2,10,-7,20,13.3,66.7],[15,485,15,0,0,0,3,2,10,-7,20,13.3,66.7],[16,1275,15,0,0,0,2,7,6,-4,13.3,46.7,40]];
var GuestHalfPanLu = [[1,1275,15,0,0,0,12,0,3,9,80,0,20],[2,505,15,0,0,0,10,3,2,8,66.7,20,13.3],[3,512,15,0,0,0,10,1,4,6,66.7,6.7,26.7],[4,485,15,0,0,0,9,2,4,5,60,13.3,26.7],[5,509,15,0,0,0,9,1,5,4,60,6.7,33.3],[6,475,15,0,0,0,9,0,6,3,60,0,40],[7,479,15,0,0,0,8,2,5,3,53.3,13.3,33.3],[8,2822,15,0,0,0,8,2,5,3,53.3,13.3,33.3],[9,495,15,0,0,0,7,4,4,3,46.7,26.7,26.7],[10,514,15,0,0,0,7,3,5,2,46.7,20,33.3],[11,498,15,0,0,0,7,1,7,0,46.7,6.7,46.7],[12,478,15,0,0,0,7,0,8,-1,46.7,0,53.3],[13,2774,15,0,0,0,7,0,8,-1,46.7,0,53.3],[14,1285,15,0,0,0,6,1,8,-2,40,6.7,53.3],[15,1280,15,0,0,0,5,3,7,-2,33.3,20,46.7],[16,507,15,0,0,0,3,5,7,-4,20,33.3,46.7]];
var addUp = [119,49.6,13,5.4,108,45,[60,1285],[66.7,475],[73.3,1285],[73.3,475],[60,509],[73.3,498],[10,1275,1280,509],[0,507]];
var addUpHalf = [88,36.7,28,11.7,124,51.7,[56.7,505,475],[56.7,507],[53.3,475,514,1285],[66.7,507,509,485],[80,1275],[53.3,478,2774,1285],[23.3,1275],[3.3,475,1285]];
var lastUpdateTime = '2026-04-07 17:19:23';
