var arrLeague = [22,'挪威超级联赛','挪威超級聯賽','Norway Eliteserien','2012','#666666','league_match/images/20200420075346.jpg','挪超','挪超','NOR D1'];
var arrTeam = [[475,'斯塔贝克','史達比克','Stabaek','','images/475/1gq6j9e9y51x.png',0],[478,'腓特烈斯塔','費德列斯達','Fredrikstad','','images/478/1gxmbn8q2v1f.png',0],[479,'奥德','奧特足球會','Odds Ballklubb','','images/479/1jjx4n5qy3b.png',0],[485,'瓦勒伦加','華拿倫加','Valerenga','','images/485/1gxmbkap742v.png',0],[495,'维京','維京','Viking','','images/495/1km206hznr1r.png',0],[498,'布兰','白蘭恩','Brann','','images/498/1kenbmf765v.png',0],[505,'莫尔德','莫迪','Molde','','images/505/1gxmbm1nc618.png',0],[507,'罗森博格','洛辛堡','Rosenborg BK','','images/507/1gxmbm1ncb32.png',0],[509,'利勒斯特罗姆','利尼史特朗','Lillestrom','','images/509/1gxmbm1nc124.png',0],[512,'松达尔','桑恩達','Sogndal','','images/512/1grmmxhterh.png',0],[514,'特罗姆瑟','特羅素','Tromso IL','','images/514/1gxmbm1ncd32.png',0],[1275,'侯尼霍斯','漢福斯','Honefoss BK','','images/1275/1gxmc0w99ez.png',0],[1280,'奥勒松','阿利辛特','Aalesund FK','','images/1280/1km206j04qg.png',0],[1285,'斯托姆加斯特','史卓加斯特','Stromsgodset','','images/1285/1gxmbm1ncn10.png',0],[2774,'桑德尼斯','辛尼斯','Sandnes Ulf','','images/2774/1gxmbp25vm10.png',0],[2822,'海于格松','侯格辛特','Haugesund','','images/2822/1knjwpjf8b2q.png',0]];
var TotalBs = [[1,498,30,18,3,9,60,10,30],[2,2774,30,18,1,11,60,3.3,36.7],[3,1280,30,18,0,12,60,0,40],[4,1285,30,17,4,9,56.7,13.3,30],[5,475,30,17,3,10,56.7,10,33.3],[6,478,30,17,1,12,56.7,3.3,40],[7,485,30,17,1,12,56.7,3.3,40],[8,495,30,15,1,14,50,3.3,46.7],[9,479,30,15,1,14,50,3.3,46.7],[10,509,30,14,2,14,46.7,6.7,46.7],[11,512,30,14,0,16,46.7,0,53.3],[12,507,30,13,2,15,43.3,6.7,50],[13,505,30,13,1,16,43.3,3.3,53.3],[14,2822,30,13,0,17,43.3,0,56.7],[15,1275,30,12,0,18,40,0,60],[16,514,30,11,0,19,36.7,0,63.3]];
var HomeBs = [[1,478,15,11,0,4,73.3,0,26.7],[2,498,15,10,2,3,66.7,13.3,20],[3,1280,15,10,0,5,66.7,0,33.3],[4,505,15,9,1,5,60,6.7,33.3],[5,1285,15,9,1,5,60,6.7,33.3],[6,479,15,9,1,5,60,6.7,33.3],[7,495,15,8,1,6,53.3,6.7,40],[8,485,15,7,1,7,46.7,6.7,46.7],[9,507,15,7,0,8,46.7,0,53.3],[10,2774,15,6,1,8,40,6.7,53.3],[11,509,15,6,1,8,40,6.7,53.3],[12,475,15,6,1,8,40,6.7,53.3],[13,2822,15,6,0,9,40,0,60],[14,1275,15,6,0,9,40,0,60],[15,514,15,6,0,9,40,0,60],[16,512,15,5,0,10,33.3,0,66.7]];
var GuestBs = [[1,2774,15,12,0,3,80,0,20],[2,475,15,11,2,2,73.3,13.3,13.3],[3,485,15,10,0,5,66.7,0,33.3],[4,512,15,9,0,6,60,0,40],[5,1285,15,8,3,4,53.3,20,26.7],[6,509,15,8,1,6,53.3,6.7,40],[7,498,15,8,1,6,53.3,6.7,40],[8,1280,15,8,0,7,53.3,0,46.7],[9,495,15,7,0,8,46.7,0,53.3],[10,2822,15,7,0,8,46.7,0,53.3],[11,507,15,6,2,7,40,13.3,46.7],[12,478,15,6,1,8,40,6.7,53.3],[13,479,15,6,0,9,40,0,60],[14,1275,15,6,0,9,40,0,60],[15,514,15,5,0,10,33.3,0,66.7],[16,505,15,4,0,11,26.7,0,73.3]];
var TotalBsHalf = [[1,2774,29,16,4,9,55.2,13.8,31],[2,478,30,14,3,13,46.7,10,43.3],[3,479,29,13,6,10,44.8,20.7,34.5],[4,485,29,13,3,13,44.8,10.3,44.8],[5,475,29,13,1,15,44.8,3.4,51.7],[6,1280,30,12,7,11,40,23.3,36.7],[7,1285,30,11,5,14,36.7,16.7,46.7],[8,509,30,9,8,13,30,26.7,43.3],[9,505,29,9,4,16,31,13.8,55.2],[10,498,29,9,2,18,31,6.9,62.1],[11,495,30,8,8,14,26.7,26.7,46.7],[12,514,30,8,6,16,26.7,20,53.3],[13,2822,30,7,7,16,23.3,23.3,53.3],[14,1275,30,7,5,18,23.3,16.7,60],[15,512,30,6,9,15,20,30,50],[16,507,29,6,0,23,20.7,0,79.3]];
var HomeBsHalf = [[1,478,15,10,1,4,66.7,6.7,26.7],[2,479,15,7,4,4,46.7,26.7,26.7],[3,505,15,7,1,7,46.7,6.7,46.7],[4,1285,15,6,3,6,40,20,40],[5,514,15,6,1,8,40,6.7,53.3],[6,2774,15,5,4,6,33.3,26.7,40],[7,1280,15,5,4,6,33.3,26.7,40],[8,1275,15,5,2,8,33.3,13.3,53.3],[9,498,15,5,1,9,33.3,6.7,60],[10,475,15,5,1,9,33.3,6.7,60],[11,485,15,5,0,10,33.3,0,66.7],[12,509,15,4,4,7,26.7,26.7,46.7],[13,2822,15,4,2,9,26.7,13.3,60],[14,507,15,3,0,12,20,0,80],[15,495,15,2,6,7,13.3,40,46.7],[16,512,15,2,5,8,13.3,33.3,53.3]];
var GuestBsHalf = [[1,2774,14,11,0,3,78.6,0,21.4],[2,485,14,8,3,3,57.1,21.4,21.4],[3,475,14,8,0,6,57.1,0,42.9],[4,1280,15,7,3,5,46.7,20,33.3],[5,479,14,6,2,6,42.9,14.3,42.9],[6,495,15,6,2,7,40,13.3,46.7],[7,509,15,5,4,6,33.3,26.7,40],[8,1285,15,5,2,8,33.3,13.3,53.3],[9,512,15,4,4,7,26.7,26.7,46.7],[10,478,15,4,2,9,26.7,13.3,60],[11,498,14,4,1,9,28.6,7.1,64.3],[12,2822,14,3,5,6,21.4,35.7,42.9],[13,507,14,3,0,11,21.4,0,78.6],[14,514,15,2,5,8,13.3,33.3,53.3],[15,505,14,2,3,9,14.3,21.4,64.3],[16,1275,15,2,3,10,13.3,20,66.7],[17,2822,1,0,0,1,0,0,100]];
var addUp = [242,50.4,20,4.2,218,45.4,[60,498,2774,1280],[63.3,514],[73.3,478],[66.7,512],[80,2774],[73.3,505]];
var addUpHalf = [161,34,78,16.5,234,49.5,[55.2,2774],[79.3,507],[66.7,478],[80,507],[78.6,2774],[100,2822]];
var lastUpdateTime = '2026-04-07 17:19:36';
