var arrLeague = [31,'西班牙甲组联赛','西班牙甲組聯賽','Spanish La Liga','2021-2022','#006633','league_match/images/1h56j6h3ep1.png','西甲','西甲','SPA D1'];
var arrTeam = [[82,'皇家马德里','皇家馬德里','Real Madrid','','images/164871252161.png',0],[84,'巴塞罗那','巴塞隆拿','FC Barcelona','','images/164871253294.png',0],[86,'塞维利亚','西維爾','Sevilla','','images/164871255158.png',0],[91,'巴伦西亚','華倫西亞','Valencia','','images/164871269140.png',0],[92,'毕尔巴鄂竞技','畢爾包','Athletic Bilbao','','images/164871258463.png',0],[94,'奥萨苏纳','奧沙辛拿','Osasuna','','images/164871260392.png',0],[96,'皇家贝蒂斯','貝迪斯','Real Betis','','images/164871261858.png',0],[98,'赫塔菲','加泰','Getafe','','images/164871263258.png',0],[100,'西班牙人','愛斯賓奴','RCD Espanyol','','images/164871556292.png',0],[101,'马洛卡','馬略卡','Mallorca','','images/164871266038.png',0],[103,'莱万特','利雲特','Levante','','images/164871559313.png',0],[106,'皇家社会','皇家蘇斯達','Real Sociedad','','images/164871271877.png',0],[107,'比利亚雷亚尔','維拉利爾','Villarreal','','images/164871273527.png',0],[109,'马德里竞技','馬德里體育會','Atletico Madrid','','images/164871274624.png',0],[114,'塞尔塔','切爾達','Celta Vigo','','images/164871275971.png',0],[121,'格拉纳达','格蘭納達','Granada CF','','images/164871277443.png',0],[126,'艾尔切','艾爾切','Elche','','images/164871278741.png',0],[137,'阿拉维斯','艾拉維斯','Alaves','','images/164871280016.png',0],[143,'加的斯','卡迪斯','Cadiz','','images/164871281668.png',0],[994,'巴列卡诺','華歷簡奴','Rayo Vallecano','','images/164871283245.png',0]];
var TotalBs = [[1,109,38,22,1,15,57.9,2.6,39.5],[2,82,38,21,2,15,55.3,5.3,39.5],[3,103,38,21,0,17,55.3,0,44.7],[4,126,38,20,2,16,52.6,5.3,42.1],[5,96,38,20,0,18,52.6,0,47.4],[6,91,38,19,0,19,50,0,50],[7,137,38,18,4,16,47.4,10.5,42.1],[8,84,38,18,1,19,47.4,2.6,50],[9,101,38,17,3,18,44.7,7.9,47.4],[10,100,38,17,2,19,44.7,5.3,50],[11,121,38,17,1,20,44.7,2.6,52.6],[12,107,38,17,0,21,44.7,0,55.3],[13,143,38,14,4,20,36.8,10.5,52.6],[14,94,38,14,4,20,36.8,10.5,52.6],[15,994,38,14,3,21,36.8,7.9,55.3],[16,92,38,13,4,21,34.2,10.5,55.3],[17,114,38,13,1,24,34.2,2.6,63.2],[18,98,38,12,8,18,31.6,21.1,47.4],[19,106,38,12,2,24,31.6,5.3,63.2],[20,86,38,11,0,27,28.9,0,71.1]];
var HomeBs = [[1,126,19,10,1,8,52.6,5.3,42.1],[2,91,19,10,0,9,52.6,0,47.4],[3,103,19,10,0,9,52.6,0,47.4],[4,96,19,10,0,9,52.6,0,47.4],[5,107,19,10,0,9,52.6,0,47.4],[6,92,19,9,3,7,47.4,15.8,36.8],[7,82,19,9,2,8,47.4,10.5,42.1],[8,121,19,9,1,9,47.4,5.3,47.4],[9,84,19,9,1,9,47.4,5.3,47.4],[10,109,19,9,0,10,47.4,0,52.6],[11,86,19,9,0,10,47.4,0,52.6],[12,994,19,8,1,10,42.1,5.3,52.6],[13,114,19,8,1,10,42.1,5.3,52.6],[14,98,19,8,1,10,42.1,5.3,52.6],[15,101,19,8,0,11,42.1,0,57.9],[16,94,19,7,2,10,36.8,10.5,52.6],[17,137,19,7,2,10,36.8,10.5,52.6],[18,143,19,6,4,9,31.6,21.1,47.4],[19,100,19,6,2,11,31.6,10.5,57.9],[20,106,19,3,0,16,15.8,0,84.2]];
var GuestBs = [[1,109,19,13,1,5,68.4,5.3,26.3],[2,82,19,12,0,7,63.2,0,36.8],[3,137,19,11,2,6,57.9,10.5,31.6],[4,103,19,11,0,8,57.9,0,42.1],[5,100,19,11,0,8,57.9,0,42.1],[6,126,19,10,1,8,52.6,5.3,42.1],[7,96,19,10,0,9,52.6,0,47.4],[8,101,19,9,3,7,47.4,15.8,36.8],[9,106,19,9,2,8,47.4,10.5,42.1],[10,84,19,9,0,10,47.4,0,52.6],[11,91,19,9,0,10,47.4,0,52.6],[12,143,19,8,0,11,42.1,0,57.9],[13,121,19,8,0,11,42.1,0,57.9],[14,94,19,7,2,10,36.8,10.5,52.6],[15,107,19,7,0,12,36.8,0,63.2],[16,994,19,6,2,11,31.6,10.5,57.9],[17,114,19,5,0,14,26.3,0,73.7],[18,98,19,4,7,8,21.1,36.8,42.1],[19,92,19,4,1,14,21.1,5.3,73.7],[20,86,19,2,0,17,10.5,0,89.5]];
var TotalBsHalf = [[1,98,38,23,2,13,60.5,5.3,34.2],[2,100,38,21,5,12,55.3,13.2,31.6],[3,994,38,20,4,14,52.6,10.5,36.8],[4,91,38,19,4,15,50,10.5,39.5],[5,137,38,19,4,15,50,10.5,39.5],[6,86,38,18,6,14,47.4,15.8,36.8],[7,101,38,18,4,16,47.4,10.5,42.1],[8,109,38,17,10,11,44.7,26.3,28.9],[9,114,38,17,6,15,44.7,15.8,39.5],[10,143,38,17,6,15,44.7,15.8,39.5],[11,126,38,17,6,15,44.7,15.8,39.5],[12,94,38,17,5,16,44.7,13.2,42.1],[13,121,38,16,9,13,42.1,23.7,34.2],[14,92,38,16,9,13,42.1,23.7,34.2],[15,107,38,16,8,14,42.1,21.1,36.8],[16,96,38,15,11,12,39.5,28.9,31.6],[17,103,38,15,9,14,39.5,23.7,36.8],[18,84,38,15,5,18,39.5,13.2,47.4],[19,82,38,13,9,16,34.2,23.7,42.1],[20,106,38,9,8,21,23.7,21.1,55.3]];
var HomeBsHalf = [[1,100,19,11,4,4,57.9,21.1,21.1],[2,994,19,11,1,7,57.9,5.3,36.8],[3,86,19,10,5,4,52.6,26.3,21.1],[4,107,19,10,4,5,52.6,21.1,26.3],[5,114,19,10,4,5,52.6,21.1,26.3],[6,92,19,10,4,5,52.6,21.1,26.3],[7,126,19,10,2,7,52.6,10.5,36.8],[8,101,19,10,2,7,52.6,10.5,36.8],[9,96,19,9,6,4,47.4,31.6,21.1],[10,94,19,9,2,8,47.4,10.5,42.1],[11,121,19,8,6,5,42.1,31.6,26.3],[12,82,19,8,3,8,42.1,15.8,42.1],[13,91,19,8,3,8,42.1,15.8,42.1],[14,84,19,8,2,9,42.1,10.5,47.4],[15,98,19,8,1,10,42.1,5.3,52.6],[16,143,19,8,1,10,42.1,5.3,52.6],[17,137,19,8,1,10,42.1,5.3,52.6],[18,103,19,6,3,10,31.6,15.8,52.6],[19,109,19,5,7,7,26.3,36.8,36.8],[20,106,19,2,4,13,10.5,21.1,68.4]];
var GuestBsHalf = [[1,98,19,15,1,3,78.9,5.3,15.8],[2,109,19,12,3,4,63.2,15.8,21.1],[3,137,19,11,3,5,57.9,15.8,26.3],[4,91,19,11,1,7,57.9,5.3,36.8],[5,100,19,10,1,8,52.6,5.3,42.1],[6,103,19,9,6,4,47.4,31.6,21.1],[7,143,19,9,5,5,47.4,26.3,26.3],[8,994,19,9,3,7,47.4,15.8,36.8],[9,94,19,8,3,8,42.1,15.8,42.1],[10,121,19,8,3,8,42.1,15.8,42.1],[11,101,19,8,2,9,42.1,10.5,47.4],[12,86,19,8,1,10,42.1,5.3,52.6],[13,106,19,7,4,8,36.8,21.1,42.1],[14,126,19,7,4,8,36.8,21.1,42.1],[15,84,19,7,3,9,36.8,15.8,47.4],[16,114,19,7,2,10,36.8,10.5,52.6],[17,96,19,6,5,8,31.6,26.3,42.1],[18,92,19,6,5,8,31.6,26.3,42.1],[19,107,19,6,4,9,31.6,21.1,47.4],[20,82,19,5,6,8,26.3,31.6,42.1]];
var addUp = [330,43.4,42,5.5,388,51.1,[57.9,109],[71.1,86],[52.6,126,91,103,96,107],[84.2,106],[68.4,109],[89.5,86]];
var addUpHalf = [338,44.5,130,17.1,292,38.4,[60.5,98],[55.3,106],[57.9,100,994],[68.4,106],[78.9,98],[52.6,86,114]];
var lastUpdateTime = '2025-01-18 15:35:58';
