var arrLeague = [22,'挪威超级联赛','挪威超級聯賽','Norwegian Tippeligaen','2022','#666666','league_match/images/20200420075346.jpg','挪超','挪超','NOR D1'];
var arrTeam = [[472,'博德闪耀','波杜基林特','Bodo Glimt','','images/472/1gq6j9e9em1s.png',0],[479,'奥德格伦兰','奧特格寧蘭','Odd Grenland','','images/479/1hw70bzw2q11.png',0],[485,'瓦勒伦加','華拿倫加','Valerenga','','images/485/1gxmbkap742v.png',0],[495,'维京','維京','Viking','','images/495/1gv9q9y3qv1r.png',0],[496,'汉坎','咸卡姆','Ham-Kam','','images/496/1gxmbm1ncxw.png',0],[505,'莫尔德','莫迪','Molde','','images/505/1gxmbm1nc618.png',0],[507,'罗森博格','洛辛堡','Rosenborg','','images/507/1gxmbm1ncb32.png',0],[509,'利勒斯特罗姆','利尼史特朗','Lillestrom','','images/509/1gxmbm1nc124.png',0],[514,'特罗姆瑟','特羅素','Tromso IL','','images/514/1gxmbm1ncd32.png',0],[1280,'奥勒松','阿利辛特','Aalesund FK','','images/1280/1gxmbm1ncng.png',0],[1282,'桑德菲杰','辛迪夫佐特','Sandefjord','','images/1282/1gqv25gza42a.png',0],[1285,'斯托姆加斯特','史卓加斯特','Stromsgodset','','images/1285/1gxmbm1ncn10.png',0],[2255,'萨普斯堡','薩普斯堡','Sarpsborg 08','','images/2255/1gxmbm1ncd2y.png',0],[2261,'谢夫','謝夫','Jerv','','images/2261/1gxmbp26ae24.png',0],[2822,'海于格松','侯格辛特','Haugesund','','images/2822/1gxmbm1nc6q.png',0],[4174,'克里斯蒂安松','基斯迪辛特','Kristiansund BK','','images/4174/1gxmbp26a81v.png',0]];
var TotalPanLu = [[1,505,30,26,3,1,20,4,6,14,66.7,13.3,20],[2,509,30,20,2,8,18,0,12,6,60,0,40],[3,472,30,29,0,1,17,0,13,4,56.7,0,43.3],[4,514,30,11,5,14,16,2,12,4,53.3,6.7,40],[5,479,30,11,2,17,16,0,14,2,53.3,0,46.7],[6,507,30,20,4,6,15,4,11,4,50,13.3,36.7],[7,1280,30,8,4,18,15,3,12,3,50,10,40],[8,2822,30,6,5,19,15,2,13,2,50,6.7,43.3],[9,496,30,7,4,19,14,3,13,1,46.7,10,43.3],[10,2261,30,1,4,25,13,2,15,-2,43.3,6.7,50],[11,485,30,17,5,8,13,2,15,-2,43.3,6.7,50],[12,4174,30,7,3,20,13,1,16,-3,43.3,3.3,53.3],[13,2255,30,14,5,11,12,1,17,-5,40,3.3,56.7],[14,1285,30,10,4,16,12,0,18,-6,40,0,60],[15,1282,30,3,6,21,10,2,18,-8,33.3,6.7,60],[16,495,30,21,2,7,8,0,22,-14,26.7,0,73.3]];
var HomePanLu = [[1,507,15,13,1,1,9,2,4,5,60,13.3,26.7],[2,505,15,15,0,0,9,1,5,4,60,6.7,33.3],[3,509,15,13,1,1,9,0,6,3,60,0,40],[4,514,15,10,2,3,9,0,6,3,60,0,40],[5,485,15,12,1,2,9,0,6,3,60,0,40],[6,2822,15,6,3,6,7,1,7,0,46.7,6.7,46.7],[7,4174,15,6,1,8,7,1,7,0,46.7,6.7,46.7],[8,1285,15,9,2,4,7,0,8,-1,46.7,0,53.3],[9,472,15,15,0,0,7,0,8,-1,46.7,0,53.3],[10,479,15,9,1,5,7,0,8,-1,46.7,0,53.3],[11,1280,15,7,3,5,6,2,7,-1,40,13.3,46.7],[12,496,15,7,3,5,5,2,8,-3,33.3,13.3,53.3],[13,2255,15,11,3,1,5,1,9,-4,33.3,6.7,60],[14,2261,15,1,4,10,5,1,9,-4,33.3,6.7,60],[15,1282,15,3,4,8,4,2,9,-5,26.7,13.3,60],[16,495,15,13,0,2,3,0,12,-9,20,0,80]];
var GuestPanLu = [[1,505,15,11,3,1,11,3,1,10,73.3,20,6.7],[2,472,15,14,0,1,10,0,5,5,66.7,0,33.3],[3,496,15,0,1,14,9,1,5,4,60,6.7,33.3],[4,1280,15,1,1,13,9,1,5,4,60,6.7,33.3],[5,479,15,2,1,12,9,0,6,3,60,0,40],[6,509,15,7,1,7,9,0,6,3,60,0,40],[7,2261,15,0,0,15,8,1,6,2,53.3,6.7,40],[8,2822,15,0,2,13,8,1,6,2,53.3,6.7,40],[9,514,15,1,3,11,7,2,6,1,46.7,13.3,40],[10,2255,15,3,2,10,7,0,8,-1,46.7,0,53.3],[11,507,15,7,3,5,6,2,7,-1,40,13.3,46.7],[12,4174,15,1,2,12,6,0,9,-3,40,0,60],[13,1282,15,0,2,13,6,0,9,-3,40,0,60],[14,1285,15,1,2,12,5,0,10,-5,33.3,0,66.7],[15,495,15,8,2,5,5,0,10,-5,33.3,0,66.7],[16,485,15,5,4,6,4,2,9,-5,26.7,13.3,60]];
var TotalHalfPanLu = [[1,496,30,3,11,16,19,3,8,11,63.3,10,26.7],[2,505,30,24,5,1,18,3,9,9,60,10,30],[3,1280,30,6,8,16,15,5,10,5,50,16.7,33.3],[4,507,30,17,10,3,15,2,13,2,50,6.7,43.3],[5,479,30,7,10,13,14,5,11,3,46.7,16.7,36.7],[6,2822,30,6,9,15,14,3,13,1,46.7,10,43.3],[7,4174,30,4,9,17,14,1,15,-1,46.7,3.3,50],[8,472,30,26,4,0,14,0,16,-2,46.7,0,53.3],[9,485,30,14,12,4,13,2,15,-2,43.3,6.7,50],[10,509,30,15,10,5,12,4,14,-2,40,13.3,46.7],[11,1282,30,2,10,18,12,4,14,-2,40,13.3,46.7],[12,1285,30,7,11,12,11,6,13,-2,36.7,20,43.3],[13,2261,30,0,7,23,11,5,14,-3,36.7,16.7,46.7],[14,2255,30,11,11,8,11,4,15,-4,36.7,13.3,50],[15,514,30,7,12,11,10,6,14,-4,33.3,20,46.7],[16,495,30,18,7,5,9,3,18,-9,30,10,60]];
var HomeHalfPanLu = [[1,505,15,14,1,0,11,0,4,7,73.3,0,26.7],[2,507,15,13,2,0,9,1,5,4,60,6.7,33.3],[3,4174,15,4,5,6,9,0,6,3,60,0,40],[4,1285,15,7,5,3,8,2,5,3,53.3,13.3,33.3],[5,496,15,3,9,3,7,3,5,2,46.7,20,33.3],[6,479,15,7,5,3,7,2,6,1,46.7,13.3,40],[7,509,15,12,2,1,7,1,7,0,46.7,6.7,46.7],[8,472,15,15,0,0,7,0,8,-1,46.7,0,53.3],[9,1282,15,2,8,5,6,3,6,0,40,20,40],[10,485,15,11,4,0,6,0,9,-3,40,0,60],[11,495,15,11,3,1,6,0,9,-3,40,0,60],[12,514,15,7,6,2,5,2,8,-3,33.3,13.3,53.3],[13,1280,15,5,6,4,4,4,7,-3,26.7,26.7,46.7],[14,2822,15,6,5,4,4,2,9,-5,26.7,13.3,60],[15,2261,15,0,7,8,3,5,7,-4,20,33.3,46.7],[16,2255,15,9,5,1,3,3,9,-6,20,20,60]];
var GuestHalfPanLu = [[1,496,15,0,2,13,12,0,3,9,80,0,20],[2,1280,15,1,2,12,11,1,3,8,73.3,6.7,20],[3,2822,15,0,4,11,10,1,4,6,66.7,6.7,26.7],[4,2255,15,2,6,7,8,1,6,2,53.3,6.7,40],[5,2261,15,0,0,15,8,0,7,1,53.3,0,46.7],[6,505,15,10,4,1,7,3,5,2,46.7,20,33.3],[7,479,15,0,5,10,7,3,5,2,46.7,20,33.3],[8,485,15,3,8,4,7,2,6,1,46.7,13.3,40],[9,472,15,11,4,0,7,0,8,-1,46.7,0,53.3],[10,507,15,4,8,3,6,1,8,-2,40,6.7,53.3],[11,1282,15,0,2,13,6,1,8,-2,40,6.7,53.3],[12,514,15,0,6,9,5,4,6,-1,33.3,26.7,40],[13,509,15,3,8,4,5,3,7,-2,33.3,20,46.7],[14,4174,15,0,4,11,5,1,9,-4,33.3,6.7,60],[15,1285,15,0,6,9,3,4,8,-5,20,26.7,53.3],[16,495,15,7,4,4,3,3,9,-6,20,20,60]];
var addUp = [108,45,13,5.4,119,49.6,[66.7,505],[73.3,495],[60,507,505,509,514,485],[80,495],[73.3,505],[66.7,1285,495],[13.3,505,507],[0,509,472,479,1285,495]];
var addUpHalf = [102,42.5,28,11.7,110,45.8,[63.3,496],[60,495],[73.3,505],[60,485,495,2822,2255],[80,496],[60,4174,495],[20,1285,514],[0,472]];
var lastUpdateTime = '2025-01-18 11:49:40';
