var arrLeague = [22,'挪威超级联赛','挪威超級聯賽','Norwegian Tippeligaen','2022','#666666','league_match/images/20200420075346.jpg','挪超','挪超','NOR D1'];
var arrTeam = [[472,'博德闪耀','波杜基林特','Bodo Glimt','','images/472/1gq6j9e9em1s.png',0],[479,'奥德格伦兰','奧特格寧蘭','Odd Grenland','','images/479/1hw70bzw2q11.png',0],[485,'瓦勒伦加','華拿倫加','Valerenga','','images/485/1gxmbkap742v.png',0],[495,'维京','維京','Viking','','images/495/1gv9q9y3qv1r.png',0],[496,'汉坎','咸卡姆','Ham-Kam','','images/496/1gxmbm1ncxw.png',0],[505,'莫尔德','莫迪','Molde','','images/505/1gxmbm1nc618.png',0],[507,'罗森博格','洛辛堡','Rosenborg','','images/507/1gxmbm1ncb32.png',0],[509,'利勒斯特罗姆','利尼史特朗','Lillestrom','','images/509/1gxmbm1nc124.png',0],[514,'特罗姆瑟','特羅素','Tromso IL','','images/514/1gxmbm1ncd32.png',0],[1280,'奥勒松','阿利辛特','Aalesund FK','','images/1280/1gxmbm1ncng.png',0],[1282,'桑德菲杰','辛迪夫佐特','Sandefjord','','images/1282/1gqv25gza42a.png',0],[1285,'斯托姆加斯特','史卓加斯特','Stromsgodset','','images/1285/1gxmbm1ncn10.png',0],[2255,'萨普斯堡','薩普斯堡','Sarpsborg 08','','images/2255/1gxmbm1ncd2y.png',0],[2261,'谢夫','謝夫','Jerv','','images/2261/1gxmbp26ae24.png',0],[2822,'海于格松','侯格辛特','Haugesund','','images/2822/1gxmbm1nc6q.png',0],[4174,'克里斯蒂安松','基斯迪辛特','Kristiansund BK','','images/4174/1gxmbp26a81v.png',0]];
var TotalBs = [[1,1282,30,22,2,6,73.3,6.7,20],[2,472,30,21,1,8,70,3.3,26.7],[3,507,30,20,3,7,66.7,10,23.3],[4,2255,30,20,0,10,66.7,0,33.3],[5,514,30,18,0,12,60,0,40],[6,1285,30,17,3,10,56.7,10,33.3],[7,485,30,17,2,11,56.7,6.7,36.7],[8,4174,30,17,1,12,56.7,3.3,40],[9,2822,30,16,1,13,53.3,3.3,43.3],[10,495,30,15,5,10,50,16.7,33.3],[11,2261,30,15,1,14,50,3.3,46.7],[12,479,30,15,0,15,50,0,50],[13,509,30,14,3,13,46.7,10,43.3],[14,1280,30,14,3,13,46.7,10,43.3],[15,496,30,14,1,15,46.7,3.3,50],[16,505,30,13,2,15,43.3,6.7,50]];
var HomeBs = [[1,1282,15,12,0,3,80,0,20],[2,1285,15,11,2,2,73.3,13.3,13.3],[3,472,15,11,0,4,73.3,0,26.7],[4,507,15,10,2,3,66.7,13.3,20],[5,4174,15,10,1,4,66.7,6.7,26.7],[6,514,15,10,0,5,66.7,0,33.3],[7,485,15,10,0,5,66.7,0,33.3],[8,479,15,9,0,6,60,0,40],[9,2822,15,9,0,6,60,0,40],[10,2255,15,9,0,6,60,0,40],[11,1280,15,7,1,7,46.7,6.7,46.7],[12,2261,15,7,0,8,46.7,0,53.3],[13,495,15,5,3,7,33.3,20,46.7],[14,505,15,5,2,8,33.3,13.3,53.3],[15,496,15,5,1,9,33.3,6.7,60],[16,509,15,4,2,9,26.7,13.3,60]];
var GuestBs = [[1,2255,15,11,0,4,73.3,0,26.7],[2,495,15,10,2,3,66.7,13.3,20],[3,1282,15,10,2,3,66.7,13.3,20],[4,509,15,10,1,4,66.7,6.7,26.7],[5,472,15,10,1,4,66.7,6.7,26.7],[6,507,15,10,1,4,66.7,6.7,26.7],[7,496,15,9,0,6,60,0,40],[8,2261,15,8,1,6,53.3,6.7,40],[9,505,15,8,0,7,53.3,0,46.7],[10,514,15,8,0,7,53.3,0,46.7],[11,1280,15,7,2,6,46.7,13.3,40],[12,485,15,7,2,6,46.7,13.3,40],[13,2822,15,7,1,7,46.7,6.7,46.7],[14,4174,15,7,0,8,46.7,0,53.3],[15,1285,15,6,1,8,40,6.7,53.3],[16,479,15,6,0,9,40,0,60]];
var TotalBsHalf = [[1,507,30,19,4,7,63.3,13.3,23.3],[2,1285,30,18,1,11,60,3.3,36.7],[3,2255,30,18,1,11,60,3.3,36.7],[4,4174,30,17,5,8,56.7,16.7,26.7],[5,2822,30,16,1,13,53.3,3.3,43.3],[6,472,30,16,0,14,53.3,0,46.7],[7,1282,30,15,1,14,50,3.3,46.7],[8,479,30,14,3,13,46.7,10,43.3],[9,485,30,14,2,14,46.7,6.7,46.7],[10,1280,30,14,1,15,46.7,3.3,50],[11,514,30,12,7,11,40,23.3,36.7],[12,496,30,12,3,15,40,10,50],[13,2261,30,12,1,17,40,3.3,56.7],[14,509,30,11,3,16,36.7,10,53.3],[15,505,30,11,2,17,36.7,6.7,56.7],[16,495,30,11,1,18,36.7,3.3,60]];
var HomeBsHalf = [[1,4174,15,11,2,2,73.3,13.3,13.3],[2,507,15,11,0,4,73.3,0,26.7],[3,1285,15,10,0,5,66.7,0,33.3],[4,2822,15,9,1,5,60,6.7,33.3],[5,1282,15,9,0,6,60,0,40],[6,485,15,8,0,7,53.3,0,46.7],[7,472,15,8,0,7,53.3,0,46.7],[8,514,15,7,4,4,46.7,26.7,26.7],[9,2255,15,7,1,7,46.7,6.7,46.7],[10,479,15,6,3,6,40,20,40],[11,509,15,6,1,8,40,6.7,53.3],[12,505,15,6,0,9,40,0,60],[13,496,15,5,3,7,33.3,20,46.7],[14,1280,15,5,1,9,33.3,6.7,60],[15,2261,15,5,1,9,33.3,6.7,60],[16,495,15,2,1,12,13.3,6.7,80]];
var GuestBsHalf = [[1,2255,15,11,0,4,73.3,0,26.7],[2,495,15,9,0,6,60,0,40],[3,1280,15,9,0,6,60,0,40],[4,507,15,8,4,3,53.3,26.7,20],[5,1285,15,8,1,6,53.3,6.7,40],[6,472,15,8,0,7,53.3,0,46.7],[7,479,15,8,0,7,53.3,0,46.7],[8,496,15,7,0,8,46.7,0,53.3],[9,2822,15,7,0,8,46.7,0,53.3],[10,2261,15,7,0,8,46.7,0,53.3],[11,4174,15,6,3,6,40,20,40],[12,485,15,6,2,7,40,13.3,46.7],[13,1282,15,6,1,8,40,6.7,53.3],[14,514,15,5,3,7,33.3,20,46.7],[15,509,15,5,2,8,33.3,13.3,53.3],[16,505,15,5,2,8,33.3,13.3,53.3]];
var addUp = [268,55.8,28,5.8,184,38.3,[73.3,1282],[50,479,496,505],[80,1282],[60,496,509],[73.3,2255],[60,479]];
var addUpHalf = [230,47.9,36,7.5,214,44.6,[63.3,507],[60,495],[73.3,4174,507],[80,495],[73.3,2255],[53.3,496,2822,2261,1282,509,505]];
var lastUpdateTime = '2025-01-18 11:49:49';
