var arrLeague = [4,'巴西甲组联赛','巴西甲組聯賽','Brazil Serie A','2016','#996600','league_match/images/1ka8jt39av1h.png','巴西甲','巴西甲','BRA D1'];
var arrTeam = [[337,'桑托斯','山度士','Santos','','images/337/1kenbw23by2e.png',0],[343,'米内罗竞技','明尼路','Atletico Mineiro','','images/343/1kenc1xn9718.png',0],[347,'巴拉纳竞技','巴拉納體育會','Atletico Paranaense','','images/347/1gxhxt30w91z.png',0],[349,'科林蒂安','哥連泰斯','Corinthians Paulista (SP)','','images/349/1kenbw23b02k.png',0],[350,'科里蒂巴','哥列迪巴','Coritiba PR','','images/350/1gy3wybtj81j.png',0],[354,'克鲁塞罗','高士路','Cruzeiro','','images/354/1kenc1xn9nx.png',0],[355,'费古埃伦斯','費古倫斯','Figueirense','','images/355/1km207s9j81s.png',0],[356,'弗拉门戈','法林明高','Flamengo','','images/356/1kenbw8gyq1r.png',0],[364,'格雷米奥','甘美奧','Gremio (RS)','','images/364/1kenc158vg5.png',0],[369,'巴西国际','國際體育會','Internacional RS','','images/369/1kenc158v02m.png',0],[381,'庞特普雷塔','邦迪比達','Ponte Preta','','images/381/1kenbw22w52.png',0],[453,'圣保罗','聖保羅','Sao Paulo','','images/453/1kenbw23bpc.png',0],[462,'维多利亚','維多利亞','Vitoria BA','','images/462/1kenc22hj62j.png',0],[465,'帕尔梅拉斯','彭美拉斯','Palmeiras','','images/465/1kenbw23vq1p.png',0],[467,'博塔弗戈','保地花高','Botafogo RJ','','images/467/1kkanen7g5z.png',0],[469,'弗鲁米嫩塞','富明尼斯','Fluminense RJ','','images/469/1hxqrprbsp13.png',0],[2096,'圣十字','聖十字','Santa Cruz PE','','images/2096/1kenc0zfrt12.png',0],[4176,'累西腓体育','利斯菲體育會','Sport Club do Recife','','images/4176/1kenc0zfrg21.png',0],[7344,'沙佩科恩斯','查比高恩斯','Chapecoense SC','','images/7344/1ke8cs2c882p.png',0],[13219,'米内罗美洲','阿美利加明尼路','America MG','','images/13219/1kenc1xn99t.png',0]];
var TotalBs = [[1,381,38,22,0,16,57.9,0,42.1],[2,2096,38,22,0,16,57.9,0,42.1],[3,343,37,21,0,16,56.8,0,43.2],[4,7344,37,20,0,17,54.1,0,45.9],[5,462,38,20,0,18,52.6,0,47.4],[6,356,38,19,0,19,50,0,50],[7,465,38,18,0,20,47.4,0,52.6],[8,337,38,18,0,20,47.4,0,52.6],[9,4176,38,17,0,21,44.7,0,55.3],[10,469,38,16,0,22,42.1,0,57.9],[11,354,38,16,0,22,42.1,0,57.9],[12,364,38,15,0,23,39.5,0,60.5],[13,349,38,15,0,23,39.5,0,60.5],[14,350,38,15,0,23,39.5,0,60.5],[15,453,38,15,0,23,39.5,0,60.5],[16,13219,38,15,0,23,39.5,0,60.5],[17,355,38,14,0,24,36.8,0,63.2],[18,467,38,13,0,25,34.2,0,65.8],[19,369,38,11,0,27,28.9,0,71.1],[20,347,38,10,0,28,26.3,0,73.7]];
var HomeBs = [[1,343,19,14,0,5,73.7,0,26.3],[2,356,19,11,0,8,57.9,0,42.1],[3,462,19,11,0,8,57.9,0,42.1],[4,381,19,11,0,8,57.9,0,42.1],[5,337,19,10,0,9,52.6,0,47.4],[6,354,19,10,0,9,52.6,0,47.4],[7,469,19,10,0,9,52.6,0,47.4],[8,465,19,9,0,10,47.4,0,52.6],[9,453,19,9,0,10,47.4,0,52.6],[10,2096,19,9,0,10,47.4,0,52.6],[11,7344,18,8,0,10,44.4,0,55.6],[12,467,19,8,0,11,42.1,0,57.9],[13,350,19,7,0,12,36.8,0,63.2],[14,349,19,7,0,12,36.8,0,63.2],[15,364,19,6,0,13,31.6,0,68.4],[16,355,19,6,0,13,31.6,0,68.4],[17,4176,19,6,0,13,31.6,0,68.4],[18,13219,19,5,0,14,26.3,0,73.7],[19,369,19,5,0,14,26.3,0,73.7],[20,347,19,4,0,15,21.1,0,78.9]];
var GuestBs = [[1,2096,19,13,0,6,68.4,0,31.6],[2,7344,19,12,0,7,63.2,0,36.8],[3,381,19,11,0,8,57.9,0,42.1],[4,4176,19,11,0,8,57.9,0,42.1],[5,13219,19,10,0,9,52.6,0,47.4],[6,462,19,9,0,10,47.4,0,52.6],[7,364,19,9,0,10,47.4,0,52.6],[8,465,19,9,0,10,47.4,0,52.6],[9,356,19,8,0,11,42.1,0,57.9],[10,337,19,8,0,11,42.1,0,57.9],[11,350,19,8,0,11,42.1,0,57.9],[12,355,19,8,0,11,42.1,0,57.9],[13,349,19,8,0,11,42.1,0,57.9],[14,343,18,7,0,11,38.9,0,61.1],[15,347,19,6,0,13,31.6,0,68.4],[16,354,19,6,0,13,31.6,0,68.4],[17,469,19,6,0,13,31.6,0,68.4],[18,369,19,6,0,13,31.6,0,68.4],[19,453,19,6,0,13,31.6,0,68.4],[20,467,19,5,0,14,26.3,0,73.7]];
var TotalBsHalf = [[1,453,40,24,4,12,60,10,30],[2,381,38,20,10,8,52.6,26.3,21.1],[3,369,37,18,7,12,48.6,18.9,32.4],[4,7344,39,17,10,12,43.6,25.6,30.8],[5,2096,37,16,12,9,43.2,32.4,24.3],[6,4176,39,16,14,9,41,35.9,23.1],[7,469,38,16,9,13,42.1,23.7,34.2],[8,467,37,16,7,14,43.2,18.9,37.8],[9,364,38,16,7,15,42.1,18.4,39.5],[10,349,37,16,5,16,43.2,13.5,43.2],[11,462,38,14,12,12,36.8,31.6,31.6],[12,343,37,13,16,8,35.1,43.2,21.6],[13,356,37,13,11,13,35.1,29.7,35.1],[14,354,38,12,16,10,31.6,42.1,26.3],[15,465,37,12,14,11,32.4,37.8,29.7],[16,13219,37,12,13,12,32.4,35.1,32.4],[17,347,38,12,12,14,31.6,31.6,36.8],[18,350,37,12,7,18,32.4,18.9,48.6],[19,355,37,11,13,13,29.7,35.1,35.1],[20,337,38,9,14,15,23.7,36.8,39.5]];
var HomeBsHalf = [[1,381,19,11,3,5,57.9,15.8,26.3],[2,467,19,10,4,5,52.6,21.1,26.3],[3,2096,19,9,7,3,47.4,36.8,15.8],[4,462,19,9,5,5,47.4,26.3,26.3],[5,453,19,9,4,6,47.4,21.1,31.6],[6,343,19,8,7,4,42.1,36.8,21.1],[7,356,19,8,5,6,42.1,26.3,31.6],[8,369,19,8,5,6,42.1,26.3,31.6],[9,469,19,8,5,6,42.1,26.3,31.6],[10,7344,18,8,4,6,44.4,22.2,33.3],[11,350,19,8,2,9,42.1,10.5,47.4],[12,4176,19,7,9,3,36.8,47.4,15.8],[13,355,19,7,6,6,36.8,31.6,31.6],[14,354,19,6,8,5,31.6,42.1,26.3],[15,347,19,6,6,7,31.6,31.6,36.8],[16,364,19,6,6,7,31.6,31.6,36.8],[17,465,19,6,5,8,31.6,26.3,42.1],[18,349,19,6,3,10,31.6,15.8,52.6],[19,13219,19,4,7,8,21.1,36.8,42.1],[20,337,19,3,6,10,15.8,31.6,52.6],[21,453,1,1,0,0,100,0,0],[22,7344,1,1,0,0,100,0,0]];
var GuestBsHalf = [[1,453,19,13,0,6,68.4,0,31.6],[2,369,18,10,2,6,55.6,11.1,33.3],[3,349,18,10,2,6,55.6,11.1,33.3],[4,364,19,10,1,8,52.6,5.3,42.1],[5,381,19,9,7,3,47.4,36.8,15.8],[6,13219,18,8,6,4,44.4,33.3,22.2],[7,7344,19,8,6,5,42.1,31.6,26.3],[8,4176,19,8,5,6,42.1,26.3,31.6],[9,469,19,8,4,7,42.1,21.1,36.8],[10,2096,18,7,5,6,38.9,27.8,33.3],[11,465,18,6,9,3,33.3,50,16.7],[12,354,19,6,8,5,31.6,42.1,26.3],[13,337,19,6,8,5,31.6,42.1,26.3],[14,347,19,6,6,7,31.6,31.6,36.8],[15,467,18,6,3,9,33.3,16.7,50],[16,343,18,5,9,4,27.8,50,22.2],[17,356,18,5,6,7,27.8,33.3,38.9],[18,462,19,5,7,7,26.3,36.8,36.8],[19,355,18,4,7,7,22.2,38.9,38.9],[20,350,18,4,5,9,22.2,27.8,50],[21,453,1,1,0,0,100,0,0],[22,4176,1,1,0,0,100,0,0],[23,7344,1,0,0,1,0,0,100]];
var addUp = [332,43.8,0,0,426,56.2,[57.9,381,2096],[73.7,347],[73.7,343],[78.9,347],[68.4,2096],[73.7,467]];
var addUpHalf = [295,39.1,213,28.2,246,32.6,[60,453],[48.6,350],[100,453,7344],[52.6,349,337],[100,453,4176],[100,7344]];
var lastUpdateTime = '2026-04-07 16:27:48';
