var arrLeague = [284,'日本职业联赛J2','日本職業聯賽J2','J2 League','2024','#33CC99','league_match/images/20210411180029.png','日职乙','日職乙','JPN D2'];
var arrTeam = [[184,'大分三神','大分三神','Oita Trinita','','images/184/1hr8p7294be.png',0],[199,'千叶市原','千葉市原','JEF United Ichihara Chiba','','images/199/1hg565390y24.png',0],[204,'清水鼓动','清水心跳','Shimizu S-Pulse','','images/204/1gtzcts2p01p.png',0],[1613,'群马草津温泉','草津溫泉','Thespa Kusatsu','','images/1613/1hr8p728mb2n.png',0],[3162,'甲府风林','甲府風林','Ventforet Kofu','','images/3162/1h53w49p6r20.png',0],[3165,'山形山神','山形山神','Montedio Yamagata','','images/3165/1h53w5e0fn2.png',0],[3193,'仙台维加泰','仙台維加泰','Vegalta Sendai','','images/3193/1h53w49ppqd.png',0],[3194,'水户蜀葵','水戶蜀葵','Mito Hollyhock','','images/3194/1gtqm8vyr33.png',0],[3196,'德岛漩涡','德島漩渦','Tokushima Vortis','','images/3196/1j4b53239f1r.png',0],[3415,'横滨FC','FC橫濱','Yokohama FC','','images/3415/1gtzd3qtyj1b.png',0],[4024,'FC爱媛','FC愛媛','Ehime FC','','images/4024/1gtqpz7wvt2m.png',0],[4904,'枥木SC','櫪木SC','Tochigi SC','','images/4904/1h53w49p6428.png',0],[7541,'熊本深红','熊本深紅','Roasso Kumamoto','','images/7541/1h53w49pp92g.png',0],[9024,'冈山绿雉','岡山綠雉','Fagiano Okayama','','images/9024/1h53w49p622b.png',0],[10031,'长崎成功丸','長崎成功丸','V-Varen Nagasaki','','images/10031/1hr8p728mx2e.png',0],[11943,'山口雷法','山口雷法','Renofa Yamaguchi','','images/11943/1j8kbfrtjcv.png',0],[13537,'秋田蓝色闪电','秋田藍閃電','Blaublitz Akita','','images/13537/1hr8p728mt1y.png',0],[19176,'藤枝MYFC','藤枝MYFC','Fujieda MYFC','','images/19176/1hr8p728mw17.png',0],[22719,'鹿儿岛联','鹿兒島聯隊','Kagoshima United','','images/22719/1hr8p7294f13.png',0],[25121,'磐城FC','磐城FC','Iwaki FC','','images/25121/1hyse12p4xk.png',0]];
var TotalBs = [[1,3162,38,24,0,14,63.2,0,36.8],[2,4024,38,23,1,14,60.5,2.6,36.8],[3,199,38,21,2,15,55.3,5.3,39.5],[4,7541,38,21,1,16,55.3,2.6,42.1],[5,10031,39,21,1,17,53.8,2.6,43.6],[6,204,38,20,0,18,52.6,0,47.4],[7,3194,38,19,1,18,50,2.6,47.4],[8,22719,38,19,1,18,50,2.6,47.4],[9,19176,38,19,0,19,50,0,50],[10,3193,40,19,0,21,47.5,0,52.5],[11,25121,38,18,1,19,47.4,2.6,50],[12,3165,39,18,1,20,46.2,2.6,51.3],[13,1613,38,17,4,17,44.7,10.5,44.7],[14,3196,38,17,2,19,44.7,5.3,50],[15,4904,38,17,1,20,44.7,2.6,52.6],[16,3415,38,16,1,21,42.1,2.6,55.3],[17,11943,38,15,1,22,39.5,2.6,57.9],[18,184,38,15,0,23,39.5,0,60.5],[19,9024,40,14,0,26,35,0,65],[20,13537,38,11,8,19,28.9,21.1,50]];
var HomeBs = [[1,3162,19,14,0,5,73.7,0,26.3],[2,199,19,13,1,5,68.4,5.3,26.3],[3,4024,19,11,1,7,57.9,5.3,36.8],[4,7541,19,11,0,8,57.9,0,42.1],[5,3193,19,11,0,8,57.9,0,42.1],[6,22719,19,11,0,8,57.9,0,42.1],[7,10031,20,11,0,9,55,0,45],[8,25121,19,10,1,8,52.6,5.3,42.1],[9,3194,19,10,0,9,52.6,0,47.4],[10,3196,19,9,0,10,47.4,0,52.6],[11,204,19,9,0,10,47.4,0,52.6],[12,11943,19,8,1,10,42.1,5.3,52.6],[13,4904,19,8,1,10,42.1,5.3,52.6],[14,19176,19,8,0,11,42.1,0,57.9],[15,3165,20,8,1,11,40,5,55],[16,1613,19,7,2,10,36.8,10.5,52.6],[17,184,19,7,0,12,36.8,0,63.2],[18,3415,19,6,0,13,31.6,0,68.4],[19,13537,19,5,5,9,26.3,26.3,47.4],[20,9024,20,5,0,15,25,0,75]];
var GuestBs = [[1,4024,19,12,0,7,63.2,0,36.8],[2,19176,19,11,0,8,57.9,0,42.1],[3,204,19,11,0,8,57.9,0,42.1],[4,1613,19,10,2,7,52.6,10.5,36.8],[5,10031,19,10,1,8,52.6,5.3,42.1],[6,7541,19,10,1,8,52.6,5.3,42.1],[7,3415,19,10,1,8,52.6,5.3,42.1],[8,3162,19,10,0,9,52.6,0,47.4],[9,3165,19,10,0,9,52.6,0,47.4],[10,3194,19,9,1,9,47.4,5.3,47.4],[11,4904,19,9,0,10,47.4,0,52.6],[12,9024,20,9,0,11,45,0,55],[13,3196,19,8,2,9,42.1,10.5,47.4],[14,199,19,8,1,10,42.1,5.3,52.6],[15,22719,19,8,1,10,42.1,5.3,52.6],[16,25121,19,8,0,11,42.1,0,57.9],[17,184,19,8,0,11,42.1,0,57.9],[18,3193,21,8,0,13,38.1,0,61.9],[19,11943,19,7,0,12,36.8,0,63.2],[20,13537,19,6,3,10,31.6,15.8,52.6]];
var TotalBsHalf = [[1,13537,38,20,3,15,52.6,7.9,39.5],[2,7541,38,19,8,11,50,21.1,28.9],[3,3196,38,19,8,11,50,21.1,28.9],[4,4904,38,19,4,15,50,10.5,39.5],[5,1613,38,17,6,15,44.7,15.8,39.5],[6,3193,40,15,17,8,37.5,42.5,20],[7,10031,39,15,14,10,38.5,35.9,25.6],[8,3415,38,15,11,12,39.5,28.9,31.6],[9,11943,38,15,9,14,39.5,23.7,36.8],[10,199,38,14,13,11,36.8,34.2,28.9],[11,3162,38,14,11,13,36.8,28.9,34.2],[12,25121,38,14,11,13,36.8,28.9,34.2],[13,3194,38,14,9,15,36.8,23.7,39.5],[14,9024,40,14,7,19,35,17.5,47.5],[15,4024,38,13,15,10,34.2,39.5,26.3],[16,3165,39,13,14,12,33.3,35.9,30.8],[17,204,38,13,12,13,34.2,31.6,34.2],[18,19176,38,11,10,17,28.9,26.3,44.7],[19,22719,38,10,16,12,26.3,42.1,31.6],[20,184,38,10,12,16,26.3,31.6,42.1]];
var HomeBsHalf = [[1,13537,19,11,0,8,57.9,0,42.1],[2,4904,19,10,2,7,52.6,10.5,36.8],[3,3193,19,9,7,3,47.4,36.8,15.8],[4,10031,20,9,7,4,45,35,20],[5,7541,19,9,5,5,47.4,26.3,26.3],[6,3162,19,9,5,5,47.4,26.3,26.3],[7,3196,19,9,4,6,47.4,21.1,31.6],[8,199,19,8,6,5,42.1,31.6,26.3],[9,4024,19,8,6,5,42.1,31.6,26.3],[10,11943,19,8,4,7,42.1,21.1,36.8],[11,25121,19,7,7,5,36.8,36.8,26.3],[12,3165,20,7,7,6,35,35,30],[13,3194,19,7,4,8,36.8,21.1,42.1],[14,1613,19,7,3,9,36.8,15.8,47.4],[15,204,19,6,6,7,31.6,31.6,36.8],[16,9024,20,6,6,8,30,30,40],[17,22719,19,5,8,6,26.3,42.1,31.6],[18,19176,19,5,4,10,26.3,21.1,52.6],[19,3415,19,4,8,7,21.1,42.1,36.8],[20,184,19,3,6,10,15.8,31.6,52.6]];
var GuestBsHalf = [[1,3415,19,11,3,5,57.9,15.8,26.3],[2,3196,19,10,4,5,52.6,21.1,26.3],[3,7541,19,10,3,6,52.6,15.8,31.6],[4,1613,19,10,3,6,52.6,15.8,31.6],[5,13537,19,9,3,7,47.4,15.8,36.8],[6,4904,19,9,2,8,47.4,10.5,42.1],[7,9024,20,8,1,11,40,5,55],[8,184,19,7,6,6,36.8,31.6,31.6],[9,204,19,7,6,6,36.8,31.6,31.6],[10,3194,19,7,5,7,36.8,26.3,36.8],[11,11943,19,7,5,7,36.8,26.3,36.8],[12,25121,19,7,4,8,36.8,21.1,42.1],[13,3193,21,6,10,5,28.6,47.6,23.8],[14,3165,19,6,7,6,31.6,36.8,31.6],[15,199,19,6,7,6,31.6,36.8,31.6],[16,10031,19,6,7,6,31.6,36.8,31.6],[17,19176,19,6,6,7,31.6,31.6,36.8],[18,4024,19,5,9,5,26.3,47.4,26.3],[19,22719,19,5,8,6,26.3,42.1,31.6],[20,3162,19,5,6,8,26.3,31.6,42.1]];
var addUp = [364,47.5,26,3.4,376,49.1,[63.2,3162],[65,9024],[73.7,3162],[75,9024],[63.2,4024],[63.2,11943]];
var addUpHalf = [294,38.4,210,27.4,262,34.2,[52.6,13537],[47.5,9024],[57.9,13537],[52.6,19176,184],[57.9,3415],[55,9024]];
var lastUpdateTime = '2025-01-17 16:51:09';
