var arrLeague = [5,'比利时甲组联赛','比利時甲組聯賽','Belgian Pro League','2018-2019','#FC9B0A','league_match/images/1j5w1nybsp9.png','比甲','比甲','BEL D1'];
var arrTeam = [[118,'韦斯特鲁','韋斯達路','Westerlo','','images/118/1jeascxjbx31.png',0],[122,'沙勒罗瓦','查內爾','Charleroi','','images/122/1j3veftrymp.png',0],[130,'标准列日','標準列治','Standard Liege','','images/130/1j3veftre2e.png',0],[140,'根特','真特','KAA Gent','','images/140/1gv1yqjs390.png',0],[145,'洛克伦','洛格倫','Lokeren','','images/20130413143949.jpg',0],[147,'亨克','亨克','Racing Genk','','images/147/1h54k7bfph11.png',0],[148,'布鲁日','布魯日','Club Brugge','','images/148/1hxqrpwvs12q.png',0],[153,'安德莱赫特','安德列治','Anderlecht','','images/153/1gv1yqjs302r.png',0],[156,'圣图尔登','聖圖爾登','Sint-Truidense','','images/156/1hcgsmb1gpc.png',0],[164,'色格拉布鲁日','色格拉布魯日','Cercle Brugge','','images/164/1gq1zqkdtp6.png',0],[170,'奥斯坦德','奧斯坦德','Oostende','','images/170/1gq201wpefs.png',0],[1242,'科特赖克','哥積克','Kortrijk','','images/1242/1j22rz4and1t.png',0],[1245,'华斯兰德','華斯蘭比華倫','Red Star Waasland','','images/1245/1gqbpxar3q1m.png',0],[1316,'欧本','歐本','KAS Eupen','','images/1316/1j5hhgvw2cv.png',0],[1317,'圣吉罗斯','聖吉羅斯','Saint Gilloise','','images/1317/1hxqrpwvsyx.png',0],[1319,'威尔郡','威爾郡','Zulte-Waregem','','images/1319/1j5hhgvw2dj.png',0],[1686,'安特卫普','安特衛普','Royal Antwerp','','images/1686/1gtqkzv9yt13.png',0],[8564,'摩斯高伦','苗斯干','Mouscron Peruwelz','','images/20130403150504.jpg',0],[17189,'比斯查','比斯查','Beerschot Wilrijk','','images/17189/1j3s147sky21.png',0]];
var TotalBs = [[1,1319,40,28,2,10,70,5,25],[2,164,40,27,3,10,67.5,7.5,25],[3,122,42,26,0,16,61.9,0,38.1],[4,140,40,23,6,11,57.5,15,27.5],[5,130,39,22,3,14,56.4,7.7,35.9],[6,148,40,22,3,15,55,7.5,37.5],[7,1242,41,21,5,15,51.2,12.2,36.6],[8,1245,40,21,3,16,52.5,7.5,40],[9,8564,40,21,2,17,52.5,5,42.5],[10,170,40,21,1,18,52.5,2.5,45],[11,1686,41,21,0,20,51.2,0,48.8],[12,1316,40,20,2,18,50,5,45],[13,156,40,20,1,19,50,2.5,47.5],[14,153,39,19,2,18,48.7,5.1,46.2],[15,147,40,17,1,22,42.5,2.5,55],[16,145,30,16,1,13,53.3,3.3,43.3],[17,17189,10,7,0,3,70,0,30],[18,1317,10,6,0,4,60,0,40],[19,118,10,4,1,5,40,10,50]];
var HomeBs = [[1,164,20,15,2,3,75,10,15],[2,1242,21,14,2,5,66.7,9.5,23.8],[3,1319,20,13,1,6,65,5,30],[4,130,19,11,2,6,57.9,10.5,31.6],[5,140,20,11,3,6,55,15,30],[6,148,20,11,2,7,55,10,35],[7,156,20,11,1,8,55,5,40],[8,1316,20,11,1,8,55,5,40],[9,170,20,11,0,9,55,0,45],[10,1686,21,11,0,10,52.4,0,47.6],[11,1245,20,10,2,8,50,10,40],[12,122,20,10,0,10,50,0,50],[13,145,15,9,0,6,60,0,40],[14,8564,20,9,1,10,45,5,50],[15,153,20,8,0,12,40,0,60],[16,147,20,7,1,12,35,5,60],[17,1317,5,4,0,1,80,0,20],[18,17189,5,4,0,1,80,0,20],[19,118,5,1,0,4,20,0,80]];
var GuestBs = [[1,122,22,16,0,6,72.7,0,27.3],[2,1319,20,15,1,4,75,5,20],[3,140,20,12,3,5,60,15,25],[4,8564,20,12,1,7,60,5,35],[5,164,20,12,1,7,60,5,35],[6,153,19,11,2,6,57.9,10.5,31.6],[7,148,20,11,1,8,55,5,40],[8,130,20,11,1,8,55,5,40],[9,1245,20,11,1,8,55,5,40],[10,170,20,10,1,9,50,5,45],[11,1686,20,10,0,10,50,0,50],[12,147,20,10,0,10,50,0,50],[13,1316,20,9,1,10,45,5,50],[14,156,20,9,0,11,45,0,55],[15,145,15,7,1,7,46.7,6.7,46.7],[16,1242,20,7,3,10,35,15,50],[17,118,5,3,1,1,60,20,20],[18,17189,5,3,0,2,60,0,40],[19,1317,5,2,0,3,40,0,60]];
var TotalBsHalf = [[1,1319,40,21,1,18,52.5,2.5,45],[2,148,40,19,2,19,47.5,5,47.5],[3,122,42,18,7,17,42.9,16.7,40.5],[4,1316,40,18,5,17,45,12.5,42.5],[5,164,40,18,4,18,45,10,45],[6,140,40,17,3,20,42.5,7.5,50],[7,156,40,17,3,20,42.5,7.5,50],[8,130,39,15,5,19,38.5,12.8,48.7],[9,1242,41,15,5,21,36.6,12.2,51.2],[10,147,40,15,2,23,37.5,5,57.5],[11,8564,40,14,6,20,35,15,50],[12,1245,40,13,4,23,32.5,10,57.5],[13,170,40,12,8,20,30,20,50],[14,153,39,12,3,24,30.8,7.7,61.5],[15,1686,41,11,13,17,26.8,31.7,41.5],[16,145,30,8,4,18,26.7,13.3,60],[17,17189,10,5,2,3,50,20,30],[18,1317,10,5,0,5,50,0,50],[19,118,10,3,3,4,30,30,40]];
var HomeBsHalf = [[1,148,20,11,1,8,55,5,40],[2,1319,20,11,1,8,55,5,40],[3,164,20,10,4,6,50,20,30],[4,1316,20,10,2,8,50,10,40],[5,130,19,9,2,8,47.4,10.5,42.1],[6,1242,21,9,0,12,42.9,0,57.1],[7,1686,21,8,5,8,38.1,23.8,38.1],[8,8564,20,8,2,10,40,10,50],[9,156,20,8,0,12,40,0,60],[10,147,20,7,1,12,35,5,60],[11,170,20,6,7,7,30,35,35],[12,122,20,6,4,10,30,20,50],[13,145,15,5,3,7,33.3,20,46.7],[14,140,20,5,1,14,25,5,70],[15,1245,20,4,3,13,20,15,65],[16,153,20,4,1,15,20,5,75],[17,17189,5,3,1,1,60,20,20],[18,1317,5,3,0,2,60,0,40],[19,118,5,1,2,2,20,40,40]];
var GuestBsHalf = [[1,140,20,12,2,6,60,10,30],[2,122,22,12,3,7,54.5,13.6,31.8],[3,1319,20,10,0,10,50,0,50],[4,156,20,9,3,8,45,15,40],[5,1245,20,9,1,10,45,5,50],[6,1316,20,8,3,9,40,15,45],[7,153,19,8,2,9,42.1,10.5,47.4],[8,147,20,8,1,11,40,5,55],[9,148,20,8,1,11,40,5,55],[10,164,20,8,0,12,40,0,60],[11,1242,20,6,5,9,30,25,45],[12,8564,20,6,4,10,30,20,50],[13,130,20,6,3,11,30,15,55],[14,170,20,6,1,13,30,5,65],[15,1686,20,3,8,9,15,40,45],[16,145,15,3,1,11,20,6.7,73.3],[17,118,5,2,1,2,40,20,40],[18,17189,5,2,1,2,40,20,40],[19,1317,5,2,0,3,40,0,60]];
var addUp = [362,54.7,36,5.4,264,39.9,[70,1319,17189],[55,147],[80,1317,17189],[80,118],[75,1319],[60,1317]];
var addUpHalf = [256,38.7,80,12.1,326,49.2,[52.5,1319],[61.5,153],[60,17189,1317],[75,153],[60,140],[73.3,145]];
var lastUpdateTime = '2025-01-19 10:39:31';
