var arrLeague = [34,'意大利甲组联赛','意大利甲組聯賽','Italian Serie A','2022-2023','#0088FF','league_match/images/166674813339.png','意甲','意甲','ITA D1'];
var arrTeam = [[150,'AC米兰','AC米蘭','AC Milan','','images/164868995643.png',0],[152,'国际米兰','國際米蘭','Inter Milan','','images/152/1jgj8z3paw1g.png',0],[154,'亚特兰大','阿特蘭大','Atalanta','','images/164868998143.png',0],[158,'莱切','萊切','Lecce','','images/158/1j3kr3v3jc2v.png',0],[166,'尤文图斯','祖雲達斯','Juventus','','images/166/1grmmxq1wa2k.png',0],[174,'罗马','羅馬','AS Roma','','images/164869002671.png',0],[176,'佛罗伦萨','費倫天拿','Fiorentina','','images/176/1hxqrpz41w1v.png',0],[179,'桑普多利亚','森多利亞','Sampdoria','','images/164869048578.png',0],[182,'拉齐奥','拉素','Lazio','','images/164869050583.png',0],[185,'博洛尼亚','博洛尼亞','Bologna','','images/16486905420.png',0],[187,'乌迪内斯','烏甸尼斯','Udinese','','images/164869056546.png',0],[523,'恩波利','恩波里','Empoli','','images/164869059384.png',0],[558,'都灵','拖連奴','Torino','','images/164869071877.png',0],[559,'维罗纳','維羅納','Verona','','images/164869073462.png',0],[562,'萨勒尼塔纳','沙蘭力坦拿','Salernitana','','images/164869074763.png',0],[1390,'斯佩齐亚','史柏斯亞','Spezia','','images/1jg2yhbkxb1x.png',0],[1399,'克雷莫纳','克雷莫納','Cremonese','','images/1399/1hk6e9yjze12.png',0],[1419,'那不勒斯','拿玻里','Napoli','','images/1419/1j9ah1053g16.png',0],[2667,'蒙扎','莫沙','Monza','','images/2667/1j37hkshsw2.png',0],[2960,'萨索洛','莎索羅','Sassuolo','','images/164869078921.png',0]];
var TotalBs = [[1,2960,38,21,1,16,55.3,2.6,42.1],[2,562,38,21,0,17,55.3,0,44.7],[3,185,38,20,0,18,52.6,0,47.4],[4,150,38,19,1,18,50,2.6,47.4],[5,154,38,19,0,19,50,0,50],[6,187,38,19,0,19,50,0,50],[7,1419,38,18,1,19,47.4,2.6,50],[8,152,38,17,4,17,44.7,10.5,44.7],[9,2667,38,17,0,21,44.7,0,55.3],[10,1390,39,17,1,21,43.6,2.6,53.8],[11,1399,38,16,2,20,42.1,5.3,52.6],[12,174,38,16,0,22,42.1,0,57.9],[13,176,38,16,0,22,42.1,0,57.9],[14,182,38,16,0,22,42.1,0,57.9],[15,559,39,16,0,23,41,0,59],[16,179,38,15,1,22,39.5,2.6,57.9],[17,523,38,14,0,24,36.8,0,63.2],[18,558,38,13,1,24,34.2,2.6,63.2],[19,166,38,13,0,25,34.2,0,65.8],[20,158,38,11,2,25,28.9,5.3,65.8]];
var HomeBs = [[1,562,19,12,0,7,63.2,0,36.8],[2,154,19,11,0,8,57.9,0,42.1],[3,1390,20,11,0,9,55,0,45],[4,182,19,10,0,9,52.6,0,47.4],[5,187,19,10,0,9,52.6,0,47.4],[6,559,19,10,0,9,52.6,0,47.4],[7,1419,19,9,1,9,47.4,5.3,47.4],[8,150,19,9,1,9,47.4,5.3,47.4],[9,166,19,9,0,10,47.4,0,52.6],[10,176,19,9,0,10,47.4,0,52.6],[11,2960,19,8,1,10,42.1,5.3,52.6],[12,2667,19,8,0,11,42.1,0,57.9],[13,523,19,8,0,11,42.1,0,57.9],[14,1399,19,7,1,11,36.8,5.3,57.9],[15,152,19,7,1,11,36.8,5.3,57.9],[16,174,19,7,0,12,36.8,0,63.2],[17,158,19,6,2,11,31.6,10.5,57.9],[18,179,19,6,0,13,31.6,0,68.4],[19,185,19,6,0,13,31.6,0,68.4],[20,558,19,4,0,15,21.1,0,78.9]];
var GuestBs = [[1,185,19,14,0,5,73.7,0,26.3],[2,2960,19,13,0,6,68.4,0,31.6],[3,152,19,10,3,6,52.6,15.8,31.6],[4,150,19,10,0,9,52.6,0,47.4],[5,179,19,9,1,9,47.4,5.3,47.4],[6,558,19,9,1,9,47.4,5.3,47.4],[7,1399,19,9,1,9,47.4,5.3,47.4],[8,1419,19,9,0,10,47.4,0,52.6],[9,2667,19,9,0,10,47.4,0,52.6],[10,562,19,9,0,10,47.4,0,52.6],[11,187,19,9,0,10,47.4,0,52.6],[12,174,19,9,0,10,47.4,0,52.6],[13,154,19,8,0,11,42.1,0,57.9],[14,176,19,7,0,12,36.8,0,63.2],[15,1390,19,6,1,12,31.6,5.3,63.2],[16,523,19,6,0,13,31.6,0,68.4],[17,182,19,6,0,13,31.6,0,68.4],[18,559,20,6,0,14,30,0,70],[19,158,19,5,0,14,26.3,0,73.7],[20,166,19,4,0,15,21.1,0,78.9]];
var TotalBsHalf = [[1,559,39,17,11,11,43.6,28.2,28.2],[2,185,38,15,13,10,39.5,34.2,26.3],[3,158,38,15,12,11,39.5,31.6,28.9],[4,179,38,15,12,11,39.5,31.6,28.9],[5,187,38,15,10,13,39.5,26.3,34.2],[6,150,38,15,9,14,39.5,23.7,36.8],[7,2960,38,15,9,14,39.5,23.7,36.8],[8,1399,38,15,8,15,39.5,21.1,39.5],[9,1390,39,14,13,12,35.9,33.3,30.8],[10,562,38,14,11,13,36.8,28.9,34.2],[11,1419,38,14,6,18,36.8,15.8,47.4],[12,152,38,14,6,18,36.8,15.8,47.4],[13,2667,38,13,14,11,34.2,36.8,28.9],[14,166,38,13,9,16,34.2,23.7,42.1],[15,174,38,12,17,9,31.6,44.7,23.7],[16,558,38,12,15,11,31.6,39.5,28.9],[17,176,38,11,17,10,28.9,44.7,26.3],[18,154,38,11,12,15,28.9,31.6,39.5],[19,182,38,10,14,14,26.3,36.8,36.8],[20,523,38,8,12,18,21.1,31.6,47.4]];
var HomeBsHalf = [[1,559,19,10,5,4,52.6,26.3,21.1],[2,562,19,9,5,5,47.4,26.3,26.3],[3,187,19,8,7,4,42.1,36.8,21.1],[4,1390,20,8,7,5,40,35,25],[5,158,19,8,5,6,42.1,26.3,31.6],[6,1419,19,8,1,10,42.1,5.3,52.6],[7,2667,19,7,6,6,36.8,31.6,31.6],[8,166,19,7,6,6,36.8,31.6,31.6],[9,150,19,7,5,7,36.8,26.3,36.8],[10,182,19,7,5,7,36.8,26.3,36.8],[11,154,19,7,3,9,36.8,15.8,47.4],[12,176,19,6,10,3,31.6,52.6,15.8],[13,174,19,6,7,6,31.6,36.8,31.6],[14,2960,19,6,5,8,31.6,26.3,42.1],[15,152,19,6,4,9,31.6,21.1,47.4],[16,179,19,5,8,6,26.3,42.1,31.6],[17,185,19,5,7,7,26.3,36.8,36.8],[18,1399,19,5,7,7,26.3,36.8,36.8],[19,523,19,5,4,10,26.3,21.1,52.6],[20,558,19,4,8,7,21.1,42.1,36.8]];
var GuestBsHalf = [[1,185,19,10,6,3,52.6,31.6,15.8],[2,179,19,10,4,5,52.6,21.1,26.3],[3,1399,19,10,1,8,52.6,5.3,42.1],[4,2960,19,9,4,6,47.4,21.1,31.6],[5,558,19,8,7,4,42.1,36.8,21.1],[6,150,19,8,4,7,42.1,21.1,36.8],[7,152,19,8,2,9,42.1,10.5,47.4],[8,158,19,7,7,5,36.8,36.8,26.3],[9,559,20,7,6,7,35,30,35],[10,187,19,7,3,9,36.8,15.8,47.4],[11,174,19,6,10,3,31.6,52.6,15.8],[12,2667,19,6,8,5,31.6,42.1,26.3],[13,1390,19,6,6,7,31.6,31.6,36.8],[14,1419,19,6,5,8,31.6,26.3,42.1],[15,166,19,6,3,10,31.6,15.8,52.6],[16,176,19,5,7,7,26.3,36.8,36.8],[17,562,19,5,6,8,26.3,31.6,42.1],[18,154,19,4,9,6,21.1,47.4,31.6],[19,182,19,3,9,7,15.8,47.4,36.8],[20,523,19,3,8,8,15.8,42.1,42.1]];
var addUp = [334,43.8,14,1.8,414,54.3,[55.3,2960,562],[65.8,166,158],[63.2,562],[78.9,558],[73.7,185],[78.9,166]];
var addUpHalf = [268,35.2,230,30.2,264,34.6,[43.6,559],[47.4,1419,152,523],[52.6,559],[52.6,1419,523],[52.6,185,179,1399],[52.6,166]];
var lastUpdateTime = '2025-01-18 11:08:24';
