var arrLeague = [17,'荷兰乙组联赛','荷蘭乙組聯賽','Holland Eerste Divisie','2015-2016','#FFC4E1','league_match/images/20200419030037.jpg','荷乙','荷乙','HOL D2'];
var arrTeam = [[225,'威廉二世','威廉二世','Willem II','','images/225/1gq6hnbe3q23.png',0],[232,'布雷达','比達','NAC Breda','','images/232/1grmmyzcmyj.png',0],[241,'瓦尔韦克','RKC華域克','RKC Waalwijk','','images/165095708910.png',0],[243,'格拉夫夏普','迪加史卓普','De Graafschap','','images/243/1gtg0nv5p6e.png',0],[258,'邓伯什','丹博斯治','Den Bosch','','images/258/1jh72ghqsq2.png',0],[273,'鹿特丹斯巴达','鹿特丹斯巴達','Sparta Rotterdam','','images/165095702458.png',0],[274,'福图纳锡塔德','幸運薛達','Fortuna Sittard','','images/165095694366.png',0],[275,'赫尔蒙德','靴蒙特','Helmond Sport','','images/275/1ht3wd9jt01z.png',0],[277,'芬洛','芬洛','VVV Venlo','','images/277/1h1n1jqk031t.png',0],[279,'特尔斯达','泰斯達','SC Telstar','','images/279/1h51a204km32.png',0],[280,'前进之鹰','伊高斯','Go Ahead Eagles','','images/16509570569.png',0],[281,'奥斯','奧斯','FC Oss','','images/281/1gpyr7b7ta3.png',0],[287,'多德勒支','多德勒支','Dordrecht','','images/287/1hy78m77g92v.png',0],[290,'马斯特里赫特','馬斯特里赫特','MVV Maastricht','','images/290/1heh20g0cy1q.png',0],[415,'福伦丹','華倫丹','Volendam','','images/415/1h5bja71ejk.png',0],[1092,'FC埃因霍温','FC燕豪芬','FC Eindhoven','','images/1092/1heh20g0c013.png',0],[1093,'安曼','安曼','Emmen','','images/1093/1h5bjb8w50b.png',0],[2596,'阿尔梅勒城','阿梅爾城','Almere City FC','','images/2596/1hj4yssc3c1a.png',0],[4588,'艾切尔斯','阿基里斯','Achilles','','images/20140815094610.png',0],[7214,'阿贾克斯青年队','阿積士青年隊','Jong Ajax (Youth)','','images/7214/1j523s24jh1f.png',0],[7580,'埃因霍温青年队','PSV燕豪芬青年隊','Jong PSV Eindhoven (Youth)','','images/7580/1gpyr7b7tc2n.png',0]];
var TotalBs = [[1,277,38,23,5,10,60.5,13.2,26.3],[2,2596,40,23,6,11,57.5,15,27.5],[3,290,40,22,3,15,55,7.5,37.5],[4,281,36,21,2,13,58.3,5.6,36.1],[5,279,36,19,6,11,52.8,16.7,30.6],[6,287,36,19,5,12,52.8,13.9,33.3],[7,274,36,18,5,13,50,13.9,36.1],[8,1093,38,18,3,17,47.4,7.9,44.7],[9,275,36,17,4,15,47.2,11.1,41.7],[10,273,36,17,3,16,47.2,8.3,44.4],[11,232,40,17,5,18,42.5,12.5,45],[12,241,36,17,1,18,47.2,2.8,50],[13,280,40,17,4,19,42.5,10,47.5],[14,4588,36,16,7,13,44.4,19.4,36.1],[15,7580,36,16,5,15,44.4,13.9,41.7],[16,1092,38,16,6,16,42.1,15.8,42.1],[17,415,38,15,4,19,39.5,10.5,50],[18,7214,36,14,10,12,38.9,27.8,33.3],[19,258,36,12,8,16,33.3,22.2,44.4],[20,225,4,3,0,1,75,0,25],[21,243,4,2,0,2,50,0,50]];
var HomeBs = [[1,273,18,12,0,6,66.7,0,33.3],[2,290,20,11,1,8,55,5,40],[3,277,19,10,5,4,52.6,26.3,21.1],[4,274,18,10,2,6,55.6,11.1,33.3],[5,232,20,10,2,8,50,10,40],[6,1093,19,10,0,9,52.6,0,47.4],[7,2596,20,9,5,6,45,25,30],[8,281,18,9,2,7,50,11.1,38.9],[9,7580,18,9,2,7,50,11.1,38.9],[10,241,18,9,1,8,50,5.6,44.4],[11,275,18,9,1,8,50,5.6,44.4],[12,287,18,9,1,8,50,5.6,44.4],[13,258,18,8,5,5,44.4,27.8,27.8],[14,4588,18,8,4,6,44.4,22.2,33.3],[15,279,18,8,4,6,44.4,22.2,33.3],[16,7214,18,8,3,7,44.4,16.7,38.9],[17,280,20,8,3,9,40,15,45],[18,1092,19,7,1,11,36.8,5.3,57.9],[19,415,19,4,4,11,21.1,21.1,57.9],[20,225,2,2,0,0,100,0,0],[21,243,2,1,0,1,50,0,50]];
var GuestBs = [[1,2596,20,14,1,5,70,5,25],[2,277,19,13,0,6,68.4,0,31.6],[3,281,18,12,0,6,66.7,0,33.3],[4,279,18,11,2,5,61.1,11.1,27.8],[5,290,20,11,2,7,55,10,35],[6,415,19,11,0,8,57.9,0,42.1],[7,287,18,10,4,4,55.6,22.2,22.2],[8,1092,19,9,5,5,47.4,26.3,26.3],[9,280,20,9,1,10,45,5,50],[10,4588,18,8,3,7,44.4,16.7,38.9],[11,274,18,8,3,7,44.4,16.7,38.9],[12,275,18,8,3,7,44.4,16.7,38.9],[13,1093,19,8,3,8,42.1,15.8,42.1],[14,241,18,8,0,10,44.4,0,55.6],[15,7580,18,7,3,8,38.9,16.7,44.4],[16,232,20,7,3,10,35,15,50],[17,7214,18,6,7,5,33.3,38.9,27.8],[18,273,18,5,3,10,27.8,16.7,55.6],[19,258,18,4,3,11,22.2,16.7,61.1],[20,243,2,1,0,1,50,0,50],[21,225,2,1,0,1,50,0,50]];
var TotalBsHalf = [[1,279,36,18,1,17,50,2.8,47.2],[2,232,39,18,1,20,46.2,2.6,51.3],[3,277,38,17,4,17,44.7,10.5,44.7],[4,2596,39,17,1,21,43.6,2.6,53.8],[5,7580,35,16,1,18,45.7,2.9,51.4],[6,7214,36,15,1,20,41.7,2.8,55.6],[7,273,36,15,1,20,41.7,2.8,55.6],[8,275,35,14,1,20,40,2.9,57.1],[9,280,39,14,4,21,35.9,10.3,53.8],[10,258,35,13,3,19,37.1,8.6,54.3],[11,281,36,13,2,21,36.1,5.6,58.3],[12,287,35,13,1,21,37.1,2.9,60],[13,290,39,13,2,24,33.3,5.1,61.5],[14,1093,38,13,0,25,34.2,0,65.8],[15,274,35,12,3,20,34.3,8.6,57.1],[16,1092,37,12,1,24,32.4,2.7,64.9],[17,241,36,11,2,23,30.6,5.6,63.9],[18,415,38,11,1,26,28.9,2.6,68.4],[19,4588,36,10,2,24,27.8,5.6,66.7],[20,243,4,3,0,1,75,0,25],[21,225,4,0,2,2,0,50,50]];
var HomeBsHalf = [[1,7580,18,10,0,8,55.6,0,44.4],[2,232,20,10,1,9,50,5,45],[3,279,18,9,1,8,50,5.6,44.4],[4,1093,19,9,0,10,47.4,0,52.6],[5,280,20,9,1,10,45,5,50],[6,277,19,8,2,9,42.1,10.5,47.4],[7,258,18,8,1,9,44.4,5.6,50],[8,2596,20,8,1,11,40,5,55],[9,274,18,7,2,9,38.9,11.1,50],[10,281,18,7,1,10,38.9,5.6,55.6],[11,275,18,7,1,10,38.9,5.6,55.6],[12,273,18,7,0,11,38.9,0,61.1],[13,241,18,6,1,11,33.3,5.6,61.1],[14,287,18,6,0,12,33.3,0,66.7],[15,7214,18,5,1,12,27.8,5.6,66.7],[16,290,20,5,2,13,25,10,65],[17,1092,19,5,1,13,26.3,5.3,68.4],[18,415,19,5,0,14,26.3,0,73.7],[19,4588,18,4,1,13,22.2,5.6,72.2],[20,243,2,2,0,0,100,0,0],[21,225,2,0,0,2,0,0,100]];
var GuestBsHalf = [[1,7214,18,10,0,8,55.6,0,44.4],[2,277,19,9,2,8,47.4,10.5,42.1],[3,279,18,9,0,9,50,0,50],[4,2596,19,9,0,10,47.4,0,52.6],[5,273,18,8,1,9,44.4,5.6,50],[6,290,19,8,0,11,42.1,0,57.9],[7,232,19,8,0,11,42.1,0,57.9],[8,287,17,7,1,9,41.2,5.9,52.9],[9,275,17,7,0,10,41.2,0,58.8],[10,1092,18,7,0,11,38.9,0,61.1],[11,7580,17,6,1,10,35.3,5.9,58.8],[12,4588,18,6,1,11,33.3,5.6,61.1],[13,281,18,6,1,11,33.3,5.6,61.1],[14,415,19,6,1,12,31.6,5.3,63.2],[15,258,17,5,2,10,29.4,11.8,58.8],[16,280,19,5,3,11,26.3,15.8,57.9],[17,274,17,5,1,11,29.4,5.9,64.7],[18,241,18,5,1,12,27.8,5.6,66.7],[19,1093,19,4,0,15,21.1,0,78.9],[20,243,2,1,0,1,50,0,50],[21,225,2,0,2,0,0,100,0]];
var addUp = [342,47.8,92,12.8,282,39.4,[75,225],[50,241,415,243],[100,225],[57.9,1092,415],[70,2596],[61.1,258]];
var addUpHalf = [268,38,34,4.8,404,57.2,[75,243],[68.4,415],[100,243],[100,225],[55.6,7214],[78.9,1093]];
var lastUpdateTime = '2025-01-19 16:30:18';
