var arrLeague = [23,'葡萄牙超级联赛','葡萄牙超級聯賽','Liga Portugal 1','2013-2014','#006665','league_match/images/1j5w1nhx8v10.png','葡超','葡超','POR D1'];
var arrTeam = [[440,'塞图巴尔','塞圖巴爾','Vitoria Setubal','','images/440/1hg209ez7sa.png',0],[443,'科英布拉大学','科英布拉大學','Academica Coimbra','','images/443/1j2j8ygkkf2c.png',0],[452,'马里迪莫','馬里迪莫','Maritimo','','images/165095610183.png',0],[459,'布拉加','布拉加','Sporting Braga','','images/165095600132.png',0],[463,'本菲卡','賓菲加','Benfica','','images/165095593478.png',0],[466,'里斯本竞技','士砵亭','Sporting CP','','images/165095607959.png',0],[468,'波尔图','波圖','FC Porto','','images/165095597156.png',0],[476,'里奥阿维','里奧阿維','Rio Ave','','images/476/1hdajkkb221n.png',0],[486,'埃斯托里尔','伊斯托里爾','Estoril','','images/165095590467.png',0],[919,'吉维森特','基維辛迪','Gil Vicente','','images/919/1gpyrknv73a.png',0],[926,'比兰尼塞斯','比蘭倫斯','Belenenses','','images/165095595094.png',0],[927,'吉马良斯','甘馬雷斯','Vitoria Guimaraes','','images/165095604742.png',0],[951,'葡萄牙国民','國民隊','Nacional da Madeira','','images/951/1gxsf273jh2z.png',0],[1000,'艾维斯','艾維斯','Aves','','images/2013131163700.jpg',0],[1006,'费雷拉','費利拿','Pacos de Ferreira','','images/165095603251.png',0],[1558,'欧汉尼斯','奧漢倫斯','Olhanense SC','','images/2013128175804.jpg',0],[9046,'阿罗卡','阿洛卡','FC Arouca','','images/16509559199.png',0]];
var TotalPanLu = [[1,440,30,5,5,20,17,0,13,4,56.7,0,43.3],[2,463,30,28,1,1,16,2,12,4,53.3,6.7,40],[3,466,30,25,3,2,16,2,12,4,53.3,6.7,40],[4,927,30,14,1,15,16,1,13,3,53.3,3.3,43.3],[5,486,30,18,5,7,15,3,12,3,50,10,40],[6,452,30,12,6,12,15,3,12,3,50,10,40],[7,926,30,5,4,21,15,3,12,3,50,10,40],[8,951,30,13,5,12,15,2,13,2,50,6.7,43.3],[9,443,30,7,3,20,15,1,14,1,50,3.3,46.7],[10,919,30,5,6,19,14,3,13,1,46.7,10,43.3],[11,1558,30,1,6,23,14,1,15,-1,46.7,3.3,50],[12,468,30,28,1,1,14,1,15,-1,46.7,3.3,50],[13,9046,30,5,4,21,13,3,14,-1,43.3,10,46.7],[14,476,30,11,5,14,12,1,17,-5,40,3.3,56.7],[15,1000,2,0,0,2,1,0,1,0,50,0,50],[16,459,30,23,2,5,10,0,20,-10,33.3,0,66.7],[17,1006,32,10,7,15,9,4,19,-10,28.1,12.5,59.4]];
var HomePanLu = [[1,468,15,15,0,0,10,1,4,6,66.7,6.7,26.7],[2,440,15,5,4,6,10,0,5,5,66.7,0,33.3],[3,452,15,10,1,4,10,0,5,5,66.7,0,33.3],[4,919,15,5,4,6,9,1,5,4,60,6.7,33.3],[5,926,15,5,3,7,8,2,5,3,53.3,13.3,33.3],[6,1558,15,1,5,9,8,1,6,2,53.3,6.7,40],[7,951,15,10,1,4,8,1,6,2,53.3,6.7,40],[8,463,15,15,0,0,8,0,7,1,53.3,0,46.7],[9,1000,1,0,0,1,1,0,0,1,100,0,0],[10,443,15,7,2,6,7,1,7,0,46.7,6.7,46.7],[11,466,15,13,2,0,7,1,7,0,46.7,6.7,46.7],[12,486,15,11,1,3,6,2,7,-1,40,13.3,46.7],[13,927,15,10,0,5,6,1,8,-2,40,6.7,53.3],[14,459,15,12,1,2,6,0,9,-3,40,0,60],[15,1006,16,9,2,5,6,0,10,-4,37.5,0,62.5],[16,9046,15,5,4,6,5,3,7,-2,33.3,20,46.7],[17,476,15,9,2,4,3,1,11,-8,20,6.7,73.3]];
var GuestPanLu = [[1,927,15,4,1,10,10,0,5,5,66.7,0,33.3],[2,466,15,12,1,2,9,1,5,4,60,6.7,33.3],[3,486,15,7,4,4,9,1,5,4,60,6.7,33.3],[4,476,15,2,3,10,9,0,6,3,60,0,40],[5,463,15,13,1,1,8,2,5,3,53.3,13.3,33.3],[6,443,15,0,1,14,8,0,7,1,53.3,0,46.7],[7,9046,15,0,0,15,8,0,7,1,53.3,0,46.7],[8,926,15,0,1,14,7,1,7,0,46.7,6.7,46.7],[9,951,15,3,4,8,7,1,7,0,46.7,6.7,46.7],[10,440,15,0,1,14,7,0,8,-1,46.7,0,53.3],[11,1558,15,0,1,14,6,0,9,-3,40,0,60],[12,452,15,2,5,8,5,3,7,-2,33.3,20,46.7],[13,919,15,0,2,13,5,2,8,-3,33.3,13.3,53.3],[14,468,15,13,1,1,4,0,11,-7,26.7,0,73.3],[15,459,15,11,1,3,4,0,11,-7,26.7,0,73.3],[16,1006,16,1,5,10,3,4,9,-6,18.8,25,56.2],[17,1000,1,0,0,1,0,0,1,-1,0,0,100]];
var TotalHalfPanLu = [[1,486,30,0,0,0,16,4,10,6,53.3,13.3,33.3],[2,463,30,0,0,0,16,0,14,2,53.3,0,46.7],[3,440,30,0,0,0,15,8,7,8,50,26.7,23.3],[4,459,30,0,0,0,14,3,13,1,46.7,10,43.3],[5,466,30,0,0,0,14,2,14,0,46.7,6.7,46.7],[6,452,30,0,0,0,13,6,11,2,43.3,20,36.7],[7,1558,30,0,0,0,13,6,11,2,43.3,20,36.7],[8,951,30,0,0,0,13,4,13,0,43.3,13.3,43.3],[9,927,30,0,0,0,13,3,14,-1,43.3,10,46.7],[10,926,30,0,0,0,12,7,11,1,40,23.3,36.7],[11,476,30,0,0,0,12,5,13,-1,40,16.7,43.3],[12,9046,30,0,0,0,12,5,13,-1,40,16.7,43.3],[13,919,30,0,0,0,12,5,13,-1,40,16.7,43.3],[14,468,30,0,0,0,12,2,16,-4,40,6.7,53.3],[15,443,30,0,0,0,11,6,13,-2,36.7,20,43.3],[16,1006,32,0,0,0,7,7,18,-11,21.9,21.9,56.2],[17,1000,2,0,0,0,0,1,1,-1,0,50,50]];
var HomeHalfPanLu = [[1,486,15,0,0,0,9,0,6,3,60,0,40],[2,463,15,0,0,0,9,0,6,3,60,0,40],[3,440,15,0,0,0,8,5,2,6,53.3,33.3,13.3],[4,1558,15,0,0,0,8,4,3,5,53.3,26.7,20],[5,452,15,0,0,0,8,3,4,4,53.3,20,26.7],[6,468,15,0,0,0,8,1,6,2,53.3,6.7,40],[7,466,15,0,0,0,8,1,6,2,53.3,6.7,40],[8,459,15,0,0,0,8,1,6,2,53.3,6.7,40],[9,951,15,0,0,0,8,0,7,1,53.3,0,46.7],[10,919,15,0,0,0,7,2,6,1,46.7,13.3,40],[11,1006,16,0,0,0,6,0,10,-4,37.5,0,62.5],[12,926,15,0,0,0,5,5,5,0,33.3,33.3,33.3],[13,9046,15,0,0,0,5,4,6,-1,33.3,26.7,40],[14,476,15,0,0,0,4,4,7,-3,26.7,26.7,46.7],[15,443,15,0,0,0,4,4,7,-3,26.7,26.7,46.7],[16,927,15,0,0,0,4,2,9,-5,26.7,13.3,60],[17,1000,1,0,0,0,0,1,0,0,0,100,0]];
var GuestHalfPanLu = [[1,927,15,0,0,0,9,1,5,4,60,6.7,33.3],[2,476,15,0,0,0,8,1,6,2,53.3,6.7,40],[3,486,15,0,0,0,7,4,4,3,46.7,26.7,26.7],[4,440,15,0,0,0,7,3,5,2,46.7,20,33.3],[5,926,15,0,0,0,7,2,6,1,46.7,13.3,40],[6,443,15,0,0,0,7,2,6,1,46.7,13.3,40],[7,9046,15,0,0,0,7,1,7,0,46.7,6.7,46.7],[8,463,15,0,0,0,7,0,8,-1,46.7,0,53.3],[9,459,15,0,0,0,6,2,7,-1,40,13.3,46.7],[10,466,15,0,0,0,6,1,8,-2,40,6.7,53.3],[11,951,15,0,0,0,5,4,6,-1,33.3,26.7,40],[12,452,15,0,0,0,5,3,7,-2,33.3,20,46.7],[13,919,15,0,0,0,5,3,7,-2,33.3,20,46.7],[14,1558,15,0,0,0,5,2,8,-3,33.3,13.3,53.3],[15,468,15,0,0,0,4,1,10,-6,26.7,6.7,66.7],[16,1006,16,0,0,0,1,7,8,-7,6.2,43.8,50],[17,1000,1,0,0,0,0,0,1,-1,0,0,100]];
var addUp = [118,48.8,15,6.2,109,45,[56.7,440],[66.7,459],[100,1000],[73.3,476],[66.7,927],[100,1000],[12.5,1006],[0,440,1000,459]];
var addUpHalf = [109,45,37,15.3,96,39.7,[53.3,486,463],[56.2,1006],[60,486,463],[62.5,1006],[60,927],[100,1000],[50,1000],[0,463]];
var lastUpdateTime = '2025-01-20 10:20:53';
