var arrLeague = [23,'葡萄牙超级联赛','葡萄牙超級聯賽','Liga Portugal 1','2013-2014','#006665','league_match/images/1j5w1nhx8v10.png','葡超','葡超','POR D1'];
var arrTeam = [[440,'塞图巴尔','塞圖巴爾','Vitoria Setubal','','images/440/1hg209ez7sa.png',0],[443,'科英布拉大学','科英布拉大學','Academica Coimbra','','images/443/1j2j8ygkkf2c.png',0],[452,'马里迪莫','馬里迪莫','Maritimo','','images/165095610183.png',0],[459,'布拉加','布拉加','Sporting Braga','','images/165095600132.png',0],[463,'本菲卡','賓菲加','Benfica','','images/165095593478.png',0],[466,'里斯本竞技','士砵亭','Sporting CP','','images/165095607959.png',0],[468,'波尔图','波圖','FC Porto','','images/165095597156.png',0],[476,'里奥阿维','里奧阿維','Rio Ave','','images/476/1hdajkkb221n.png',0],[486,'埃斯托里尔','伊斯托里爾','Estoril','','images/165095590467.png',0],[919,'吉维森特','基維辛迪','Gil Vicente','','images/919/1gpyrknv73a.png',0],[926,'比兰尼塞斯','比蘭倫斯','Belenenses','','images/165095595094.png',0],[927,'吉马良斯','甘馬雷斯','Vitoria Guimaraes','','images/165095604742.png',0],[951,'葡萄牙国民','國民隊','Nacional da Madeira','','images/951/1gxsf273jh2z.png',0],[1000,'艾维斯','艾維斯','Aves','','images/2013131163700.jpg',0],[1006,'费雷拉','費利拿','Pacos de Ferreira','','images/165095603251.png',0],[1558,'欧汉尼斯','奧漢倫斯','Olhanense SC','','images/2013128175804.jpg',0],[9046,'阿罗卡','阿洛卡','FC Arouca','','images/16509559199.png',0]];
var TotalBs = [[1,1006,32,18,0,14,56.2,0,43.8],[2,468,30,16,1,13,53.3,3.3,43.3],[3,459,30,14,1,15,46.7,3.3,50],[4,466,30,14,0,16,46.7,0,53.3],[5,951,30,14,0,16,46.7,0,53.3],[6,452,30,13,1,16,43.3,3.3,53.3],[7,440,30,13,0,17,43.3,0,56.7],[8,9046,30,12,1,17,40,3.3,56.7],[9,927,30,12,0,18,40,0,60],[10,1558,30,12,0,18,40,0,60],[11,486,30,12,0,18,40,0,60],[12,443,30,11,1,18,36.7,3.3,60],[13,463,30,11,1,18,36.7,3.3,60],[14,476,30,9,0,21,30,0,70],[15,919,30,8,1,21,26.7,3.3,70],[16,926,30,8,1,21,26.7,3.3,70],[17,1000,2,1,0,1,50,0,50]];
var HomeBs = [[1,459,15,9,0,6,60,0,40],[2,452,15,9,0,6,60,0,40],[3,1006,16,9,0,7,56.2,0,43.8],[4,440,15,8,0,7,53.3,0,46.7],[5,468,15,7,1,7,46.7,6.7,46.7],[6,927,15,7,0,8,46.7,0,53.3],[7,951,15,6,0,9,40,0,60],[8,466,15,6,0,9,40,0,60],[9,9046,15,5,1,9,33.3,6.7,60],[10,443,15,5,1,9,33.3,6.7,60],[11,1558,15,5,0,10,33.3,0,66.7],[12,926,15,5,0,10,33.3,0,66.7],[13,476,15,5,0,10,33.3,0,66.7],[14,486,15,5,0,10,33.3,0,66.7],[15,463,15,4,1,10,26.7,6.7,66.7],[16,919,15,4,0,11,26.7,0,73.3],[17,1000,1,0,0,1,0,0,100]];
var GuestBs = [[1,468,15,9,0,6,60,0,40],[2,1006,16,9,0,7,56.2,0,43.8],[3,951,15,8,0,7,53.3,0,46.7],[4,466,15,8,0,7,53.3,0,46.7],[5,9046,15,7,0,8,46.7,0,53.3],[6,486,15,7,0,8,46.7,0,53.3],[7,1558,15,7,0,8,46.7,0,53.3],[8,463,15,7,0,8,46.7,0,53.3],[9,443,15,6,0,9,40,0,60],[10,459,15,5,1,9,33.3,6.7,60],[11,927,15,5,0,10,33.3,0,66.7],[12,440,15,5,0,10,33.3,0,66.7],[13,452,15,4,1,10,26.7,6.7,66.7],[14,919,15,4,1,10,26.7,6.7,66.7],[15,476,15,4,0,11,26.7,0,73.3],[16,926,15,3,1,11,20,6.7,73.3],[17,1000,1,1,0,0,100,0,0]];
var TotalBsHalf = [[1,927,30,18,1,11,60,3.3,36.7],[2,9046,29,17,3,9,58.6,10.3,31],[3,1558,29,17,0,12,58.6,0,41.4],[4,452,30,16,8,6,53.3,26.7,20],[5,443,29,16,4,9,55.2,13.8,31],[6,486,29,15,7,7,51.7,24.1,24.1],[7,951,29,13,9,7,44.8,31,24.1],[8,440,30,13,6,11,43.3,20,36.7],[9,919,30,13,5,12,43.3,16.7,40],[10,1006,32,12,10,10,37.5,31.2,31.2],[11,926,30,12,6,12,40,20,40],[12,459,29,11,10,8,37.9,34.5,27.6],[13,463,29,10,10,9,34.5,34.5,31],[14,468,30,10,6,14,33.3,20,46.7],[15,476,29,8,4,17,27.6,13.8,58.6],[16,466,30,7,11,12,23.3,36.7,40],[17,1000,1,0,0,1,0,0,100]];
var HomeBsHalf = [[1,452,15,10,3,2,66.7,20,13.3],[2,443,15,9,1,5,60,6.7,33.3],[3,1006,16,8,5,3,50,31.2,18.8],[4,9046,15,8,2,5,53.3,13.3,33.3],[5,1558,15,8,0,7,53.3,0,46.7],[6,927,15,8,0,7,53.3,0,46.7],[7,440,15,7,3,5,46.7,20,33.3],[8,463,15,7,3,5,46.7,20,33.3],[9,919,15,7,2,6,46.7,13.3,40],[10,459,15,6,7,2,40,46.7,13.3],[11,486,15,6,6,3,40,40,20],[12,926,15,6,2,7,40,13.3,46.7],[13,468,15,6,0,9,40,0,60],[14,951,15,5,7,3,33.3,46.7,20],[15,476,15,3,3,9,20,20,60],[16,466,15,2,7,6,13.3,46.7,40],[17,1000,1,0,0,1,0,0,100]];
var GuestBsHalf = [[1,927,15,10,1,4,66.7,6.7,26.7],[2,486,14,9,1,4,64.3,7.1,28.6],[3,9046,14,9,1,4,64.3,7.1,28.6],[4,1558,14,9,0,5,64.3,0,35.7],[5,951,14,8,2,4,57.1,14.3,28.6],[6,443,14,7,3,4,50,21.4,28.6],[7,452,15,6,5,4,40,33.3,26.7],[8,926,15,6,4,5,40,26.7,33.3],[9,919,15,6,3,6,40,20,40],[10,440,15,6,3,6,40,20,40],[11,466,15,5,4,6,33.3,26.7,40],[12,459,14,5,3,6,35.7,21.4,42.9],[13,476,14,5,1,8,35.7,7.1,57.1],[14,468,15,4,6,5,26.7,40,33.3],[15,1006,16,4,5,7,25,31.2,43.8],[16,463,14,3,7,4,21.4,50,28.6],[17,1000,0,0,0,0,0,0,0]];
var addUp = [198,40.9,8,1.7,278,57.4,[56.2,1006],[70,476,919,926],[60,459,452],[100,1000],[100,1000],[73.3,476,926]];
var addUpHalf = [208,43.8,100,21.1,167,35.2,[60,927],[100,1000],[66.7,452],[100,1000],[66.7,927],[57.1,476]];
var lastUpdateTime = '2025-01-20 10:21:06';
