var arrLeague = [29,'苏格兰超级联赛','蘇格蘭超級聯賽','Scottish Premier League','2023-2024','#57A87B','league_match/images/1j5w1p9pmse.png','苏超','蘇超','SCO PR'];
var arrTeam = [[70,'凯尔特人','些路迪','Celtic FC','','images/165363471972.png',0],[71,'邓迪FC','登地','Dundee','','images/165363469577.png',0],[73,'阿伯丁','鴨巴甸','Aberdeen','','images/165363467632.png',0],[75,'马瑟韦尔','馬瑟韋爾','Motherwell','','images/165363477927.png',0],[76,'哈茨','赫斯','Heart of Midlothian','','images/165363483555.png',0],[77,'格拉斯哥流浪者','格拉斯哥流浪','Glasgow Rangers','','images/165363474719.png',0],[79,'希伯尼安','喜百年','Hibernian','','images/165363481924.png',0],[80,'利云斯顿','利雲斯頓','Livingston','','images/80/1h5bjef76m11.png',0],[81,'基马诺克','基馬諾克','Kilmarnock','','images/81/1h5bjef76b13.png',0],[1366,'罗斯郡','羅斯郡','Ross County','','images/165363476324.png',0],[1463,'圣米伦','聖美倫','Saint Mirren','','images/165363479259.png',0],[1485,'圣约翰斯通','聖莊士東','Saint Johnstone','','images/165363480511.png',0]];
var TotalPanLu = [[1,76,38,21,7,10,22,3,13,9,57.9,7.9,34.2],[2,70,38,36,0,2,20,2,16,4,52.6,5.3,42.1],[3,1463,38,8,13,17,19,5,14,5,50,13.2,36.8],[4,71,38,6,9,23,19,4,15,4,50,10.5,39.5],[5,1366,38,5,9,24,18,4,16,2,47.4,10.5,42.1],[6,81,38,15,10,13,17,7,14,3,44.7,18.4,36.8],[7,75,38,10,13,15,17,4,17,0,44.7,10.5,44.7],[8,77,38,36,0,2,17,2,19,-2,44.7,5.3,50],[9,79,38,23,4,11,17,2,19,-2,44.7,5.3,50],[10,73,38,18,7,13,15,3,20,-5,39.5,7.9,52.6],[11,1485,38,3,10,25,13,6,19,-6,34.2,15.8,50],[12,80,38,1,10,27,11,4,23,-12,28.9,10.5,60.5]];
var HomePanLu = [[1,1463,19,7,8,4,10,3,6,4,52.6,15.8,31.6],[2,76,19,15,0,4,10,2,7,3,52.6,10.5,36.8],[3,81,19,12,3,4,10,2,7,3,52.6,10.5,36.8],[4,71,19,6,6,7,9,3,7,2,47.4,15.8,36.8],[5,77,19,19,0,0,9,1,9,0,47.4,5.3,47.4],[6,79,19,16,0,3,9,0,10,-1,47.4,0,52.6],[7,73,19,15,1,3,9,0,10,-1,47.4,0,52.6],[8,1366,19,5,7,7,8,3,8,0,42.1,15.8,42.1],[9,70,19,19,0,0,8,2,9,-1,42.1,10.5,47.4],[10,80,19,1,9,9,7,3,9,-2,36.8,15.8,47.4],[11,75,19,10,5,4,7,1,11,-4,36.8,5.3,57.9],[12,1485,19,3,7,9,5,3,11,-6,26.3,15.8,57.9]];
var GuestPanLu = [[1,76,19,6,7,6,12,1,6,6,63.2,5.3,31.6],[2,70,19,17,0,2,12,0,7,5,63.2,0,36.8],[3,75,19,0,8,11,10,3,6,4,52.6,15.8,31.6],[4,71,19,0,3,16,10,1,8,2,52.6,5.3,42.1],[5,1366,19,0,2,17,10,1,8,2,52.6,5.3,42.1],[6,1463,19,1,5,13,9,2,8,1,47.4,10.5,42.1],[7,1485,19,0,3,16,8,3,8,0,42.1,15.8,42.1],[8,79,19,7,4,8,8,2,9,-1,42.1,10.5,47.4],[9,77,19,17,0,2,8,1,10,-2,42.1,5.3,52.6],[10,81,19,3,7,9,7,5,7,0,36.8,26.3,36.8],[11,73,19,3,6,10,6,3,10,-4,31.6,15.8,52.6],[12,80,19,0,1,18,4,1,14,-10,21.1,5.3,73.7]];
var TotalHalfPanLu = [[1,70,38,36,1,1,21,1,16,5,55.3,2.6,42.1],[2,77,38,35,1,2,20,2,16,4,52.6,5.3,42.1],[3,71,38,2,19,17,17,8,13,4,44.7,21.1,34.2],[4,1485,38,0,17,21,17,7,14,3,44.7,18.4,36.8],[5,75,38,5,19,14,16,6,16,0,42.1,15.8,42.1],[6,1366,38,1,17,20,15,11,12,3,39.5,28.9,31.6],[7,80,38,1,16,21,15,8,15,0,39.5,21.1,39.5],[8,1463,38,6,19,13,15,7,16,-1,39.5,18.4,42.1],[9,79,38,16,13,9,15,5,18,-3,39.5,13.2,47.4],[10,76,38,18,12,8,14,5,19,-5,36.8,13.2,50],[11,81,38,11,17,10,13,9,16,-3,34.2,23.7,42.1],[12,73,38,15,13,10,13,5,20,-7,34.2,13.2,52.6]];
var HomeHalfPanLu = [[1,70,19,19,0,0,10,1,8,2,52.6,5.3,42.1],[2,77,19,18,1,0,9,2,8,1,47.4,10.5,42.1],[3,79,19,13,3,3,8,1,10,-2,42.1,5.3,52.6],[4,76,19,14,1,4,8,0,11,-3,42.1,0,57.9],[5,80,19,1,12,6,7,7,5,2,36.8,36.8,26.3],[6,1366,19,1,13,5,7,6,6,1,36.8,31.6,31.6],[7,71,19,2,12,5,7,5,7,0,36.8,26.3,36.8],[8,81,19,10,5,4,7,2,10,-3,36.8,10.5,52.6],[9,1485,19,0,12,7,6,5,8,-2,31.6,26.3,42.1],[10,1463,19,6,9,4,6,2,11,-5,31.6,10.5,57.9],[11,75,19,5,11,3,5,4,10,-5,26.3,21.1,52.6],[12,73,19,13,3,3,4,2,13,-9,21.1,10.5,68.4]];
var GuestHalfPanLu = [[1,75,19,0,8,11,11,2,6,5,57.9,10.5,31.6],[2,1485,19,0,5,14,11,2,6,5,57.9,10.5,31.6],[3,70,19,17,1,1,11,0,8,3,57.9,0,42.1],[4,77,19,17,0,2,11,0,8,3,57.9,0,42.1],[5,71,19,0,7,12,10,3,6,4,52.6,15.8,31.6],[6,1463,19,0,10,9,9,5,5,4,47.4,26.3,26.3],[7,73,19,2,10,7,9,3,7,2,47.4,15.8,36.8],[8,1366,19,0,4,15,8,5,6,2,42.1,26.3,31.6],[9,80,19,0,4,15,8,1,10,-2,42.1,5.3,52.6],[10,79,19,3,10,6,7,4,8,-1,36.8,21.1,42.1],[11,81,19,1,12,6,6,7,6,0,31.6,36.8,31.6],[12,76,19,4,11,4,6,5,8,-2,31.6,26.3,42.1]];
var addUp = [101,44.3,23,10.1,104,45.6,[57.9,76],[60.5,80],[52.6,1463,76,81],[57.9,75,1485],[63.2,76,70],[73.7,80],[18.4,81],[5.3,70,77,79]];
var addUpHalf = [84,36.8,37,16.2,107,46.9,[55.3,70],[52.6,73],[52.6,70],[68.4,73],[57.9,75,1485,70,77],[52.6,80],[28.9,1366],[2.6,70]];
var lastUpdateTime = '2025-01-18 10:06:55';
