var arrLeague = [29,'苏格兰超级联赛','蘇格蘭超級聯賽','Scottish Premier League','2023-2024','#57A87B','league_match/images/1j5w1p9pmse.png','苏超','蘇超','SCO PR'];
var arrTeam = [[70,'凯尔特人','些路迪','Celtic FC','','images/165363471972.png',0],[71,'邓迪FC','登地','Dundee','','images/165363469577.png',0],[73,'阿伯丁','鴨巴甸','Aberdeen','','images/165363467632.png',0],[75,'马瑟韦尔','馬瑟韋爾','Motherwell','','images/165363477927.png',0],[76,'哈茨','赫斯','Heart of Midlothian','','images/165363483555.png',0],[77,'格拉斯哥流浪者','格拉斯哥流浪','Glasgow Rangers','','images/165363474719.png',0],[79,'希伯尼安','喜百年','Hibernian','','images/165363481924.png',0],[80,'利云斯顿','利雲斯頓','Livingston','','images/80/1h5bjef76m11.png',0],[81,'基马诺克','基馬諾克','Kilmarnock','','images/81/1h5bjef76b13.png',0],[1366,'罗斯郡','羅斯郡','Ross County','','images/165363476324.png',0],[1463,'圣米伦','聖美倫','Saint Mirren','','images/165363479259.png',0],[1485,'圣约翰斯通','聖莊士東','Saint Johnstone','','images/165363480511.png',0]];
var TotalBs = [[1,79,38,24,1,13,63.2,2.6,34.2],[2,71,38,21,1,16,55.3,2.6,42.1],[3,75,38,20,0,18,52.6,0,47.4],[4,1366,38,18,1,19,47.4,2.6,50],[5,77,38,17,6,15,44.7,15.8,39.5],[6,70,38,17,4,17,44.7,10.5,44.7],[7,73,38,17,1,20,44.7,2.6,52.6],[8,81,38,16,0,22,42.1,0,57.9],[9,1463,38,15,4,19,39.5,10.5,50],[10,76,38,15,1,22,39.5,2.6,57.9],[11,80,38,15,1,22,39.5,2.6,57.9],[12,1485,38,13,2,23,34.2,5.3,60.5]];
var HomeBs = [[1,75,19,12,0,7,63.2,0,36.8],[2,77,19,11,2,6,57.9,10.5,31.6],[3,79,19,11,1,7,57.9,5.3,36.8],[4,71,19,9,1,9,47.4,5.3,47.4],[5,73,19,9,0,10,47.4,0,52.6],[6,81,19,9,0,10,47.4,0,52.6],[7,1366,19,9,0,10,47.4,0,52.6],[8,1463,19,8,4,7,42.1,21.1,36.8],[9,70,19,8,1,10,42.1,5.3,52.6],[10,76,19,7,0,12,36.8,0,63.2],[11,1485,19,6,1,12,31.6,5.3,63.2],[12,80,19,5,1,13,26.3,5.3,68.4]];
var GuestBs = [[1,79,19,13,0,6,68.4,0,31.6],[2,71,19,12,0,7,63.2,0,36.8],[3,80,19,10,0,9,52.6,0,47.4],[4,70,19,9,3,7,47.4,15.8,36.8],[5,1366,19,9,1,9,47.4,5.3,47.4],[6,73,19,8,1,10,42.1,5.3,52.6],[7,76,19,8,1,10,42.1,5.3,52.6],[8,75,19,8,0,11,42.1,0,57.9],[9,1485,19,7,1,11,36.8,5.3,57.9],[10,1463,19,7,0,12,36.8,0,63.2],[11,81,19,7,0,12,36.8,0,63.2],[12,77,19,6,4,9,31.6,21.1,47.4]];
var TotalBsHalf = [[1,75,38,16,7,15,42.1,18.4,39.5],[2,77,38,16,2,20,42.1,5.3,52.6],[3,1463,38,15,12,11,39.5,31.6,28.9],[4,81,38,15,11,12,39.5,28.9,31.6],[5,70,38,15,1,22,39.5,2.6,57.9],[6,79,38,14,13,11,36.8,34.2,28.9],[7,1366,38,14,8,16,36.8,21.1,42.1],[8,73,38,12,11,15,31.6,28.9,39.5],[9,80,38,12,7,19,31.6,18.4,50],[10,71,38,10,13,15,26.3,34.2,39.5],[11,1485,38,9,11,18,23.7,28.9,47.4],[12,76,38,8,12,18,21.1,31.6,47.4]];
var HomeBsHalf = [[1,77,19,11,0,8,57.9,0,42.1],[2,70,19,10,1,8,52.6,5.3,42.1],[3,75,19,8,4,7,42.1,21.1,36.8],[4,1366,19,8,4,7,42.1,21.1,36.8],[5,1463,19,7,7,5,36.8,36.8,26.3],[6,79,19,7,6,6,36.8,31.6,31.6],[7,73,19,6,4,9,31.6,21.1,47.4],[8,81,19,5,7,7,26.3,36.8,36.8],[9,71,19,4,7,8,21.1,36.8,42.1],[10,1485,19,4,6,9,21.1,31.6,47.4],[11,76,19,4,5,10,21.1,26.3,52.6],[12,80,19,4,3,12,21.1,15.8,63.2]];
var GuestBsHalf = [[1,81,19,10,4,5,52.6,21.1,26.3],[2,1463,19,8,5,6,42.1,26.3,31.6],[3,80,19,8,4,7,42.1,21.1,36.8],[4,75,19,8,3,8,42.1,15.8,42.1],[5,79,19,7,7,5,36.8,36.8,26.3],[6,73,19,6,7,6,31.6,36.8,31.6],[7,71,19,6,6,7,31.6,31.6,36.8],[8,1366,19,6,4,9,31.6,21.1,47.4],[9,1485,19,5,5,9,26.3,26.3,47.4],[10,77,19,5,2,12,26.3,10.5,63.2],[11,70,19,5,0,14,26.3,0,73.7],[12,76,19,4,7,8,21.1,36.8,42.1]];
var addUp = [208,45.6,22,4.8,226,49.6,[63.2,79],[60.5,1485],[63.2,75],[68.4,80],[68.4,79],[63.2,1463,81]];
var addUpHalf = [156,34.2,108,23.7,192,42.1,[42.1,75,77],[57.9,70],[57.9,77],[63.2,80],[52.6,81],[73.7,70]];
var lastUpdateTime = '2025-01-18 10:07:11';
