var arrLeague = [273,'澳洲甲组联赛','澳洲甲組聯賽','Australia A-League','2022-2023','#FF7000','league_match/images/167305577951.png','澳洲甲','澳洲甲','AUS D1'];
var arrTeam = [[2900,'阿德莱德联','阿德萊德聯','Adelaide United','','images/2900/1hd5avvjts1y.png',0],[2901,'墨尔本胜利','墨爾本勝利','Melbourne Victory','','images/2901/1jaekt97145.png',0],[2909,'悉尼FC','悉尼FC','Sydney FC','','images/2909/1gq92j83knp.png',0],[2910,'中央海岸水手','中岸水手','Central Coast Mariners','','images/2910/1hd5avvjt32h.png',0],[2913,'珀斯光荣','珀斯光輝','Perth Glory','','images/2913/1h5bja71yq6.png',0],[2914,'布里斯班狮吼','布里斯本獅吼','Brisbane Roar','','images/2914/1j63q4e1gy18.png',0],[2915,'纽卡斯尔喷气机','紐卡素噴射機','Newcastle Jets','','images/2915/1hdajpw3vks.png',0],[5953,'惠灵顿凤凰','威靈頓鳳凰','Wellington Phoenix','','images/5953/1h6z210pqs2n.png',0],[14549,'墨尔本城','墨爾本城','Melbourne City','','images/14549/1gq92j83kv7.png',0],[20394,'西悉尼流浪者','西悉尼流浪者','Western Sydney','','images/20130923112441.png',0],[24502,'西部联','西部聯','Western United FC','','images/24502/1j3h5y5j79d.png',0],[51511,'麦克阿瑟FC','麥克阿瑟FC','FC Macarthur','','images/51511/1gq6jzjepr13.png',0]];
var TotalPanLu = [[1,2910,29,15,7,7,17,1,11,6,58.6,3.4,37.9],[2,14549,29,27,2,0,16,1,12,4,55.2,3.4,41.4],[3,2900,29,11,9,9,15,4,10,5,51.7,13.8,34.5],[4,20394,27,15,5,7,14,2,11,3,51.9,7.4,40.7],[5,2914,26,4,9,13,13,4,9,4,50,15.4,34.6],[6,2913,26,3,3,20,13,3,10,3,50,11.5,38.5],[7,2909,29,16,9,4,12,2,15,-3,41.4,6.9,51.7],[8,24502,26,5,5,16,11,0,15,-4,42.3,0,57.7],[9,5953,27,7,9,11,11,4,12,-1,40.7,14.8,44.4],[10,2915,26,5,4,17,10,2,14,-4,38.5,7.7,53.8],[11,51511,26,5,4,17,10,2,14,-4,38.5,7.7,53.8],[12,2901,26,14,6,6,7,3,16,-9,26.9,11.5,61.5]];
var HomePanLu = [[1,2913,13,3,3,7,9,2,2,7,69.2,15.4,15.4],[2,14549,15,15,0,0,10,0,5,5,66.7,0,33.3],[3,20394,14,11,2,1,9,0,5,4,64.3,0,35.7],[4,2910,14,11,2,1,9,0,5,4,64.3,0,35.7],[5,2900,15,10,4,1,8,2,5,3,53.3,13.3,33.3],[6,51511,13,5,3,5,7,0,6,1,53.8,0,46.2],[7,2914,13,4,6,3,5,4,4,1,38.5,30.8,30.8],[8,5953,13,6,6,1,5,3,5,0,38.5,23.1,38.5],[9,2915,13,5,3,5,5,1,7,-2,38.5,7.7,53.8],[10,2909,14,11,2,1,5,1,8,-3,35.7,7.1,57.1],[11,2901,13,10,1,2,4,1,8,-4,30.8,7.7,61.5],[12,24502,13,5,4,4,4,0,9,-5,30.8,0,69.2]];
var GuestPanLu = [[1,2914,13,0,3,10,8,0,5,3,61.5,0,38.5],[2,2910,15,4,5,6,8,1,6,2,53.3,6.7,40],[3,24502,13,0,1,12,7,0,6,1,53.8,0,46.2],[4,2900,14,1,5,8,7,2,5,2,50,14.3,35.7],[5,2909,15,5,7,3,7,1,7,0,46.7,6.7,46.7],[6,5953,14,1,3,10,6,1,7,-1,42.9,7.1,50],[7,14549,14,12,2,0,6,1,7,-1,42.9,7.1,50],[8,20394,13,4,3,6,5,2,6,-1,38.5,15.4,46.2],[9,2915,13,0,1,12,5,1,7,-2,38.5,7.7,53.8],[10,2913,13,0,0,13,4,1,8,-4,30.8,7.7,61.5],[11,2901,13,4,5,4,3,2,8,-5,23.1,15.4,61.5],[12,51511,13,0,1,12,3,2,8,-5,23.1,15.4,61.5]];
var TotalHalfPanLu = [[1,20394,27,9,14,4,17,3,7,10,63,11.1,25.9],[2,2900,29,8,15,6,16,4,9,7,55.2,13.8,31],[3,2913,26,2,9,15,13,4,9,4,50,15.4,34.6],[4,14549,29,22,7,0,13,3,13,0,44.8,10.3,44.8],[5,5953,27,3,15,9,12,7,8,4,44.4,25.9,29.6],[6,2910,29,11,14,4,12,4,13,-1,41.4,13.8,44.8],[7,24502,26,2,16,8,11,3,12,-1,42.3,11.5,46.2],[8,51511,26,2,11,13,11,3,12,-1,42.3,11.5,46.2],[9,2915,26,3,11,12,11,2,13,-2,42.3,7.7,50],[10,2914,26,1,17,8,10,8,8,2,38.5,30.8,30.8],[11,2909,29,10,17,2,8,5,16,-8,27.6,17.2,55.2],[12,2901,26,11,12,3,4,4,18,-14,15.4,15.4,69.2]];
var HomeHalfPanLu = [[1,20394,14,8,6,0,10,0,4,6,71.4,0,28.6],[2,14549,15,15,0,0,10,0,5,5,66.7,0,33.3],[3,5953,13,3,10,0,8,4,1,7,61.5,30.8,7.7],[4,2900,15,8,6,1,9,1,5,4,60,6.7,33.3],[5,2913,13,2,8,3,6,4,3,3,46.2,30.8,23.1],[6,2915,13,3,8,2,6,2,5,1,46.2,15.4,38.5],[7,51511,13,2,8,3,5,2,6,-1,38.5,15.4,46.2],[8,24502,13,2,10,1,5,1,7,-2,38.5,7.7,53.8],[9,2910,14,9,5,0,5,2,7,-2,35.7,14.3,50],[10,2914,13,1,11,1,4,6,3,1,30.8,46.2,23.1],[11,2901,13,10,2,1,4,1,8,-4,30.8,7.7,61.5],[12,2909,14,9,5,0,2,2,10,-8,14.3,14.3,71.4]];
var GuestHalfPanLu = [[1,20394,13,1,8,4,7,3,3,4,53.8,23.1,23.1],[2,2913,13,0,1,12,7,0,6,1,53.8,0,46.2],[3,2900,14,0,9,5,7,3,4,3,50,21.4,28.6],[4,2910,15,2,9,4,7,2,6,1,46.7,13.3,40],[5,2914,13,0,6,7,6,2,5,1,46.2,15.4,38.5],[6,24502,13,0,6,7,6,2,5,1,46.2,15.4,38.5],[7,51511,13,0,3,10,6,1,6,0,46.2,7.7,46.2],[8,2909,15,1,12,2,6,3,6,0,40,20,40],[9,2915,13,0,3,10,5,0,8,-3,38.5,0,61.5],[10,5953,14,0,5,9,4,3,7,-3,28.6,21.4,50],[11,14549,14,7,7,0,3,3,8,-5,21.4,21.4,57.1],[12,2901,13,1,10,2,0,3,10,-10,0,23.1,76.9]];
var addUp = [80,49.1,14,8.6,69,42.3,[58.6,2910],[61.5,2901],[69.2,2913],[69.2,24502],[61.5,2914],[61.5,2913,2901,51511],[15.4,2914],[0,24502]];
var addUpHalf = [74,45.4,25,15.3,64,39.3,[63,20394],[69.2,2901],[71.4,20394],[71.4,2909],[53.8,20394,2913],[76.9,2901],[30.8,2914],[7.7,2915]];
var lastUpdateTime = '2025-01-18 11:08:12';
