var arrLeague = [273,'澳洲甲组联赛','澳洲甲組聯賽','Australia A-League','2022-2023','#FF7000','league_match/images/167305577951.png','澳洲甲','澳洲甲','AUS D1'];
var arrTeam = [[2900,'阿德莱德联','阿德萊德聯','Adelaide United','','images/2900/1hd5avvjts1y.png',0],[2901,'墨尔本胜利','墨爾本勝利','Melbourne Victory','','images/2901/1jaekt97145.png',0],[2909,'悉尼FC','悉尼FC','Sydney FC','','images/2909/1gq92j83knp.png',0],[2910,'中央海岸水手','中岸水手','Central Coast Mariners','','images/2910/1hd5avvjt32h.png',0],[2913,'珀斯光荣','珀斯光輝','Perth Glory','','images/2913/1h5bja71yq6.png',0],[2914,'布里斯班狮吼','布里斯本獅吼','Brisbane Roar','','images/2914/1j63q4e1gy18.png',0],[2915,'纽卡斯尔喷气机','紐卡素噴射機','Newcastle Jets','','images/2915/1hdajpw3vks.png',0],[5953,'惠灵顿凤凰','威靈頓鳳凰','Wellington Phoenix','','images/5953/1h6z210pqs2n.png',0],[14549,'墨尔本城','墨爾本城','Melbourne City','','images/14549/1gq92j83kv7.png',0],[20394,'西悉尼流浪者','西悉尼流浪者','Western Sydney','','images/20130923112441.png',0],[24502,'西部联','西部聯','Western United FC','','images/24502/1j3h5y5j79d.png',0],[51511,'麦克阿瑟FC','麥克阿瑟FC','FC Macarthur','','images/51511/1gq6jzjepr13.png',0]];
var TotalBs = [[1,14549,29,19,1,9,65.5,3.4,31],[2,2910,29,18,4,7,62.1,13.8,24.1],[3,2913,26,18,1,7,69.2,3.8,26.9],[4,5953,27,17,1,9,63,3.7,33.3],[5,24502,26,16,1,9,61.5,3.8,34.6],[6,2900,29,16,0,13,55.2,0,44.8],[7,2909,29,15,2,12,51.7,6.9,41.4],[8,2915,26,14,2,10,53.8,7.7,38.5],[9,51511,26,12,4,10,46.2,15.4,38.5],[10,2901,26,12,2,12,46.2,7.7,46.2],[11,20394,27,11,1,15,40.7,3.7,55.6],[12,2914,26,10,1,15,38.5,3.8,57.7]];
var HomeBs = [[1,14549,15,12,1,2,80,6.7,13.3],[2,5953,13,9,1,3,69.2,7.7,23.1],[3,2913,13,9,1,3,69.2,7.7,23.1],[4,2915,13,9,1,3,69.2,7.7,23.1],[5,2910,14,9,2,3,64.3,14.3,21.4],[6,24502,13,7,0,6,53.8,0,46.2],[7,2909,14,7,1,6,50,7.1,42.9],[8,2900,15,7,0,8,46.7,0,53.3],[9,20394,14,6,1,7,42.9,7.1,50],[10,2901,13,5,1,7,38.5,7.7,53.8],[11,51511,13,5,1,7,38.5,7.7,53.8],[12,2914,13,4,0,9,30.8,0,69.2]];
var GuestBs = [[1,24502,13,9,1,3,69.2,7.7,23.1],[2,2913,13,9,0,4,69.2,0,30.8],[3,2910,15,9,2,4,60,13.3,26.7],[4,2900,14,9,0,5,64.3,0,35.7],[5,2909,15,8,1,6,53.3,6.7,40],[6,5953,14,8,0,6,57.1,0,42.9],[7,51511,13,7,3,3,53.8,23.1,23.1],[8,2901,13,7,1,5,53.8,7.7,38.5],[9,14549,14,7,0,7,50,0,50],[10,2914,13,6,1,6,46.2,7.7,46.2],[11,2915,13,5,1,7,38.5,7.7,53.8],[12,20394,13,5,0,8,38.5,0,61.5]];
var TotalBsHalf = [[1,2910,29,16,0,13,55.2,0,44.8],[2,14549,29,15,2,12,51.7,6.9,41.4],[3,2909,29,14,7,8,48.3,24.1,27.6],[4,2900,29,13,6,10,44.8,20.7,34.5],[5,5953,27,13,4,10,48.1,14.8,37],[6,24502,26,11,8,7,42.3,30.8,26.9],[7,2913,26,11,5,10,42.3,19.2,38.5],[8,2915,26,8,8,10,30.8,30.8,38.5],[9,20394,27,7,9,11,25.9,33.3,40.7],[10,2914,26,7,7,12,26.9,26.9,46.2],[11,51511,26,7,4,15,26.9,15.4,57.7],[12,2901,26,6,8,12,23.1,30.8,46.2]];
var HomeBsHalf = [[1,2900,15,7,3,5,46.7,20,33.3],[2,2910,14,7,0,7,50,0,50],[3,24502,13,6,5,2,46.2,38.5,15.4],[4,2909,14,6,4,4,42.9,28.6,28.6],[5,2915,13,6,3,4,46.2,23.1,30.8],[6,5953,13,6,2,5,46.2,15.4,38.5],[7,14549,15,6,1,8,40,6.7,53.3],[8,2913,13,5,4,4,38.5,30.8,30.8],[9,20394,14,4,5,5,28.6,35.7,35.7],[10,2901,13,4,2,7,30.8,15.4,53.8],[11,2914,13,4,2,7,30.8,15.4,53.8],[12,51511,13,3,3,7,23.1,23.1,53.8]];
var GuestBsHalf = [[1,14549,14,9,1,4,64.3,7.1,28.6],[2,2910,15,9,0,6,60,0,40],[3,2909,15,8,3,4,53.3,20,26.7],[4,5953,14,7,2,5,50,14.3,35.7],[5,2900,14,6,3,5,42.9,21.4,35.7],[6,2913,13,6,1,6,46.2,7.7,46.2],[7,24502,13,5,3,5,38.5,23.1,38.5],[8,51511,13,4,1,8,30.8,7.7,61.5],[9,2914,13,3,5,5,23.1,38.5,38.5],[10,20394,13,3,4,6,23.1,30.8,46.2],[11,2901,13,2,6,5,15.4,46.2,38.5],[12,2915,13,2,5,6,15.4,38.5,46.2]];
var addUp = [178,54.6,20,6.1,128,39.3,[69.2,2913],[57.7,2914],[80,14549],[69.2,2914],[69.2,24502,2913],[61.5,20394]];
var addUpHalf = [128,39.3,68,20.9,130,39.9,[55.2,2910],[57.7,51511],[50,2910],[53.8,2901,2914,51511],[64.3,14549],[61.5,51511]];
var lastUpdateTime = '2025-01-18 11:08:26';
