var arrLeague = [23,'葡萄牙超级联赛','葡萄牙超級聯賽','Liga Portugal 1','2017-2018','#006665','league_match/images/1j5w1nhx8v10.png','葡超','葡超','POR D1'];
var arrTeam = [[440,'塞图巴尔','塞圖巴爾','Vitoria Setubal','','images/440/1hg209ez7sa.png',0],[452,'马里迪莫','馬里迪莫','Maritimo','','images/165095610183.png',0],[457,'博阿维斯塔','博維斯塔','Boavista FC','','images/165095598511.png',0],[459,'布拉加','布拉加','Sporting Braga','','images/165095600132.png',0],[463,'本菲卡','賓菲加','Benfica','','images/165095593478.png',0],[466,'里斯本竞技','士砵亭','Sporting CP','','images/165095607959.png',0],[468,'波尔图','波圖','FC Porto','','images/165095597156.png',0],[476,'里奥阿维','里奧阿維','Rio Ave','','images/476/1hdajkkb221n.png',0],[486,'埃斯托里尔','伊斯托里爾','Estoril','','images/165095590467.png',0],[924,'摩里伦斯','摩里倫斯','Moreirense','','images/165095611817.png',0],[926,'比兰尼塞斯','比蘭倫斯','Belenenses','','images/165095595094.png',0],[927,'吉马良斯','甘馬雷斯','Vitoria Guimaraes','','images/165095604742.png',0],[999,'查维斯','沙維斯','GD Chaves','','images/999/1j50e1skc91a.png',0],[1000,'艾维斯','艾維斯','Aves','','images/2013131163700.jpg',0],[1006,'费雷拉','費利拿','Pacos de Ferreira','','images/165095603251.png',0],[1554,'朴迪莫伦斯','樸迪莫倫斯','Portimonense','','images/165095613598.png',0],[1555,'费伦斯','費倫斯','Feirense','','images/1555/1h6swyavgr1.png',0],[19599,'唐迪拉','唐迪拉','CD Tondela','','images/165095615051.png',0]];
var TotalBs = [[1,1554,34,22,0,12,64.7,0,35.3],[2,927,34,21,0,13,61.8,0,38.2],[3,459,34,21,0,13,61.8,0,38.2],[4,440,34,17,4,13,50,11.8,38.2],[5,452,34,17,1,16,50,2.9,47.1],[6,463,34,17,0,17,50,0,50],[7,999,34,16,4,14,47.1,11.8,41.2],[8,1000,34,16,1,17,47.1,2.9,50],[9,468,34,16,1,17,47.1,2.9,50],[10,476,34,16,1,17,47.1,2.9,50],[11,486,34,16,0,18,47.1,0,52.9],[12,19599,34,16,0,18,47.1,0,52.9],[13,924,34,15,3,16,44.1,8.8,47.1],[14,457,34,15,2,17,44.1,5.9,50],[15,1555,34,15,1,18,44.1,2.9,52.9],[16,1006,34,15,0,19,44.1,0,55.9],[17,466,34,13,1,20,38.2,2.9,58.8],[18,926,34,12,3,19,35.3,8.8,55.9]];
var HomeBs = [[1,1554,17,13,0,4,76.5,0,23.5],[2,19599,17,13,0,4,76.5,0,23.5],[3,459,17,10,0,7,58.8,0,41.2],[4,927,17,10,0,7,58.8,0,41.2],[5,999,17,9,3,5,52.9,17.6,29.4],[6,468,17,9,1,7,52.9,5.9,41.2],[7,1555,17,9,0,8,52.9,0,47.1],[8,486,17,8,0,9,47.1,0,52.9],[9,463,17,8,0,9,47.1,0,52.9],[10,457,17,8,0,9,47.1,0,52.9],[11,1000,17,8,0,9,47.1,0,52.9],[12,924,17,7,1,9,41.2,5.9,52.9],[13,476,17,7,0,10,41.2,0,58.8],[14,452,17,7,0,10,41.2,0,58.8],[15,1006,17,7,0,10,41.2,0,58.8],[16,440,17,6,3,8,35.3,17.6,47.1],[17,926,17,6,2,9,35.3,11.8,52.9],[18,466,17,3,1,13,17.6,5.9,76.5]];
var GuestBs = [[1,440,17,11,1,5,64.7,5.9,29.4],[2,459,17,11,0,6,64.7,0,35.3],[3,927,17,11,0,6,64.7,0,35.3],[4,452,17,10,1,6,58.8,5.9,35.3],[5,466,17,10,0,7,58.8,0,41.2],[6,476,17,9,1,7,52.9,5.9,41.2],[7,463,17,9,0,8,52.9,0,47.1],[8,1554,17,9,0,8,52.9,0,47.1],[9,924,17,8,2,7,47.1,11.8,41.2],[10,1000,17,8,1,8,47.1,5.9,47.1],[11,486,17,8,0,9,47.1,0,52.9],[12,1006,17,8,0,9,47.1,0,52.9],[13,457,17,7,2,8,41.2,11.8,47.1],[14,999,17,7,1,9,41.2,5.9,52.9],[15,468,17,7,0,10,41.2,0,58.8],[16,926,17,6,1,10,35.3,5.9,58.8],[17,1555,17,6,1,10,35.3,5.9,58.8],[18,19599,17,3,0,14,17.6,0,82.4]];
var TotalBsHalf = [[1,927,34,21,2,11,61.8,5.9,32.4],[2,999,34,21,2,11,61.8,5.9,32.4],[3,1554,34,20,3,11,58.8,8.8,32.4],[4,440,34,20,3,11,58.8,8.8,32.4],[5,924,34,20,2,12,58.8,5.9,35.3],[6,19599,34,19,4,11,55.9,11.8,32.4],[7,1555,34,19,2,13,55.9,5.9,38.2],[8,457,34,18,2,14,52.9,5.9,41.2],[9,486,34,17,7,10,50,20.6,29.4],[10,459,36,17,7,12,47.2,19.4,33.3],[11,1006,35,17,5,13,48.6,14.3,37.1],[12,926,34,17,3,14,50,8.8,41.2],[13,452,34,17,2,15,50,5.9,44.1],[14,1000,34,16,6,12,47.1,17.6,35.3],[15,476,34,16,4,14,47.1,11.8,41.2],[16,468,34,13,2,19,38.2,5.9,55.9],[17,463,34,10,7,17,29.4,20.6,50],[18,466,34,9,5,20,26.5,14.7,58.8]];
var HomeBsHalf = [[1,1555,17,12,1,4,70.6,5.9,23.5],[2,19599,17,11,1,5,64.7,5.9,29.4],[3,999,17,11,1,5,64.7,5.9,29.4],[4,486,17,10,4,3,58.8,23.5,17.6],[5,1554,17,10,2,5,58.8,11.8,29.4],[6,457,17,10,2,5,58.8,11.8,29.4],[7,927,17,10,1,6,58.8,5.9,35.3],[8,924,17,9,2,6,52.9,11.8,35.3],[9,926,17,9,1,7,52.9,5.9,41.2],[10,468,17,9,0,8,52.9,0,47.1],[11,1000,17,8,4,5,47.1,23.5,29.4],[12,440,17,8,1,8,47.1,5.9,47.1],[13,463,17,8,1,8,47.1,5.9,47.1],[14,1006,17,7,4,6,41.2,23.5,35.3],[15,452,17,7,1,9,41.2,5.9,52.9],[16,476,17,6,3,8,35.3,17.6,47.1],[17,459,17,5,5,7,29.4,29.4,41.2],[18,466,17,2,0,15,11.8,0,88.2],[19,459,1,1,0,0,100,0,0],[20,1006,1,1,0,0,100,0,0]];
var GuestBsHalf = [[1,440,17,12,2,3,70.6,11.8,17.6],[2,927,17,11,1,5,64.7,5.9,29.4],[3,924,17,11,0,6,64.7,0,35.3],[4,459,17,10,2,5,58.8,11.8,29.4],[5,1554,17,10,1,6,58.8,5.9,35.3],[6,476,17,10,1,6,58.8,5.9,35.3],[7,452,17,10,1,6,58.8,5.9,35.3],[8,999,17,10,1,6,58.8,5.9,35.3],[9,1006,17,9,1,7,52.9,5.9,41.2],[10,19599,17,8,3,6,47.1,17.6,35.3],[11,1000,17,8,2,7,47.1,11.8,41.2],[12,926,17,8,2,7,47.1,11.8,41.2],[13,457,17,8,0,9,47.1,0,52.9],[14,466,17,7,5,5,41.2,29.4,29.4],[15,486,17,7,3,7,41.2,17.6,41.2],[16,1555,17,7,1,9,41.2,5.9,52.9],[17,468,17,4,2,11,23.5,11.8,64.7],[18,463,17,2,6,9,11.8,35.3,52.9],[19,459,1,1,0,0,100,0,0]];
var addUp = [296,48.4,22,3.6,294,48,[64.7,1554],[58.8,466],[76.5,1554,19599],[76.5,466],[64.7,440,459,927],[82.4,19599]];
var addUpHalf = [307,49.9,68,11.1,240,39,[61.8,927,999],[58.8,466],[100,459,1006],[88.2,466],[100,459],[64.7,468]];
var lastUpdateTime = '2025-01-19 11:33:15';
