var arrLeague = [36,'英格兰超级联赛','英格蘭超級聯賽','English Premier League','2017-2018','#FF3333','league_match/images/164577482086.png','英超','英超','ENG PR'];
var arrTeam = [[18,'西布罗姆维奇','西布朗','West Bromwich(WBA)','','images/164869092720.png',0],[19,'阿森纳','阿仙奴','Arsenal','','images/164577419697.png',0],[24,'切尔西','車路士','Chelsea','','images/164577409120.png',0],[25,'利物浦','利物浦','Liverpool','','images/1j6np822z82a.png',0],[26,'曼彻斯特城','曼城','Manchester City','','images/164577478031.png',0],[27,'曼彻斯特联','曼聯','Manchester United','','images/164577479190.png',0],[28,'纽卡斯尔联','紐卡素','Newcastle United','','images/164577474623.png',0],[30,'南安普敦','修咸頓','Southampton','','images/164577463784.png',0],[31,'埃弗顿','愛華頓','Everton','','images/164577449385.png',0],[33,'托特纳姆热刺','熱刺','Tottenham Hotspur','','images/1jdbdk17e62x.png',0],[35,'水晶宫','水晶宮','Crystal Palace','','images/164577426766.png',0],[46,'伯恩利','般尼','Burnley','','images/1h99zdamy01a.png',0],[53,'沃特福德','屈福特','Watford','','images/164601828730.png',0],[58,'斯托克城','史篤城','Stoke City','','images/58/1j2fnq1y362w.png',0],[59,'莱斯特城','李斯特城','Leicester City','','images/164577432827.png',0],[60,'布莱顿','白禮頓','Brighton Hove Albion','','images/164577420829.png',0],[62,'西汉姆联','韋斯咸','West Ham United','','images/164577453830.png',0],[344,'哈德斯菲尔德','哈德斯菲爾德','Huddersfield Town','','images/164869113877.png',0],[348,'伯恩茅斯','般尼茅夫','AFC Bournemouth','','images/164869115455.png',0],[1194,'斯旺西','史雲斯','Swansea City','','images/16590027546.png',0]];
var TotalBs = [[1,19,38,21,5,12,55.3,13.2,31.6],[2,25,38,21,3,14,55.3,7.9,36.8],[3,348,38,21,3,14,55.3,7.9,36.8],[4,62,38,21,0,17,55.3,0,44.7],[5,58,38,20,2,16,52.6,5.3,42.1],[6,26,38,20,2,16,52.6,5.3,42.1],[7,59,38,20,1,17,52.6,2.6,44.7],[8,53,38,20,1,17,52.6,2.6,44.7],[9,35,38,19,2,17,50,5.3,44.7],[10,24,38,19,2,17,50,5.3,44.7],[11,31,38,18,1,19,47.4,2.6,50],[12,27,38,18,1,19,47.4,2.6,50],[13,33,38,17,0,21,44.7,0,55.3],[14,28,38,16,1,21,42.1,2.6,55.3],[15,30,38,15,1,22,39.5,2.6,57.9],[16,18,38,15,0,23,39.5,0,60.5],[17,46,38,13,2,23,34.2,5.3,60.5],[18,1194,38,13,1,24,34.2,2.6,63.2],[19,60,38,13,0,25,34.2,0,65.8],[20,344,38,12,2,24,31.6,5.3,63.2]];
var HomeBs = [[1,348,19,12,1,6,63.2,5.3,31.6],[2,26,19,12,0,7,63.2,0,36.8],[3,53,19,12,0,7,63.2,0,36.8],[4,58,19,12,0,7,63.2,0,36.8],[5,35,19,11,1,7,57.9,5.3,36.8],[6,19,19,10,5,4,52.6,26.3,21.1],[7,18,19,10,0,9,52.6,0,47.4],[8,27,19,9,1,9,47.4,5.3,47.4],[9,31,19,9,0,10,47.4,0,52.6],[10,62,19,9,0,10,47.4,0,52.6],[11,25,19,8,2,9,42.1,10.5,47.4],[12,59,19,8,0,11,42.1,0,57.9],[13,60,19,8,0,11,42.1,0,57.9],[14,28,19,7,1,11,36.8,5.3,57.9],[15,30,19,7,0,12,36.8,0,63.2],[16,33,19,7,0,12,36.8,0,63.2],[17,1194,19,7,0,12,36.8,0,63.2],[18,24,19,6,2,11,31.6,10.5,57.9],[19,46,19,6,1,12,31.6,5.3,63.2],[20,344,19,6,1,12,31.6,5.3,63.2]];
var GuestBs = [[1,25,19,13,1,5,68.4,5.3,26.3],[2,24,19,13,0,6,68.4,0,31.6],[3,59,19,12,1,6,63.2,5.3,31.6],[4,62,19,12,0,7,63.2,0,36.8],[5,19,19,11,0,8,57.9,0,42.1],[6,33,19,10,0,9,52.6,0,47.4],[7,348,19,9,2,8,47.4,10.5,42.1],[8,31,19,9,1,9,47.4,5.3,47.4],[9,27,19,9,0,10,47.4,0,52.6],[10,28,19,9,0,10,47.4,0,52.6],[11,26,19,8,2,9,42.1,10.5,47.4],[12,58,19,8,2,9,42.1,10.5,47.4],[13,53,19,8,1,10,42.1,5.3,52.6],[14,35,19,8,1,10,42.1,5.3,52.6],[15,30,19,8,1,10,42.1,5.3,52.6],[16,46,19,7,1,11,36.8,5.3,57.9],[17,344,19,6,1,12,31.6,5.3,63.2],[18,1194,19,6,1,12,31.6,5.3,63.2],[19,60,19,5,0,14,26.3,0,73.7],[20,18,19,5,0,14,26.3,0,73.7]];
var TotalBsHalf = [[1,60,38,18,2,18,47.4,5.3,47.4],[2,59,38,17,10,11,44.7,26.3,28.9],[3,25,38,17,0,21,44.7,0,55.3],[4,26,38,17,0,21,44.7,0,55.3],[5,62,38,16,8,14,42.1,21.1,36.8],[6,27,38,16,4,18,42.1,10.5,47.4],[7,30,38,15,10,13,39.5,26.3,34.2],[8,58,38,15,6,17,39.5,15.8,44.7],[9,344,38,15,2,21,39.5,5.3,55.3],[10,53,38,14,10,14,36.8,26.3,36.8],[11,35,38,14,8,16,36.8,21.1,42.1],[12,31,38,14,5,19,36.8,13.2,50],[13,33,38,14,3,21,36.8,7.9,55.3],[14,19,38,14,3,21,36.8,7.9,55.3],[15,18,38,14,2,22,36.8,5.3,57.9],[16,24,38,13,8,17,34.2,21.1,44.7],[17,348,38,13,7,18,34.2,18.4,47.4],[18,1194,38,11,11,16,28.9,28.9,42.1],[19,28,38,11,8,19,28.9,21.1,50],[20,46,38,10,9,19,26.3,23.7,50]];
var HomeBsHalf = [[1,344,19,11,0,8,57.9,0,42.1],[2,60,19,10,0,9,52.6,0,47.4],[3,53,19,9,4,6,47.4,21.1,31.6],[4,62,19,9,3,7,47.4,15.8,36.8],[5,58,19,9,2,8,47.4,10.5,42.1],[6,18,19,9,1,9,47.4,5.3,47.4],[7,19,19,9,0,10,47.4,0,52.6],[8,35,19,8,5,6,42.1,26.3,31.6],[9,27,19,8,1,10,42.1,5.3,52.6],[10,31,19,7,1,11,36.8,5.3,57.9],[11,26,19,7,0,12,36.8,0,63.2],[12,24,19,7,0,12,36.8,0,63.2],[13,30,19,6,8,5,31.6,42.1,26.3],[14,348,19,6,5,8,31.6,26.3,42.1],[15,25,19,6,0,13,31.6,0,68.4],[16,59,19,5,9,5,26.3,47.4,26.3],[17,1194,19,5,7,7,26.3,36.8,36.8],[18,28,19,5,5,9,26.3,26.3,47.4],[19,33,19,5,1,13,26.3,5.3,68.4],[20,46,19,3,6,10,15.8,31.6,52.6]];
var GuestBsHalf = [[1,59,19,12,1,6,63.2,5.3,31.6],[2,25,19,11,0,8,57.9,0,42.1],[3,26,19,10,0,9,52.6,0,47.4],[4,30,19,9,2,8,47.4,10.5,42.1],[5,33,19,9,2,8,47.4,10.5,42.1],[6,27,19,8,3,8,42.1,15.8,42.1],[7,60,19,8,2,9,42.1,10.5,47.4],[8,62,19,7,5,7,36.8,26.3,36.8],[9,31,19,7,4,8,36.8,21.1,42.1],[10,46,19,7,3,9,36.8,15.8,47.4],[11,348,19,7,2,10,36.8,10.5,52.6],[12,24,19,6,8,5,31.6,42.1,26.3],[13,58,19,6,4,9,31.6,21.1,47.4],[14,1194,19,6,4,9,31.6,21.1,47.4],[15,35,19,6,3,10,31.6,15.8,52.6],[16,28,19,6,3,10,31.6,15.8,52.6],[17,53,19,5,6,8,26.3,31.6,42.1],[18,19,19,5,3,11,26.3,15.8,57.9],[19,18,19,5,1,13,26.3,5.3,68.4],[20,344,19,4,2,13,21.1,10.5,68.4]];
var addUp = [352,46.3,30,3.9,378,49.7,[55.3,19,25,348,62],[65.8,60],[63.2,348,26,53,58],[63.2,30,33,1194,46,344],[68.4,25,24],[73.7,60,18]];
var addUpHalf = [288,37.9,116,15.3,356,46.8,[47.4,60],[57.9,18],[57.9,344],[68.4,25,33],[63.2,59],[68.4,18,344]];
var lastUpdateTime = '2025-01-19 11:33:15';
