var arrLeague = [36,'英格兰超级联赛','英格蘭超級聯賽','English Premier League','2025-2026','#FF3333','league_match/images/164577482086.png','英超','英超','ENG PR'];
var arrTeam = [[19,'阿森纳','阿仙奴','Arsenal','','images/19/1kenbrx1hg1z.png',0],[20,'阿斯顿维拉','阿士東維拉','Aston Villa','','images/20/1kenbrwzj42k.png',0],[24,'切尔西','車路士','Chelsea','','images/24/1kenbrwz272p.png',0],[25,'利物浦','利物浦','Liverpool','','images/1jq85dyw7v2x.png',0],[26,'曼彻斯特城','曼城','Manchester City','','images/26/1kenbrwykc26.png',0],[27,'曼彻斯特联','曼聯','Manchester United','','images/27/1kenbrwykps.png',0],[28,'纽卡斯尔联','紐卡素','Newcastle United','','images/28/1kenbrx11j2w.png',0],[29,'富勒姆','富咸','Fulham','','images/29/1khfjvec6d2z.png',0],[31,'埃弗顿','愛華頓','Everton','','images/31/1kenbrwz241f.png',0],[33,'托特纳姆热刺','熱刺','Tottenham Hotspur','','images/33/1kkaner1b71t.png',0],[35,'水晶宫','水晶宮','Crystal Palace','','images/35/1kenbrwyk39.png',0],[46,'伯恩利','般尼','Burnley','','images/46/1kenbrwykm1a.png',0],[49,'诺丁汉森林','諾定咸森林','Nottingham Forest','','images/164869100556.png',0],[52,'狼队','狼隊','Wolves','','images/52/1kenbrwy3pa.png',0],[56,'利兹联','列斯聯','Leeds United','','images/56/1kenbrwy3m15.png',0],[60,'布莱顿','白禮頓','Brighton Hove Albion','','images/60/1kenbrwzjqw.png',0],[62,'西汉姆联','韋斯咸','West Ham United','','images/62/1kenbrwz2t23.png',0],[65,'桑德兰','新特蘭','Sunderland A.F.C','','images/65/1kenbrx1hsp.png',0],[348,'伯恩茅斯','般尼茅夫','AFC Bournemouth','','images/348/1kenbrwz2jd.png',0],[365,'布伦特福德','賓福特','Brentford','','images/365/1kenbrx1hb1c.png',0]];
var TotalBs = [[1,62,38,22,0,16,57.9,0,42.1],[2,33,38,21,3,14,55.3,7.9,36.8],[3,56,38,21,0,17,55.3,0,44.7],[4,28,38,20,2,16,52.6,5.3,42.1],[5,35,38,20,0,18,52.6,0,47.4],[6,19,38,20,0,18,52.6,0,47.4],[7,348,38,20,0,18,52.6,0,47.4],[8,24,38,19,6,13,50,15.8,34.2],[9,49,38,19,1,18,50,2.6,47.4],[10,20,38,19,0,19,50,0,50],[11,27,38,18,6,14,47.4,15.8,36.8],[12,29,38,18,1,19,47.4,2.6,50],[13,365,38,18,1,19,47.4,2.6,50],[14,46,38,17,2,19,44.7,5.3,50],[15,31,38,16,1,21,42.1,2.6,55.3],[16,60,38,15,4,19,39.5,10.5,50],[17,65,38,15,2,21,39.5,5.3,55.3],[18,25,38,14,8,16,36.8,21.1,42.1],[19,26,38,13,6,19,34.2,15.8,50],[20,52,38,13,3,22,34.2,7.9,57.9]];
var HomeBs = [[1,28,19,12,2,5,63.2,10.5,26.3],[2,62,19,12,0,7,63.2,0,36.8],[3,56,19,11,0,8,57.9,0,42.1],[4,19,19,11,0,8,57.9,0,42.1],[5,20,19,11,0,8,57.9,0,42.1],[6,365,19,11,0,8,57.9,0,42.1],[7,33,19,10,2,7,52.6,10.5,36.8],[8,29,19,10,0,9,52.6,0,47.4],[9,31,19,10,0,9,52.6,0,47.4],[10,27,19,9,2,8,47.4,10.5,42.1],[11,35,19,9,0,10,47.4,0,52.6],[12,65,19,9,0,10,47.4,0,52.6],[13,348,19,9,0,10,47.4,0,52.6],[14,52,19,8,1,10,42.1,5.3,52.6],[15,49,19,8,0,11,42.1,0,57.9],[16,60,19,7,4,8,36.8,21.1,42.1],[17,24,19,6,5,8,31.6,26.3,42.1],[18,46,19,6,0,13,31.6,0,68.4],[19,26,19,5,4,10,26.3,21.1,52.6],[20,25,19,5,3,11,26.3,15.8,57.9]];
var GuestBs = [[1,24,19,13,1,5,68.4,5.3,26.3],[2,46,19,11,2,6,57.9,10.5,31.6],[3,49,19,11,1,7,57.9,5.3,36.8],[4,33,19,11,1,7,57.9,5.3,36.8],[5,35,19,11,0,8,57.9,0,42.1],[6,348,19,11,0,8,57.9,0,42.1],[7,56,19,10,0,9,52.6,0,47.4],[8,62,19,10,0,9,52.6,0,47.4],[9,25,19,9,5,5,47.4,26.3,26.3],[10,27,19,9,4,6,47.4,21.1,31.6],[11,19,19,9,0,10,47.4,0,52.6],[12,26,19,8,2,9,42.1,10.5,47.4],[13,29,19,8,1,10,42.1,5.3,52.6],[14,28,19,8,0,11,42.1,0,57.9],[15,20,19,8,0,11,42.1,0,57.9],[16,60,19,8,0,11,42.1,0,57.9],[17,365,19,7,1,11,36.8,5.3,57.9],[18,65,19,6,2,11,31.6,10.5,57.9],[19,31,19,6,1,12,31.6,5.3,63.2],[20,52,19,5,2,12,26.3,10.5,63.2]];
var TotalBsHalf = [[1,33,38,16,7,15,42.1,18.4,39.5],[2,26,38,16,2,20,42.1,5.3,52.6],[3,52,38,15,8,15,39.5,21.1,39.5],[4,62,38,15,5,18,39.5,13.2,47.4],[5,348,38,15,3,20,39.5,7.9,52.6],[6,46,38,14,10,14,36.8,26.3,36.8],[7,365,38,14,9,15,36.8,23.7,39.5],[8,56,38,14,6,18,36.8,15.8,47.4],[9,27,38,14,5,19,36.8,13.2,50],[10,28,38,13,7,18,34.2,18.4,47.4],[11,24,38,13,7,18,34.2,18.4,47.4],[12,31,38,12,13,13,31.6,34.2,34.2],[13,35,38,12,12,14,31.6,31.6,36.8],[14,29,38,12,9,17,31.6,23.7,44.7],[15,25,38,12,1,25,31.6,2.6,65.8],[16,49,38,11,12,15,28.9,31.6,39.5],[17,60,38,11,10,17,28.9,26.3,44.7],[18,65,38,11,10,17,28.9,26.3,44.7],[19,19,38,11,9,18,28.9,23.7,47.4],[20,20,38,11,9,18,28.9,23.7,47.4]];
var HomeBsHalf = [[1,26,19,12,0,7,63.2,0,36.8],[2,46,19,8,5,6,42.1,26.3,31.6],[3,52,19,8,4,7,42.1,21.1,36.8],[4,27,19,8,3,8,42.1,15.8,42.1],[5,28,19,8,3,8,42.1,15.8,42.1],[6,56,19,8,1,10,42.1,5.3,52.6],[7,365,19,7,5,7,36.8,26.3,36.8],[8,62,19,7,4,8,36.8,21.1,42.1],[9,33,19,7,4,8,36.8,21.1,42.1],[10,25,19,7,0,12,36.8,0,63.2],[11,20,19,6,5,8,31.6,26.3,42.1],[12,60,19,6,5,8,31.6,26.3,42.1],[13,65,19,6,3,10,31.6,15.8,52.6],[14,19,19,6,2,11,31.6,10.5,57.9],[15,348,19,6,1,12,31.6,5.3,63.2],[16,29,19,5,5,9,26.3,26.3,47.4],[17,24,19,5,2,12,26.3,10.5,63.2],[18,31,19,4,11,4,21.1,57.9,21.1],[19,49,19,4,6,9,21.1,31.6,47.4],[20,35,19,3,8,8,15.8,42.1,42.1]];
var GuestBsHalf = [[1,35,19,9,4,6,47.4,21.1,31.6],[2,33,19,9,3,7,47.4,15.8,36.8],[3,348,19,9,2,8,47.4,10.5,42.1],[4,24,19,8,5,6,42.1,26.3,31.6],[5,31,19,8,2,9,42.1,10.5,47.4],[6,62,19,8,1,10,42.1,5.3,52.6],[7,49,19,7,6,6,36.8,31.6,31.6],[8,52,19,7,4,8,36.8,21.1,42.1],[9,29,19,7,4,8,36.8,21.1,42.1],[10,365,19,7,4,8,36.8,21.1,42.1],[11,56,19,6,5,8,31.6,26.3,42.1],[12,46,19,6,5,8,31.6,26.3,42.1],[13,27,19,6,2,11,31.6,10.5,57.9],[14,19,19,5,7,7,26.3,36.8,36.8],[15,65,19,5,7,7,26.3,36.8,36.8],[16,60,19,5,5,9,26.3,26.3,47.4],[17,20,19,5,4,10,26.3,21.1,52.6],[18,28,19,5,4,10,26.3,21.1,52.6],[19,25,19,5,1,13,26.3,5.3,68.4],[20,26,19,4,2,13,21.1,10.5,68.4]];
var addUp = [358,47.1,46,6.1,356,46.8,[57.9,62],[57.9,52],[63.2,28,62],[68.4,46],[68.4,24],[63.2,31,52]];
var addUpHalf = [262,34.5,154,20.3,344,45.3,[42.1,33,26],[65.8,25],[63.2,26],[63.2,25,348,24],[47.4,35,33,348],[68.4,25,26]];
var lastUpdateTime = '2026-05-30 20:18:13';
