var arrLeague = [8,'德国甲组联赛','德國甲組聯賽','German Bundesliga','2012-2013','#990099','league_match/images/166674997937.png','德甲','德甲','GER D1'];
var arrTeam = [[88,'拜仁慕尼黑','拜仁慕尼黑','Bayern Munchen','','images/1jarzw1r4wn.png',0],[99,'多特蒙德','多蒙特','Borussia Dortmund','','images/164870996363.png',0],[128,'门兴格拉德巴赫','慕遜加柏','Borussia Monchengladbach','','images/16487114506.png',0],[132,'云达不莱梅','雲達不萊梅','Werder Bremen','','images/2013119144220.jpg',0],[136,'纽伦堡','紐倫堡','Nurnberg','','images/2013119145001.jpg',0],[149,'沃尔夫斯堡','沃爾夫斯堡','VfL Wolfsburg','','images/164871147946.png',0],[151,'沙尔克04','史浩克零四','Schalke 04','','images/2013119145317.jpg',0],[155,'斯图加特','史特加','VfB Stuttgart','','images/164871149852.png',0],[160,'汉堡','漢堡','Hamburger SV','','images/2013119151640.jpg',0],[162,'美因茨','緬恩斯','FSV Mainz 05','','images/164871151364.png',0],[165,'勒沃库森','利華古遜','Bayer Leverkusen','','images/164871152472.png',0],[169,'汉诺威96','漢諾威','Hannover 96','','images/201312092606.jpg',0],[172,'弗赖堡','費雷堡','SC Freiburg','','images/164871154089.png',0],[423,'法兰克福','法蘭克福','Eintracht Frankfurt','','images/164871155563.png',0],[458,'菲尔特','格雷特霍夫','Greuther Furth','','images/16487115697.png',0],[1078,'霍芬海姆','賀芬咸','TSG Hoffenheim','','images/164871159920.png',0],[1135,'奥格斯堡','奧格斯堡','Augsburg','','images/164871162622.png',0],[1344,'杜塞尔多夫','杜斯多夫','Fortuna Dusseldorf','','images/201312093635.jpg',0]];
var TotalBs = [[1,169,34,23,1,10,67.6,2.9,29.4],[2,1078,34,23,1,10,67.6,2.9,29.4],[3,99,34,20,4,10,58.8,11.8,29.4],[4,132,34,20,2,12,58.8,5.9,35.3],[5,165,34,20,1,13,58.8,2.9,38.2],[6,151,34,19,5,10,55.9,14.7,29.4],[7,155,34,19,1,14,55.9,2.9,41.2],[8,1344,34,19,1,14,55.9,2.9,41.2],[9,423,34,18,1,15,52.9,2.9,44.1],[10,162,34,17,1,16,50,2.9,47.1],[11,136,34,16,1,17,47.1,2.9,50],[12,149,34,15,0,19,44.1,0,55.9],[13,172,34,14,1,19,41.2,2.9,55.9],[14,128,34,14,0,20,41.2,0,58.8],[15,88,34,13,2,19,38.2,5.9,55.9],[16,160,34,13,1,20,38.2,2.9,58.8],[17,1135,34,13,0,21,38.2,0,61.8],[18,458,34,12,1,21,35.3,2.9,61.8]];
var HomeBs = [[1,423,17,12,0,5,70.6,0,29.4],[2,1078,17,11,1,5,64.7,5.9,29.4],[3,1344,17,11,0,6,64.7,0,35.3],[4,151,17,10,3,4,58.8,17.6,23.5],[5,169,17,10,1,6,58.8,5.9,35.3],[6,165,17,10,0,7,58.8,0,41.2],[7,155,17,10,0,7,58.8,0,41.2],[8,132,17,10,0,7,58.8,0,41.2],[9,99,17,8,4,5,47.1,23.5,29.4],[10,162,17,8,1,8,47.1,5.9,47.1],[11,88,17,8,0,9,47.1,0,52.9],[12,458,17,8,0,9,47.1,0,52.9],[13,1135,17,7,0,10,41.2,0,58.8],[14,128,17,7,0,10,41.2,0,58.8],[15,136,17,7,0,10,41.2,0,58.8],[16,149,17,7,0,10,41.2,0,58.8],[17,172,17,6,1,10,35.3,5.9,58.8],[18,160,17,4,1,12,23.5,5.9,70.6]];
var GuestBs = [[1,169,17,13,0,4,76.5,0,23.5],[2,1078,17,12,0,5,70.6,0,29.4],[3,99,17,12,0,5,70.6,0,29.4],[4,132,17,10,2,5,58.8,11.8,29.4],[5,165,17,10,1,6,58.8,5.9,35.3],[6,151,17,9,2,6,52.9,11.8,35.3],[7,155,17,9,1,7,52.9,5.9,41.2],[8,136,17,9,1,7,52.9,5.9,41.2],[9,160,17,9,0,8,52.9,0,47.1],[10,162,17,9,0,8,52.9,0,47.1],[11,1344,17,8,1,8,47.1,5.9,47.1],[12,149,17,8,0,9,47.1,0,52.9],[13,172,17,8,0,9,47.1,0,52.9],[14,128,17,7,0,10,41.2,0,58.8],[15,423,17,6,1,10,35.3,5.9,58.8],[16,1135,17,6,0,11,35.3,0,64.7],[17,88,17,5,2,10,29.4,11.8,58.8],[18,458,17,4,1,12,23.5,5.9,70.6]];
var TotalBsHalf = [[1,99,34,20,3,11,58.8,8.8,32.4],[2,169,34,18,8,8,52.9,23.5,23.5],[3,1078,33,18,7,8,54.5,21.2,24.2],[4,149,33,16,7,10,48.5,21.2,30.3],[5,423,34,15,6,13,44.1,17.6,38.2],[6,1344,33,14,9,10,42.4,27.3,30.3],[7,128,34,14,9,11,41.2,26.5,32.4],[8,165,33,14,5,14,42.4,15.2,42.4],[9,132,33,13,3,17,39.4,9.1,51.5],[10,160,34,12,10,12,35.3,29.4,35.3],[11,162,33,12,5,16,36.4,15.2,48.5],[12,458,33,11,9,13,33.3,27.3,39.4],[13,136,34,11,9,14,32.4,26.5,41.2],[14,155,34,11,5,18,32.4,14.7,52.9],[15,88,33,11,0,22,33.3,0,66.7],[16,1135,34,10,12,12,29.4,35.3,35.3],[17,172,34,10,8,16,29.4,23.5,47.1],[18,151,33,9,7,17,27.3,21.2,51.5]];
var HomeBsHalf = [[1,1078,17,11,2,4,64.7,11.8,23.5],[2,99,17,11,0,6,64.7,0,35.3],[3,149,17,9,5,3,52.9,29.4,17.6],[4,1344,17,9,5,3,52.9,29.4,17.6],[5,169,17,8,4,5,47.1,23.5,29.4],[6,88,17,8,0,9,47.1,0,52.9],[7,128,17,7,5,5,41.2,29.4,29.4],[8,458,17,7,5,5,41.2,29.4,29.4],[9,162,17,7,2,8,41.2,11.8,47.1],[10,165,17,7,2,8,41.2,11.8,47.1],[11,155,17,7,0,10,41.2,0,58.8],[12,423,17,6,4,7,35.3,23.5,41.2],[13,132,17,6,1,10,35.3,5.9,58.8],[14,160,17,4,6,7,23.5,35.3,41.2],[15,1135,17,4,5,8,23.5,29.4,47.1],[16,151,17,4,3,10,23.5,17.6,58.8],[17,136,17,3,7,7,17.6,41.2,41.2],[18,172,17,3,5,9,17.6,29.4,52.9]];
var GuestBsHalf = [[1,169,17,10,4,3,58.8,23.5,17.6],[2,99,17,9,3,5,52.9,17.6,29.4],[3,423,17,9,2,6,52.9,11.8,35.3],[4,160,17,8,4,5,47.1,23.5,29.4],[5,136,17,8,2,7,47.1,11.8,41.2],[6,1078,16,7,5,4,43.8,31.2,25],[7,165,16,7,3,6,43.8,18.8,37.5],[8,128,17,7,4,6,41.2,23.5,35.3],[9,132,16,7,2,7,43.8,12.5,43.8],[10,149,16,7,2,7,43.8,12.5,43.8],[11,172,17,7,3,7,41.2,17.6,41.2],[12,1135,17,6,7,4,35.3,41.2,23.5],[13,1344,16,5,4,7,31.2,25,43.8],[14,151,16,5,4,7,31.2,25,43.8],[15,162,16,5,3,8,31.2,18.8,50],[16,155,17,4,5,8,23.5,29.4,47.1],[17,458,16,4,4,8,25,25,50],[18,88,16,3,0,13,18.8,0,81.2]];
var addUp = [308,50.3,24,3.9,280,45.8,[67.6,169,1078],[61.8,1135,458],[70.6,423],[70.6,160],[76.5,169],[70.6,458]];
var addUpHalf = [239,39.6,122,20.2,242,40.1,[58.8,99],[66.7,88],[64.7,1078,99],[58.8,155,132,151],[58.8,169],[81.2,88]];
var lastUpdateTime = '2025-01-20 14:33:56';
