var arrLeague = [36,'英格兰超级联赛','英格蘭超級聯賽','English Premier League','2019-2020','#FF3333','league_match/images/164577482086.png','英超','英超','ENG PR'];
var arrTeam = [[19,'阿森纳','阿仙奴','Arsenal','','images/164577419697.png',0],[20,'阿斯顿维拉','阿士東維拉','Aston Villa','','images/1hzrbdqcqe1x.png',0],[24,'切尔西','車路士','Chelsea','','images/164577409120.png',0],[25,'利物浦','利物浦','Liverpool','','images/1j6np822z82a.png',0],[26,'曼彻斯特城','曼城','Manchester City','','images/164577478031.png',0],[27,'曼彻斯特联','曼聯','Manchester United','','images/164577479190.png',0],[28,'纽卡斯尔联','紐卡素','Newcastle United','','images/164577474623.png',0],[30,'南安普敦','修咸頓','Southampton','','images/164577463784.png',0],[31,'埃弗顿','愛華頓','Everton','','images/164577449385.png',0],[33,'托特纳姆热刺','熱刺','Tottenham Hotspur','','images/1jdbdk17e62x.png',0],[34,'诺维奇','諾域治','Norwich City','','images/165900268751.png',0],[35,'水晶宫','水晶宮','Crystal Palace','','images/164577426766.png',0],[46,'伯恩利','般尼','Burnley','','images/1h99zdamy01a.png',0],[51,'谢菲尔德联队','錫菲聯','Sheffield United','','images/164869103617.png',0],[52,'狼队','狼隊','Wolves','','images/164577451783.png',0],[53,'沃特福德','屈福特','Watford','','images/164601828730.png',0],[59,'莱斯特城','李斯特城','Leicester City','','images/164577432827.png',0],[60,'布莱顿','白禮頓','Brighton Hove Albion','','images/164577420829.png',0],[62,'西汉姆联','韋斯咸','West Ham United','','images/164577453830.png',0],[348,'伯恩茅斯','般尼茅夫','AFC Bournemouth','','images/164869115455.png',0]];
var TotalBs = [[1,26,38,20,3,15,52.6,7.9,39.5],[2,59,38,20,2,16,52.6,5.3,42.1],[3,348,38,20,0,18,52.6,0,47.4],[4,53,38,19,2,17,50,5.3,44.7],[5,33,38,19,2,17,50,5.3,44.7],[6,30,38,19,2,17,50,5.3,44.7],[7,28,38,19,0,19,50,0,50],[8,20,38,18,2,18,47.4,5.3,47.4],[9,62,38,18,1,19,47.4,2.6,50],[10,24,38,17,7,14,44.7,18.4,36.8],[11,34,38,17,1,20,44.7,2.6,52.6],[12,31,38,17,0,21,44.7,0,55.3],[13,25,38,15,7,16,39.5,18.4,42.1],[14,19,38,15,4,19,39.5,10.5,50],[15,46,38,15,3,20,39.5,7.9,52.6],[16,27,38,15,1,22,39.5,2.6,57.9],[17,60,38,14,2,22,36.8,5.3,57.9],[18,52,38,14,1,23,36.8,2.6,60.5],[19,51,38,11,0,27,28.9,0,71.1],[20,35,38,10,2,26,26.3,5.3,68.4]];
var HomeBs = [[1,53,19,11,2,6,57.9,10.5,31.6],[2,59,19,11,0,8,57.9,0,42.1],[3,34,19,11,0,8,57.9,0,42.1],[4,27,19,11,0,8,57.9,0,42.1],[5,62,19,10,1,8,52.6,5.3,42.1],[6,348,19,10,0,9,52.6,0,47.4],[7,20,19,9,2,8,47.4,10.5,42.1],[8,26,19,9,2,8,47.4,10.5,42.1],[9,25,19,9,1,9,47.4,5.3,47.4],[10,30,19,9,1,9,47.4,5.3,47.4],[11,28,19,9,0,10,47.4,0,52.6],[12,19,19,8,4,7,42.1,21.1,36.8],[13,46,19,8,1,10,42.1,5.3,52.6],[14,33,19,7,2,10,36.8,10.5,52.6],[15,60,19,7,0,12,36.8,0,63.2],[16,31,19,7,0,12,36.8,0,63.2],[17,52,19,7,0,12,36.8,0,63.2],[18,51,19,6,0,13,31.6,0,68.4],[19,24,19,5,3,11,26.3,15.8,57.9],[20,35,19,2,2,15,10.5,10.5,78.9]];
var GuestBs = [[1,24,19,12,4,3,63.2,21.1,15.8],[2,33,19,12,0,7,63.2,0,36.8],[3,26,19,11,1,7,57.9,5.3,36.8],[4,30,19,10,1,8,52.6,5.3,42.1],[5,31,19,10,0,9,52.6,0,47.4],[6,28,19,10,0,9,52.6,0,47.4],[7,348,19,10,0,9,52.6,0,47.4],[8,59,19,9,2,8,47.4,10.5,42.1],[9,20,19,9,0,10,47.4,0,52.6],[10,35,19,8,0,11,42.1,0,57.9],[11,53,19,8,0,11,42.1,0,57.9],[12,62,19,8,0,11,42.1,0,57.9],[13,46,19,7,2,10,36.8,10.5,52.6],[14,60,19,7,2,10,36.8,10.5,52.6],[15,52,19,7,1,11,36.8,5.3,57.9],[16,19,19,7,0,12,36.8,0,63.2],[17,25,19,6,6,7,31.6,31.6,36.8],[18,34,19,6,1,12,31.6,5.3,63.2],[19,51,19,5,0,14,26.3,0,73.7],[20,27,19,4,1,14,21.1,5.3,73.7]];
var TotalBsHalf = [[1,26,38,21,0,17,55.3,0,44.7],[2,348,38,19,6,13,50,15.8,34.2],[3,28,38,17,5,16,44.7,13.2,42.1],[4,24,38,17,4,17,44.7,10.5,44.7],[5,62,38,16,3,19,42.1,7.9,50],[6,25,38,16,1,21,42.1,2.6,55.3],[7,34,38,15,7,16,39.5,18.4,42.1],[8,60,38,15,6,17,39.5,15.8,44.7],[9,31,38,14,11,13,36.8,28.9,34.2],[10,46,38,14,9,15,36.8,23.7,39.5],[11,27,38,13,14,11,34.2,36.8,28.9],[12,52,38,13,10,15,34.2,26.3,39.5],[13,33,38,13,8,17,34.2,21.1,44.7],[14,30,38,13,8,17,34.2,21.1,44.7],[15,59,38,13,8,17,34.2,21.1,44.7],[16,20,38,13,5,20,34.2,13.2,52.6],[17,19,38,13,2,23,34.2,5.3,60.5],[18,53,38,12,11,15,31.6,28.9,39.5],[19,51,38,11,9,18,28.9,23.7,47.4],[20,35,38,8,9,21,21.1,23.7,55.3]];
var HomeBsHalf = [[1,26,19,11,0,8,57.9,0,42.1],[2,19,19,10,0,9,52.6,0,47.4],[3,348,19,9,4,6,47.4,21.1,31.6],[4,62,19,9,2,8,47.4,10.5,42.1],[5,25,19,9,0,10,47.4,0,52.6],[6,20,19,8,4,7,42.1,21.1,36.8],[7,27,19,7,6,6,36.8,31.6,31.6],[8,34,19,7,6,6,36.8,31.6,31.6],[9,46,19,7,4,8,36.8,21.1,42.1],[10,51,19,7,3,9,36.8,15.8,47.4],[11,28,19,7,2,10,36.8,10.5,52.6],[12,24,19,7,2,10,36.8,10.5,52.6],[13,33,19,7,2,10,36.8,10.5,52.6],[14,52,19,6,8,5,31.6,42.1,26.3],[15,30,19,6,6,7,31.6,31.6,36.8],[16,31,19,6,5,8,31.6,26.3,42.1],[17,53,19,6,3,10,31.6,15.8,52.6],[18,60,19,6,3,10,31.6,15.8,52.6],[19,59,19,5,4,10,26.3,21.1,52.6],[20,35,19,3,4,12,15.8,21.1,63.2]];
var GuestBsHalf = [[1,28,19,10,3,6,52.6,15.8,31.6],[2,24,19,10,2,7,52.6,10.5,36.8],[3,348,19,10,2,7,52.6,10.5,36.8],[4,26,19,10,0,9,52.6,0,47.4],[5,60,19,9,3,7,47.4,15.8,36.8],[6,31,19,8,6,5,42.1,31.6,26.3],[7,59,19,8,4,7,42.1,21.1,36.8],[8,34,19,8,1,10,42.1,5.3,52.6],[9,46,19,7,5,7,36.8,26.3,36.8],[10,52,19,7,2,10,36.8,10.5,52.6],[11,30,19,7,2,10,36.8,10.5,52.6],[12,25,19,7,1,11,36.8,5.3,57.9],[13,62,19,7,1,11,36.8,5.3,57.9],[14,27,19,6,8,5,31.6,42.1,26.3],[15,53,19,6,8,5,31.6,42.1,26.3],[16,33,19,6,6,7,31.6,31.6,36.8],[17,35,19,5,5,9,26.3,26.3,47.4],[18,20,19,5,1,13,26.3,5.3,68.4],[19,51,19,4,6,9,21.1,31.6,47.4],[20,19,19,3,2,14,15.8,10.5,73.7]];
var addUp = [332,43.7,42,5.5,386,50.8,[52.6,26,59,348],[71.1,51],[57.9,53,59,34,27],[78.9,35],[63.2,24,33],[73.7,51,27]];
var addUpHalf = [286,37.6,136,17.9,338,44.5,[55.3,26],[60.5,19],[57.9,26],[63.2,35],[52.6,28,24,348,26],[73.7,19]];
var lastUpdateTime = '2025-01-19 09:03:42';
