var arrLeague = [25,'日本职业联赛J1','日本職業聯賽J1','J1 League','2018','#009900','league_match/images/20130413112735.jpg','日职联','日職聯','JPN D1'];
var arrTeam = [[181,'名古屋鲸八','名古屋八鯨','Nagoya Grampus','','images/181/1jbn72rjkc0.png',0],[188,'浦和红钻','浦和紅鑽','Urawa Red Diamonds','','images/188/1gtzcts2pj1a.png',0],[190,'鹿岛鹿角','鹿島鹿角','Kashima Antlers','','images/190/1gtzcts261m.png',0],[193,'大阪樱花','大阪櫻花','Cerezo Osaka','','images/193/1gtzcts26h14.png',0],[196,'横滨水手','橫濱水手','Yokohama Marinos','','images/196/1gtzcts26eq.png',0],[198,'磐田喜悦','磐田山葉','Jubilo Iwata','','images/198/1gtzcts2p16.png',0],[200,'东京绿茵','東京綠茵','Tokyo Verdy','','images/200/1h53w5e0f9p.png',0],[201,'FC东京','FC東京','FC Tokyo','','images/201/1gtzcts2ptm.png',0],[203,'神户胜利船','神戶勝利船','Vissel Kobe','','images/203/1gtzcts1qh1b.png',0],[204,'清水鼓动','清水心跳','Shimizu S-Pulse','','images/204/1gtzcts2p01p.png',0],[206,'广岛三箭','廣島三箭','Hiroshima Sanfrecce','','images/206/1gtzcts1qj1h.png',0],[207,'大阪钢巴','大阪飛腳','Gamba Osaka','','images/207/1gtzd3qtya20.png',0],[209,'柏太阳神','柏雷素爾','Kashiwa Reysol','','images/209/1gtzcts3612j.png',0],[1612,'湘南海洋','湘南比馬','Shonan Bellmare','','images/1612/1gtzcts2pg27.png',0],[1989,'川崎前锋','川崎前鋒','Kawasaki Frontale','','images/1989/1gtzcts26x2r.png',0],[3164,'鸟栖沙岩','鳥栖沙岩','Sagan Tosu','','images/3164/1gtzcts2pxc.png',0],[3193,'仙台维加泰','仙台維加泰','Vegalta Sendai','','images/3193/1h53w49ppqd.png',0],[3195,'札幌冈萨多','札幌岡薩多','Consadole Sapporo','','images/3195/1gtzcts2ps14.png',0],[10031,'长崎成功丸','長崎成功丸','V-Varen Nagasaki','','images/10031/1hr8p728mx2e.png',0]];
var TotalBs = [[1,181,34,20,4,10,58.8,11.8,29.4],[2,3195,34,20,2,12,58.8,5.9,35.3],[3,204,34,20,1,13,58.8,2.9,38.2],[4,209,34,20,0,14,58.8,0,41.2],[5,188,34,18,0,16,52.9,0,47.1],[6,196,34,17,4,13,50,11.8,38.2],[7,10031,34,17,1,16,50,2.9,47.1],[8,3193,34,16,2,16,47.1,5.9,47.1],[9,207,34,16,1,17,47.1,2.9,50],[10,203,34,16,1,17,47.1,2.9,50],[11,190,34,16,1,17,47.1,2.9,50],[12,1989,34,15,1,18,44.1,2.9,52.9],[13,1612,34,15,0,19,44.1,0,55.9],[14,198,35,15,1,19,42.9,2.9,54.3],[15,206,34,14,0,20,41.2,0,58.8],[16,3164,34,13,0,21,38.2,0,61.8],[17,193,34,13,0,21,38.2,0,61.8],[18,201,34,11,0,23,32.4,0,67.6],[19,200,1,0,1,0,0,100,0]];
var HomeBs = [[1,196,17,11,3,3,64.7,17.6,17.6],[2,3195,17,11,0,6,64.7,0,35.3],[3,181,17,10,2,5,58.8,11.8,29.4],[4,188,17,10,0,7,58.8,0,41.2],[5,203,17,10,0,7,58.8,0,41.2],[6,3193,17,9,2,6,52.9,11.8,35.3],[7,204,17,9,0,8,52.9,0,47.1],[8,10031,17,8,1,8,47.1,5.9,47.1],[9,1989,17,8,0,9,47.1,0,52.9],[10,193,17,8,0,9,47.1,0,52.9],[11,209,17,8,0,9,47.1,0,52.9],[12,206,17,8,0,9,47.1,0,52.9],[13,198,18,8,1,9,44.4,5.6,50],[14,207,17,6,1,10,35.3,5.9,58.8],[15,1612,17,6,0,11,35.3,0,64.7],[16,3164,17,6,0,11,35.3,0,64.7],[17,201,17,5,0,12,29.4,0,70.6],[18,190,17,5,0,12,29.4,0,70.6],[19,200,0,0,0,0,0,0,0]];
var GuestBs = [[1,209,17,12,0,5,70.6,0,29.4],[2,204,17,11,1,5,64.7,5.9,29.4],[3,190,17,11,1,5,64.7,5.9,29.4],[4,181,17,10,2,5,58.8,11.8,29.4],[5,207,17,10,0,7,58.8,0,41.2],[6,3195,17,9,2,6,52.9,11.8,35.3],[7,10031,17,9,0,8,52.9,0,47.1],[8,1612,17,9,0,8,52.9,0,47.1],[9,188,17,8,0,9,47.1,0,52.9],[10,1989,17,7,1,9,41.2,5.9,52.9],[11,3164,17,7,0,10,41.2,0,58.8],[12,3193,17,7,0,10,41.2,0,58.8],[13,198,17,7,0,10,41.2,0,58.8],[14,196,17,6,1,10,35.3,5.9,58.8],[15,203,17,6,1,10,35.3,5.9,58.8],[16,206,17,6,0,11,35.3,0,64.7],[17,201,17,6,0,11,35.3,0,64.7],[18,193,17,5,0,12,29.4,0,70.6],[19,200,1,0,1,0,0,100,0]];
var TotalBsHalf = [[1,204,34,18,9,7,52.9,26.5,20.6],[2,209,34,16,6,12,47.1,17.6,35.3],[3,3195,34,14,10,10,41.2,29.4,29.4],[4,10031,34,14,8,12,41.2,23.5,35.3],[5,181,34,14,7,13,41.2,20.6,38.2],[6,206,34,13,9,12,38.2,26.5,35.3],[7,3193,34,13,7,14,38.2,20.6,41.2],[8,190,34,13,6,15,38.2,17.6,44.1],[9,196,34,13,6,15,38.2,17.6,44.1],[10,188,34,12,12,10,35.3,35.3,29.4],[11,193,34,12,10,12,35.3,29.4,35.3],[12,198,35,12,7,16,34.3,20,45.7],[13,203,34,10,12,12,29.4,35.3,35.3],[14,1612,34,10,9,15,29.4,26.5,44.1],[15,207,34,9,13,12,26.5,38.2,35.3],[16,1989,34,9,10,15,26.5,29.4,44.1],[17,201,34,9,5,20,26.5,14.7,58.8],[18,3164,34,8,6,20,23.5,17.6,58.8],[19,200,1,1,0,0,100,0,0]];
var HomeBsHalf = [[1,204,17,10,4,3,58.8,23.5,17.6],[2,206,17,9,3,5,52.9,17.6,29.4],[3,3193,17,9,3,5,52.9,17.6,29.4],[4,198,18,8,5,5,44.4,27.8,27.8],[5,196,17,8,2,7,47.1,11.8,41.2],[6,181,17,7,4,6,41.2,23.5,35.3],[7,209,17,6,5,6,35.3,29.4,35.3],[8,1989,17,6,4,7,35.3,23.5,41.2],[9,3195,17,5,7,5,29.4,41.2,29.4],[10,188,17,5,7,5,29.4,41.2,29.4],[11,193,17,5,6,6,29.4,35.3,35.3],[12,10031,17,5,6,6,29.4,35.3,35.3],[13,203,17,5,5,7,29.4,29.4,41.2],[14,3164,17,5,2,10,29.4,11.8,58.8],[15,201,17,5,1,11,29.4,5.9,64.7],[16,207,17,4,6,7,23.5,35.3,41.2],[17,1612,17,4,4,9,23.5,23.5,52.9],[18,190,17,4,2,11,23.5,11.8,64.7],[19,200,0,0,0,0,0,0,0]];
var GuestBsHalf = [[1,209,17,10,1,6,58.8,5.9,35.3],[2,190,17,9,4,4,52.9,23.5,23.5],[3,3195,17,9,3,5,52.9,17.6,29.4],[4,10031,17,9,2,6,52.9,11.8,35.3],[5,204,17,8,5,4,47.1,29.4,23.5],[6,188,17,7,5,5,41.2,29.4,29.4],[7,193,17,7,4,6,41.2,23.5,35.3],[8,181,17,7,3,7,41.2,17.6,41.2],[9,1612,17,6,5,6,35.3,29.4,35.3],[10,207,17,5,7,5,29.4,41.2,29.4],[11,203,17,5,7,5,29.4,41.2,29.4],[12,196,17,5,4,8,29.4,23.5,47.1],[13,206,17,4,6,7,23.5,35.3,41.2],[14,3193,17,4,4,9,23.5,23.5,52.9],[15,201,17,4,4,9,23.5,23.5,52.9],[16,198,17,4,2,11,23.5,11.8,64.7],[17,1989,17,3,6,8,17.6,35.3,47.1],[18,3164,17,3,4,10,17.6,23.5,58.8],[19,200,1,1,0,0,100,0,0]];
var addUp = [292,47.6,20,3.3,302,49.2,[58.8,181,3195,204,209],[67.6,201],[64.7,196,3195],[70.6,201,190],[70.6,209],[70.6,193]];
var addUpHalf = [220,35.8,152,24.8,242,39.4,[100,200],[58.8,201,3164],[58.8,204],[64.7,201,190],[100,200],[64.7,198]];
var lastUpdateTime = '2025-01-19 11:13:56';
