var arrLeague = [27,'瑞士超级联赛','瑞士超級聯賽','Switzerland Super League','2014-2015','#1ba578','league_match/images/20151127162550.jpg','瑞士超','瑞士超','SUI SL'];
var arrTeam = [[430,'图恩','杜安','Thun','','images/430/1gtqm5nk922e.png',0],[433,'圣加仑','聖加倫','St. Gallen','','images/433/1gtqm1pz3d2d.png',0],[436,'草蜢','草蜢','Grasshopper','','images/436/1h8asqtqsjb.png',0],[442,'年青人','年青人','Young Boys','','images/442/1gxmbma5rq4.png',0],[444,'阿劳','阿勞','Aarau','','images/444/1j3p94eyn924.png',0],[449,'苏黎世','蘇黎世','FC Zurich','','images/449/1jh4aqszf629.png',0],[451,'巴塞尔','巴素利','Basel','','images/451/1gv1yreqw0h.png',0],[1237,'卢森','琉森','Luzern','','images/1237/1h6wfe0585w.png',0],[1238,'瓦杜兹','華杜茲','Vaduz','','images/1238/1h56c4js3q1.png',0],[1323,'锡昂','錫永','FC Sion','','images/1323/1hkrdvr1r626.png',0]];
var TotalPanLu = [[1,451,36,35,1,0,21,1,14,7,58.3,2.8,38.9],[2,442,36,22,7,7,19,4,13,6,52.8,11.1,36.1],[3,430,36,15,8,13,18,4,14,4,50,11.1,38.9],[4,1323,36,12,6,18,17,2,17,0,47.2,5.6,47.2],[5,444,36,4,4,28,17,1,18,-1,47.2,2.8,50],[6,1238,36,3,6,27,16,3,17,-1,44.4,8.3,47.2],[7,449,36,19,10,7,16,0,20,-4,44.4,0,55.6],[8,433,36,13,6,17,16,0,20,-4,44.4,0,55.6],[9,436,36,14,7,15,15,3,18,-3,41.7,8.3,50],[10,1237,36,14,3,19,15,2,19,-4,41.7,5.6,52.8]];
var HomePanLu = [[1,442,18,15,1,2,11,1,6,5,61.1,5.6,33.3],[2,430,18,14,2,2,11,1,6,5,61.1,5.6,33.3],[3,451,18,18,0,0,10,0,8,2,55.6,0,44.4],[4,433,18,11,3,4,10,0,8,2,55.6,0,44.4],[5,1323,18,11,5,2,8,2,8,0,44.4,11.1,44.4],[6,444,18,4,4,10,7,1,10,-3,38.9,5.6,55.6],[7,436,18,12,3,3,7,1,10,-3,38.9,5.6,55.6],[8,1238,18,3,6,9,6,2,10,-4,33.3,11.1,55.6],[9,1237,18,12,2,4,6,2,10,-4,33.3,11.1,55.6],[10,449,18,14,3,1,6,0,12,-6,33.3,0,66.7]];
var GuestPanLu = [[1,451,18,17,1,0,11,1,6,5,61.1,5.6,33.3],[2,1238,18,0,0,18,10,1,7,3,55.6,5.6,38.9],[3,449,18,5,7,6,10,0,8,2,55.6,0,44.4],[4,444,18,0,0,18,10,0,8,2,55.6,0,44.4],[5,1237,18,2,1,15,9,0,9,0,50,0,50],[6,1323,18,1,1,16,9,0,9,0,50,0,50],[7,442,18,7,6,5,8,3,7,1,44.4,16.7,38.9],[8,436,18,2,4,12,8,2,8,0,44.4,11.1,44.4],[9,430,18,1,6,11,7,3,8,-1,38.9,16.7,44.4],[10,433,18,2,3,13,6,0,12,-6,33.3,0,66.7]];
var TotalHalfPanLu = [[1,451,36,24,5,0,20,0,16,4,55.6,0,44.4],[2,442,36,14,13,2,19,5,12,7,52.8,13.9,33.3],[3,430,36,6,16,7,18,7,11,7,50,19.4,30.6],[4,1323,36,4,14,11,18,7,11,7,50,19.4,30.6],[5,1237,36,9,14,6,16,7,13,3,44.4,19.4,36.1],[6,433,36,8,12,9,14,6,16,-2,38.9,16.7,44.4],[7,1238,36,2,7,20,14,5,17,-3,38.9,13.9,47.2],[8,444,36,1,6,22,14,2,20,-6,38.9,5.6,55.6],[9,436,36,7,14,8,12,6,18,-6,33.3,16.7,50],[10,449,36,14,11,4,9,7,20,-11,25,19.4,55.6]];
var HomeHalfPanLu = [[1,430,18,4,10,0,10,4,4,6,55.6,22.2,22.2],[2,451,18,14,0,0,9,0,9,0,50,0,50],[3,442,18,11,4,0,9,0,9,0,50,0,50],[4,1237,18,8,5,1,7,3,8,-1,38.9,16.7,44.4],[5,1323,18,4,10,1,6,5,7,-1,33.3,27.8,38.9],[6,433,18,7,5,2,6,3,9,-3,33.3,16.7,50],[7,436,18,6,7,2,5,3,10,-5,27.8,16.7,55.6],[8,444,18,1,6,7,5,2,11,-6,27.8,11.1,61.1],[9,1238,18,2,7,6,4,5,9,-5,22.2,27.8,50],[10,449,18,12,2,1,3,1,14,-11,16.7,5.6,77.8]];
var GuestHalfPanLu = [[1,1323,18,0,4,10,12,2,4,8,66.7,11.1,22.2],[2,451,18,10,5,0,11,0,7,4,61.1,0,38.9],[3,442,18,3,9,2,10,5,3,7,55.6,27.8,16.7],[4,1238,18,0,0,14,10,0,8,2,55.6,0,44.4],[5,1237,18,1,9,5,9,4,5,4,50,22.2,27.8],[6,444,18,0,0,15,9,0,9,0,50,0,50],[7,430,18,2,6,7,8,3,7,1,44.4,16.7,38.9],[8,433,18,1,7,7,8,3,7,1,44.4,16.7,38.9],[9,436,18,1,7,6,7,3,8,-1,38.9,16.7,44.4],[10,449,18,2,9,3,6,6,6,0,33.3,33.3,33.3]];
var addUp = [82,45.6,10,5.6,88,48.9,[58.3,451],[55.6,449,433],[61.1,442,430],[66.7,449],[61.1,451],[66.7,433],[11.1,442,430],[0,449,433]];
var addUpHalf = [64,35.6,26,14.4,90,50,[55.6,451],[55.6,444,449],[55.6,430],[77.8,449],[66.7,1323],[50,444],[19.4,430,1323,1237,449],[0,451]];
var lastUpdateTime = '2025-01-20 09:02:18';
