var arrLeague = [27,'瑞士超级联赛','瑞士超級聯賽','Switzerland Super League','2014-2015','#1ba578','league_match/images/20151127162550.jpg','瑞士超','瑞士超','SUI SL'];
var arrTeam = [[430,'图恩','杜安','Thun','','images/430/1gtqm5nk922e.png',0],[433,'圣加仑','聖加倫','St. Gallen','','images/433/1gtqm1pz3d2d.png',0],[436,'草蜢','草蜢','Grasshopper','','images/436/1h8asqtqsjb.png',0],[442,'年青人','年青人','Young Boys','','images/442/1gxmbma5rq4.png',0],[444,'阿劳','阿勞','Aarau','','images/444/1j3p94eyn924.png',0],[449,'苏黎世','蘇黎世','FC Zurich','','images/449/1jh4aqszf629.png',0],[451,'巴塞尔','巴素利','Basel','','images/451/1gv1yreqw0h.png',0],[1237,'卢森','琉森','Luzern','','images/1237/1h6wfe0585w.png',0],[1238,'瓦杜兹','華杜茲','Vaduz','','images/1238/1h56c4js3q1.png',0],[1323,'锡昂','錫永','FC Sion','','images/1323/1hkrdvr1r626.png',0]];
var TotalBs = [[1,433,36,25,0,11,69.4,0,30.6],[2,451,36,23,4,9,63.9,11.1,25],[3,449,36,22,0,14,61.1,0,38.9],[4,430,36,20,0,16,55.6,0,44.4],[5,442,36,20,0,16,55.6,0,44.4],[6,436,36,18,1,17,50,2.8,47.2],[7,1237,36,18,0,18,50,0,50],[8,1323,36,18,0,18,50,0,50],[9,444,36,15,3,18,41.7,8.3,50],[10,1238,36,13,0,23,36.1,0,63.9]];
var HomeBs = [[1,433,18,12,0,6,66.7,0,33.3],[2,442,18,12,0,6,66.7,0,33.3],[3,430,18,12,0,6,66.7,0,33.3],[4,1323,18,12,0,6,66.7,0,33.3],[5,449,18,10,0,8,55.6,0,44.4],[6,451,18,9,2,7,50,11.1,38.9],[7,436,18,9,0,9,50,0,50],[8,444,18,7,2,9,38.9,11.1,50],[9,1237,18,7,0,11,38.9,0,61.1],[10,1238,18,6,0,12,33.3,0,66.7]];
var GuestBs = [[1,451,18,14,2,2,77.8,11.1,11.1],[2,433,18,13,0,5,72.2,0,27.8],[3,449,18,12,0,6,66.7,0,33.3],[4,1237,18,11,0,7,61.1,0,38.9],[5,436,18,9,1,8,50,5.6,44.4],[6,444,18,8,1,9,44.4,5.6,50],[7,442,18,8,0,10,44.4,0,55.6],[8,430,18,8,0,10,44.4,0,55.6],[9,1238,18,7,0,11,38.9,0,61.1],[10,1323,18,6,0,12,33.3,0,66.7]];
var TotalBsHalf = [[1,451,36,16,7,13,44.4,19.4,36.1],[2,449,36,15,7,14,41.7,19.4,38.9],[3,1323,35,15,6,14,42.9,17.1,40],[4,1237,36,14,11,11,38.9,30.6,30.6],[5,442,36,14,9,13,38.9,25,36.1],[6,433,35,13,8,14,37.1,22.9,40],[7,430,35,13,7,15,37.1,20,42.9],[8,436,34,10,13,11,29.4,38.2,32.4],[9,1238,35,10,13,12,28.6,37.1,34.3],[10,444,36,5,13,18,13.9,36.1,50]];
var HomeBsHalf = [[1,442,18,10,2,6,55.6,11.1,33.3],[2,1323,18,9,5,4,50,27.8,22.2],[3,430,18,9,3,6,50,16.7,33.3],[4,451,18,9,1,8,50,5.6,44.4],[5,1238,18,6,7,5,33.3,38.9,27.8],[6,1237,18,5,7,6,27.8,38.9,33.3],[7,449,18,5,5,8,27.8,27.8,44.4],[8,436,18,4,6,8,22.2,33.3,44.4],[9,433,18,4,5,9,22.2,27.8,50],[10,444,18,3,6,9,16.7,33.3,50]];
var GuestBsHalf = [[1,449,18,10,2,6,55.6,11.1,33.3],[2,433,17,9,3,5,52.9,17.6,29.4],[3,1237,18,9,4,5,50,22.2,27.8],[4,451,18,7,6,5,38.9,33.3,27.8],[5,436,16,6,7,3,37.5,43.8,18.8],[6,1323,17,6,1,10,35.3,5.9,58.8],[7,442,18,4,7,7,22.2,38.9,38.9],[8,1238,17,4,6,7,23.5,35.3,41.2],[9,430,17,4,4,9,23.5,23.5,52.9],[10,444,18,2,7,9,11.1,38.9,50]];
var addUp = [192,53.3,8,2.2,160,44.4,[69.4,433],[63.9,1238],[66.7,433,442,430,1323],[66.7,1238],[77.8,451],[66.7,1323]];
var addUpHalf = [125,35.3,94,26.6,135,38.1,[44.4,451],[50,444],[55.6,442],[50,433,444],[55.6,449],[58.8,1323]];
var lastUpdateTime = '2025-01-20 09:02:31';
