var arrLeague = [31,'西班牙甲组联赛','西班牙甲組聯賽','Spanish La Liga','2015-2016','#006633','league_match/images/1h56j6h3ep1.png','西甲','西甲','SPA D1'];
var arrTeam = [[82,'皇家马德里','皇家馬德里','Real Madrid','','images/164871252161.png',0],[84,'巴塞罗那','巴塞隆拿','FC Barcelona','','images/164871253294.png',0],[86,'塞维利亚','西維爾','Sevilla','','images/164871255158.png',0],[91,'巴伦西亚','華倫西亞','Valencia','','images/164871269140.png',0],[92,'毕尔巴鄂竞技','畢爾包','Athletic Bilbao','','images/164871258463.png',0],[93,'拉科鲁尼亚','拉科魯尼亞','Deportivo La Coruna','','images/93/1gzsyrzfkg7.png',0],[96,'皇家贝蒂斯','貝迪斯','Real Betis','','images/164871261858.png',0],[98,'赫塔菲','加泰','Getafe','','images/164871263258.png',0],[100,'西班牙人','愛斯賓奴','RCD Espanyol','','images/164871556292.png',0],[102,'马拉加','馬拉加','Malaga','','images/102/1h8qpskkvvk.png',0],[103,'莱万特','利雲特','Levante','','images/164871559313.png',0],[106,'皇家社会','皇家蘇斯達','Real Sociedad','','images/164871271877.png',0],[107,'比利亚雷亚尔','維拉利爾','Villarreal','','images/164871273527.png',0],[109,'马德里竞技','馬德里體育會','Atletico Madrid','','images/164871274624.png',0],[113,'希洪竞技','希杭','Sporting Gijon','','images/113/1j3h5t3det14.png',0],[114,'塞尔塔','切爾達','Celta Vigo','','images/164871275971.png',0],[121,'格拉纳达','格蘭納達','Granada CF','','images/164871277443.png',0],[131,'埃瓦尔','伊巴','Eibar','','images/131/1hkgswegce1q.png',0],[991,'拉斯帕尔马斯','拉斯彭馬斯','Las Palmas','','images/991/1h71m9g00a1e.png',0],[994,'巴列卡诺','華歷簡奴','Rayo Vallecano','','images/164871283245.png',0]];
var TotalBs = [[1,994,38,25,1,12,65.8,2.6,31.6],[2,100,38,23,0,15,60.5,0,39.5],[3,103,38,22,0,16,57.9,0,42.1],[4,82,38,21,0,17,55.3,0,44.7],[5,92,38,20,1,17,52.6,2.6,44.7],[6,121,38,20,1,17,52.6,2.6,44.7],[7,98,38,19,0,19,50,0,50],[8,84,38,18,3,17,47.4,7.9,44.7],[9,131,38,18,2,18,47.4,5.3,47.4],[10,113,38,18,0,20,47.4,0,52.6],[11,114,38,18,0,20,47.4,0,52.6],[12,91,38,18,0,20,47.4,0,52.6],[13,106,38,17,1,20,44.7,2.6,52.6],[14,86,38,17,0,21,44.7,0,55.3],[15,93,38,15,3,20,39.5,7.9,52.6],[16,991,38,15,1,22,39.5,2.6,57.9],[17,109,38,15,1,22,39.5,2.6,57.9],[18,107,38,13,1,24,34.2,2.6,63.2],[19,96,38,13,1,24,34.2,2.6,63.2],[20,102,38,11,0,27,28.9,0,71.1]];
var HomeBs = [[1,82,19,14,0,5,73.7,0,26.3],[2,994,19,13,0,6,68.4,0,31.6],[3,113,19,11,0,8,57.9,0,42.1],[4,103,19,11,0,8,57.9,0,42.1],[5,84,19,10,3,6,52.6,15.8,31.6],[6,93,19,10,1,8,52.6,5.3,42.1],[7,86,19,10,0,9,52.6,0,47.4],[8,91,19,10,0,9,52.6,0,47.4],[9,92,19,10,0,9,52.6,0,47.4],[10,121,19,9,1,9,47.4,5.3,47.4],[11,114,19,9,0,10,47.4,0,52.6],[12,100,19,9,0,10,47.4,0,52.6],[13,109,19,8,0,11,42.1,0,57.9],[14,131,19,7,1,11,36.8,5.3,57.9],[15,107,19,7,0,12,36.8,0,63.2],[16,991,19,6,1,12,31.6,5.3,63.2],[17,106,19,6,1,12,31.6,5.3,63.2],[18,102,19,6,0,13,31.6,0,68.4],[19,98,19,6,0,13,31.6,0,68.4],[20,96,19,6,0,13,31.6,0,68.4]];
var GuestBs = [[1,100,19,14,0,5,73.7,0,26.3],[2,98,19,13,0,6,68.4,0,31.6],[3,994,19,12,1,6,63.2,5.3,31.6],[4,131,19,11,1,7,57.9,5.3,36.8],[5,121,19,11,0,8,57.9,0,42.1],[6,106,19,11,0,8,57.9,0,42.1],[7,103,19,11,0,8,57.9,0,42.1],[8,92,19,10,1,8,52.6,5.3,42.1],[9,114,19,9,0,10,47.4,0,52.6],[10,991,19,9,0,10,47.4,0,52.6],[11,84,19,8,0,11,42.1,0,57.9],[12,91,19,8,0,11,42.1,0,57.9],[13,109,19,7,1,11,36.8,5.3,57.9],[14,96,19,7,1,11,36.8,5.3,57.9],[15,113,19,7,0,12,36.8,0,63.2],[16,82,19,7,0,12,36.8,0,63.2],[17,86,19,7,0,12,36.8,0,63.2],[18,107,19,6,1,12,31.6,5.3,63.2],[19,93,19,5,2,12,26.3,10.5,63.2],[20,102,19,5,0,14,26.3,0,73.7]];
var TotalBsHalf = [[1,131,37,22,9,6,59.5,24.3,16.2],[2,93,38,22,8,8,57.9,21.1,21.1],[3,100,38,21,9,8,55.3,23.7,21.1],[4,98,37,21,5,11,56.8,13.5,29.7],[5,121,39,21,6,12,53.8,15.4,30.8],[6,106,37,19,6,12,51.4,16.2,32.4],[7,82,37,19,1,17,51.4,2.7,45.9],[8,84,37,19,1,17,51.4,2.7,45.9],[9,994,38,18,10,10,47.4,26.3,26.3],[10,114,37,18,7,12,48.6,18.9,32.4],[11,103,37,18,5,14,48.6,13.5,37.8],[12,109,38,17,6,15,44.7,15.8,39.5],[13,102,38,17,2,19,44.7,5.3,50],[14,92,38,16,11,11,42.1,28.9,28.9],[15,113,38,16,9,13,42.1,23.7,34.2],[16,991,37,14,11,12,37.8,29.7,32.4],[17,91,38,14,7,17,36.8,18.4,44.7],[18,86,37,13,9,15,35.1,24.3,40.5],[19,96,38,13,8,17,34.2,21.1,44.7],[20,107,37,11,11,15,29.7,29.7,40.5]];
var HomeBsHalf = [[1,93,19,12,5,2,63.2,26.3,10.5],[2,113,19,12,4,3,63.2,21.1,15.8],[3,121,19,12,2,5,63.2,10.5,26.3],[4,100,19,12,2,5,63.2,10.5,26.3],[5,82,19,12,0,7,63.2,0,36.8],[6,994,19,11,6,2,57.9,31.6,10.5],[7,103,19,10,2,7,52.6,10.5,36.8],[8,84,19,10,1,8,52.6,5.3,42.1],[9,131,19,9,7,3,47.4,36.8,15.8],[10,92,19,9,4,6,47.4,21.1,31.6],[11,86,19,9,2,8,47.4,10.5,42.1],[12,106,19,9,2,8,47.4,10.5,42.1],[13,102,19,9,1,9,47.4,5.3,47.4],[14,991,19,8,5,6,42.1,26.3,31.6],[15,98,19,8,1,10,42.1,5.3,52.6],[16,91,19,7,4,8,36.8,21.1,42.1],[17,114,19,7,4,8,36.8,21.1,42.1],[18,107,19,4,9,6,21.1,47.4,31.6],[19,96,19,4,4,11,21.1,21.1,57.9],[20,109,19,3,6,10,15.8,31.6,52.6],[21,121,1,1,0,0,100,0,0]];
var GuestBsHalf = [[1,109,19,14,0,5,73.7,0,26.3],[2,98,18,13,4,1,72.2,22.2,5.6],[3,131,18,13,2,3,72.2,11.1,16.7],[4,114,18,11,3,4,61.1,16.7,22.2],[5,106,18,10,4,4,55.6,22.2,22.2],[6,93,19,10,3,6,52.6,15.8,31.6],[7,100,19,9,7,3,47.4,36.8,15.8],[8,96,19,9,4,6,47.4,21.1,31.6],[9,84,18,9,0,9,50,0,50],[10,121,19,8,4,7,42.1,21.1,36.8],[11,103,18,8,3,7,44.4,16.7,38.9],[12,102,19,8,1,10,42.1,5.3,52.6],[13,92,19,7,7,5,36.8,36.8,26.3],[14,994,19,7,4,8,36.8,21.1,42.1],[15,91,19,7,3,9,36.8,15.8,47.4],[16,107,18,7,2,9,38.9,11.1,50],[17,82,18,7,1,10,38.9,5.6,55.6],[18,991,18,6,6,6,33.3,33.3,33.3],[19,86,18,4,7,7,22.2,38.9,38.9],[20,113,19,4,5,10,21.1,26.3,52.6],[21,121,0,0,0,0,0,0,0]];
var addUp = [356,46.8,16,2.1,388,51.1,[65.8,994],[71.1,102],[73.7,82],[68.4,102,98,96],[73.7,100],[73.7,102]];
var addUpHalf = [349,46.5,141,18.8,261,34.8,[59.5,131],[50,102],[100,121],[57.9,96],[73.7,109],[55.6,82]];
var lastUpdateTime = '2025-01-19 16:30:18';
