var arrLeague = [25,'日本职业联赛J1','日本職業聯賽J1','J1 League','2021','#009900','league_match/images/20130413112735.jpg','日职联','日職聯','JPN D1'];
var arrTeam = [[181,'名古屋鲸八','名古屋八鯨','Nagoya Grampus','','images/181/1jbn72rjkc0.png',0],[184,'大分三神','大分三神','Oita Trinita','','images/184/1hr8p7294be.png',0],[188,'浦和红钻','浦和紅鑽','Urawa Red Diamonds','','images/188/1gtzcts2pj1a.png',0],[190,'鹿岛鹿角','鹿島鹿角','Kashima Antlers','','images/190/1gtzcts261m.png',0],[193,'大阪樱花','大阪櫻花','Cerezo Osaka','','images/193/1gtzcts26h14.png',0],[196,'横滨水手','橫濱水手','Yokohama Marinos','','images/196/1gtzcts26eq.png',0],[201,'FC东京','FC東京','FC Tokyo','','images/201/1gtzcts2ptm.png',0],[203,'神户胜利船','神戶勝利船','Vissel Kobe','','images/203/1gtzcts1qh1b.png',0],[204,'清水鼓动','清水心跳','Shimizu S-Pulse','','images/204/1gtzcts2p01p.png',0],[206,'广岛三箭','廣島三箭','Hiroshima Sanfrecce','','images/206/1gtzcts1qj1h.png',0],[207,'大阪钢巴','大阪飛腳','Gamba Osaka','','images/207/1gtzd3qtya20.png',0],[209,'柏太阳神','柏雷素爾','Kashiwa Reysol','','images/209/1gtzcts3612j.png',0],[1547,'福冈黄蜂','福岡黃蜂','Avispa Fukuoka','','images/1547/1gtzcts36911.png',0],[1612,'湘南海洋','湘南比馬','Shonan Bellmare','','images/1612/1gtzcts2pg27.png',0],[1989,'川崎前锋','川崎前鋒','Kawasaki Frontale','','images/1989/1gtzcts26x2r.png',0],[3164,'鸟栖沙岩','鳥栖沙岩','Sagan Tosu','','images/3164/1gtzcts2pxc.png',0],[3193,'仙台维加泰','仙台維加泰','Vegalta Sendai','','images/3193/1h53w49ppqd.png',0],[3195,'札幌冈萨多','札幌岡薩多','Consadole Sapporo','','images/3195/1gtzcts2ps14.png',0],[3196,'德岛漩涡','德島漩渦','Tokushima Vortis','','images/3196/1j4b53239f1r.png',0],[3415,'横滨FC','FC橫濱','Yokohama FC','','images/3415/1gtzd3qtyj1b.png',0]];
var TotalBs = [[1,190,38,22,0,16,57.9,0,42.1],[2,201,38,21,1,16,55.3,2.6,42.1],[3,3415,38,20,0,18,52.6,0,47.4],[4,193,38,18,0,20,47.4,0,52.6],[5,204,38,17,1,20,44.7,2.6,52.6],[6,209,38,17,1,20,44.7,2.6,52.6],[7,1547,38,17,1,20,44.7,2.6,52.6],[8,1989,38,17,0,21,44.7,0,55.3],[9,3195,38,17,0,21,44.7,0,55.3],[10,196,38,16,3,19,42.1,7.9,50],[11,3196,38,16,1,21,42.1,2.6,55.3],[12,207,38,15,1,22,39.5,2.6,57.9],[13,3193,38,15,0,23,39.5,0,60.5],[14,206,38,15,0,23,39.5,0,60.5],[15,203,38,14,0,24,36.8,0,63.2],[16,3164,38,14,0,24,36.8,0,63.2],[17,181,38,13,3,22,34.2,7.9,57.9],[18,184,38,13,1,24,34.2,2.6,63.2],[19,1612,38,12,3,23,31.6,7.9,60.5],[20,188,38,11,2,25,28.9,5.3,65.8]];
var HomeBs = [[1,201,19,13,1,5,68.4,5.3,26.3],[2,209,19,11,1,7,57.9,5.3,36.8],[3,190,19,11,0,8,57.9,0,42.1],[4,193,19,11,0,8,57.9,0,42.1],[5,207,19,10,0,9,52.6,0,47.4],[6,1547,19,10,0,9,52.6,0,47.4],[7,204,19,9,0,10,47.4,0,52.6],[8,3195,19,9,0,10,47.4,0,52.6],[9,1989,19,9,0,10,47.4,0,52.6],[10,3196,19,8,1,10,42.1,5.3,52.6],[11,3164,19,8,0,11,42.1,0,57.9],[12,3415,19,8,0,11,42.1,0,57.9],[13,206,19,7,0,12,36.8,0,63.2],[14,181,19,6,2,11,31.6,10.5,57.9],[15,188,19,6,1,12,31.6,5.3,63.2],[16,203,19,6,0,13,31.6,0,68.4],[17,196,19,5,1,13,26.3,5.3,68.4],[18,184,19,5,0,14,26.3,0,73.7],[19,1612,19,4,2,13,21.1,10.5,68.4],[20,3193,19,4,0,15,21.1,0,78.9]];
var GuestBs = [[1,3415,19,12,0,7,63.2,0,36.8],[2,196,19,11,2,6,57.9,10.5,31.6],[3,3193,19,11,0,8,57.9,0,42.1],[4,190,19,11,0,8,57.9,0,42.1],[5,204,19,8,1,10,42.1,5.3,52.6],[6,1612,19,8,1,10,42.1,5.3,52.6],[7,184,19,8,1,10,42.1,5.3,52.6],[8,3196,19,8,0,11,42.1,0,57.9],[9,3195,19,8,0,11,42.1,0,57.9],[10,206,19,8,0,11,42.1,0,57.9],[11,1989,19,8,0,11,42.1,0,57.9],[12,201,19,8,0,11,42.1,0,57.9],[13,203,19,8,0,11,42.1,0,57.9],[14,1547,19,7,1,11,36.8,5.3,57.9],[15,181,19,7,1,11,36.8,5.3,57.9],[16,193,19,7,0,12,36.8,0,63.2],[17,209,19,6,0,13,31.6,0,68.4],[18,3164,19,6,0,13,31.6,0,68.4],[19,188,19,5,1,13,26.3,5.3,68.4],[20,207,19,5,1,13,26.3,5.3,68.4]];
var TotalBsHalf = [[1,184,38,21,4,13,55.3,10.5,34.2],[2,201,38,17,12,9,44.7,31.6,23.7],[3,3415,38,17,12,9,44.7,31.6,23.7],[4,206,38,17,7,14,44.7,18.4,36.8],[5,204,38,17,6,15,44.7,15.8,39.5],[6,188,38,17,4,17,44.7,10.5,44.7],[7,1547,38,17,3,18,44.7,7.9,47.4],[8,3196,38,16,8,14,42.1,21.1,36.8],[9,181,38,15,8,15,39.5,21.1,39.5],[10,3164,38,15,6,17,39.5,15.8,44.7],[11,203,38,15,5,18,39.5,13.2,47.4],[12,3195,38,14,11,13,36.8,28.9,34.2],[13,1612,38,14,6,18,36.8,15.8,47.4],[14,193,38,14,5,19,36.8,13.2,50],[15,196,38,14,4,20,36.8,10.5,52.6],[16,3193,38,13,10,15,34.2,26.3,39.5],[17,209,38,13,7,18,34.2,18.4,47.4],[18,1989,38,13,7,18,34.2,18.4,47.4],[19,207,38,13,5,20,34.2,13.2,52.6],[20,190,38,12,10,16,31.6,26.3,42.1]];
var HomeBsHalf = [[1,201,19,10,6,3,52.6,31.6,15.8],[2,184,19,10,3,6,52.6,15.8,31.6],[3,3196,19,9,6,4,47.4,31.6,21.1],[4,3195,19,9,5,5,47.4,26.3,26.3],[5,207,19,9,1,9,47.4,5.3,47.4],[6,196,19,9,0,10,47.4,0,52.6],[7,188,19,9,0,10,47.4,0,52.6],[8,204,19,8,5,6,42.1,26.3,31.6],[9,209,19,8,2,9,42.1,10.5,47.4],[10,1547,19,8,2,9,42.1,10.5,47.4],[11,193,19,8,1,10,42.1,5.3,52.6],[12,3415,19,7,8,4,36.8,42.1,21.1],[13,206,19,7,4,8,36.8,21.1,42.1],[14,3193,19,7,3,9,36.8,15.8,47.4],[15,3164,19,6,5,8,31.6,26.3,42.1],[16,1989,19,6,5,8,31.6,26.3,42.1],[17,181,19,6,4,9,31.6,21.1,47.4],[18,203,19,6,3,10,31.6,15.8,52.6],[19,190,19,5,6,8,26.3,31.6,42.1],[20,1612,19,5,1,13,26.3,5.3,68.4]];
var GuestBsHalf = [[1,184,19,11,1,7,57.9,5.3,36.8],[2,3415,19,10,4,5,52.6,21.1,26.3],[3,206,19,10,3,6,52.6,15.8,31.6],[4,1612,19,9,5,5,47.4,26.3,26.3],[5,181,19,9,4,6,47.4,21.1,31.6],[6,203,19,9,2,8,47.4,10.5,42.1],[7,204,19,9,1,9,47.4,5.3,47.4],[8,3164,19,9,1,9,47.4,5.3,47.4],[9,1547,19,9,1,9,47.4,5.3,47.4],[10,188,19,8,4,7,42.1,21.1,36.8],[11,201,19,7,6,6,36.8,31.6,31.6],[12,190,19,7,4,8,36.8,21.1,42.1],[13,3196,19,7,2,10,36.8,10.5,52.6],[14,1989,19,7,2,10,36.8,10.5,52.6],[15,3193,19,6,7,6,31.6,36.8,31.6],[16,193,19,6,4,9,31.6,21.1,47.4],[17,3195,19,5,6,8,26.3,31.6,42.1],[18,209,19,5,5,9,26.3,26.3,47.4],[19,196,19,5,4,10,26.3,21.1,52.6],[20,207,19,4,4,11,21.1,21.1,57.9]];
var addUp = [320,42.1,18,2.4,422,55.5,[57.9,190],[65.8,188],[68.4,201],[78.9,3193],[63.2,3415],[68.4,209,3164,188,207]];
var addUpHalf = [304,40,140,18.4,316,41.6,[55.3,184],[52.6,196,207],[52.6,201,184],[68.4,1612],[57.9,184],[57.9,207]];
var lastUpdateTime = '2025-01-18 16:23:27';
