var arrLeague = [31,'西班牙甲组联赛','西班牙甲組聯賽','Spanish La Liga','2014-2015','#006633','league_match/images/1h56j6h3ep1.png','西甲','西甲','SPA D1'];
var arrTeam = [[82,'皇家马德里','皇家馬德里','Real Madrid','','images/164871252161.png',0],[84,'巴塞罗那','巴塞隆拿','FC Barcelona','','images/164871253294.png',0],[86,'塞维利亚','西維爾','Sevilla','','images/164871255158.png',0],[91,'巴伦西亚','華倫西亞','Valencia','','images/164871269140.png',0],[92,'毕尔巴鄂竞技','畢爾包','Athletic Bilbao','','images/164871258463.png',0],[93,'拉科鲁尼亚','拉科魯尼亞','Deportivo La Coruna','','images/93/1gzsyrzfkg7.png',0],[98,'赫塔菲','加泰','Getafe','','images/164871263258.png',0],[100,'西班牙人','愛斯賓奴','RCD Espanyol','','images/164871556292.png',0],[102,'马拉加','馬拉加','Malaga','','images/102/1h8qpskkvvk.png',0],[103,'莱万特','利雲特','Levante','','images/164871559313.png',0],[106,'皇家社会','皇家蘇斯達','Real Sociedad','','images/164871271877.png',0],[107,'比利亚雷亚尔','維拉利爾','Villarreal','','images/164871273527.png',0],[109,'马德里竞技','馬德里體育會','Atletico Madrid','','images/164871274624.png',0],[114,'塞尔塔','切爾達','Celta Vigo','','images/164871275971.png',0],[121,'格拉纳达','格蘭納達','Granada CF','','images/164871277443.png',0],[126,'艾尔切','艾爾切','Elche','','images/164871278741.png',0],[131,'埃瓦尔','伊巴','Eibar','','images/131/1hkgswegce1q.png',0],[141,'阿尔梅里亚','艾美利亞','Almeria','','images/141/1j3c1nh1083.png',0],[146,'科尔多瓦','科爾多瓦','Cordoba','','images/146/1gtqqdcyne16.png',0],[994,'巴列卡诺','華歷簡奴','Rayo Vallecano','','images/164871283245.png',0]];
var TotalBs = [[1,103,38,20,1,17,52.6,2.6,44.7],[2,82,38,20,0,18,52.6,0,47.4],[3,86,38,19,1,18,50,2.6,47.4],[4,91,38,19,1,18,50,2.6,47.4],[5,100,38,19,0,19,50,0,50],[6,109,38,19,0,19,50,0,50],[7,98,38,18,1,19,47.4,2.6,50],[8,994,38,18,1,19,47.4,2.6,50],[9,84,38,18,0,20,47.4,0,52.6],[10,93,38,17,1,20,44.7,2.6,52.6],[11,126,38,17,1,20,44.7,2.6,52.6],[12,141,38,17,1,20,44.7,2.6,52.6],[13,102,38,17,0,21,44.7,0,55.3],[14,121,38,16,2,20,42.1,5.3,52.6],[15,106,38,15,0,23,39.5,0,60.5],[16,131,38,14,3,21,36.8,7.9,55.3],[17,146,38,14,1,23,36.8,2.6,60.5],[18,107,38,13,1,24,34.2,2.6,63.2],[19,114,38,13,1,24,34.2,2.6,63.2],[20,92,38,13,0,25,34.2,0,65.8]];
var HomeBs = [[1,91,19,10,1,8,52.6,5.3,42.1],[2,103,19,10,1,8,52.6,5.3,42.1],[3,82,19,10,0,9,52.6,0,47.4],[4,106,19,10,0,9,52.6,0,47.4],[5,84,19,10,0,9,52.6,0,47.4],[6,109,19,10,0,9,52.6,0,47.4],[7,114,19,9,0,10,47.4,0,52.6],[8,131,19,8,2,9,42.1,10.5,47.4],[9,86,19,8,1,10,42.1,5.3,52.6],[10,93,19,8,1,10,42.1,5.3,52.6],[11,141,19,8,0,11,42.1,0,57.9],[12,100,19,8,0,11,42.1,0,57.9],[13,102,19,8,0,11,42.1,0,57.9],[14,92,19,8,0,11,42.1,0,57.9],[15,98,19,8,0,11,42.1,0,57.9],[16,126,19,8,0,11,42.1,0,57.9],[17,107,19,8,0,11,42.1,0,57.9],[18,994,19,8,0,11,42.1,0,57.9],[19,146,19,7,1,11,36.8,5.3,57.9],[20,121,19,4,1,14,21.1,5.3,73.7]];
var GuestBs = [[1,121,19,12,1,6,63.2,5.3,31.6],[2,86,19,11,0,8,57.9,0,42.1],[3,100,19,11,0,8,57.9,0,42.1],[4,98,19,10,1,8,52.6,5.3,42.1],[5,994,19,10,1,8,52.6,5.3,42.1],[6,82,19,10,0,9,52.6,0,47.4],[7,103,19,10,0,9,52.6,0,47.4],[8,141,19,9,1,9,47.4,5.3,47.4],[9,126,19,9,1,9,47.4,5.3,47.4],[10,93,19,9,0,10,47.4,0,52.6],[11,91,19,9,0,10,47.4,0,52.6],[12,102,19,9,0,10,47.4,0,52.6],[13,109,19,9,0,10,47.4,0,52.6],[14,84,19,8,0,11,42.1,0,57.9],[15,146,19,7,0,12,36.8,0,63.2],[16,131,19,6,1,12,31.6,5.3,63.2],[17,107,19,5,1,13,26.3,5.3,68.4],[18,106,19,5,0,14,26.3,0,73.7],[19,92,19,5,0,14,26.3,0,73.7],[20,114,19,4,1,14,21.1,5.3,73.7]];
var TotalBsHalf = [[1,131,38,24,3,11,63.2,7.9,28.9],[2,82,38,24,1,13,63.2,2.6,34.2],[3,126,37,22,3,12,59.5,8.1,32.4],[4,994,38,20,10,8,52.6,26.3,21.1],[5,100,37,20,8,9,54.1,21.6,24.3],[6,98,37,20,5,12,54.1,13.5,32.4],[7,141,38,20,5,13,52.6,13.2,34.2],[8,109,37,20,3,14,54.1,8.1,37.8],[9,103,38,19,4,15,50,10.5,39.5],[10,93,37,19,3,15,51.4,8.1,40.5],[11,146,37,18,5,14,48.6,13.5,37.8],[12,121,38,18,5,15,47.4,13.2,39.5],[13,86,37,17,10,10,45.9,27,27],[14,91,37,16,8,13,43.2,21.6,35.1],[15,102,38,15,8,15,39.5,21.1,39.5],[16,84,38,15,0,23,39.5,0,60.5],[17,92,38,14,11,13,36.8,28.9,34.2],[18,106,37,14,8,15,37.8,21.6,40.5],[19,114,38,11,12,15,28.9,31.6,39.5],[20,107,37,10,8,19,27,21.6,51.4]];
var HomeBsHalf = [[1,131,19,15,1,3,78.9,5.3,15.8],[2,126,19,13,0,6,68.4,0,31.6],[3,82,19,12,1,6,63.2,5.3,31.6],[4,98,19,12,1,6,63.2,5.3,31.6],[5,93,19,12,0,7,63.2,0,36.8],[6,146,19,11,2,6,57.9,10.5,31.6],[7,141,19,11,0,8,57.9,0,42.1],[8,103,19,10,0,9,52.6,0,47.4],[9,86,19,9,5,5,47.4,26.3,26.3],[10,100,19,9,4,6,47.4,21.1,31.6],[11,91,19,9,2,8,47.4,10.5,42.1],[12,109,19,9,2,8,47.4,10.5,42.1],[13,994,19,8,8,3,42.1,42.1,15.8],[14,106,19,8,4,7,42.1,21.1,36.8],[15,84,19,7,0,12,36.8,0,63.2],[16,102,19,6,6,7,31.6,31.6,36.8],[17,121,19,6,2,11,31.6,10.5,57.9],[18,92,19,5,8,6,26.3,42.1,31.6],[19,114,19,5,7,7,26.3,36.8,36.8],[20,107,19,4,7,8,21.1,36.8,42.1]];
var GuestBsHalf = [[1,121,19,12,3,4,63.2,15.8,21.1],[2,994,19,12,2,5,63.2,10.5,26.3],[3,82,19,12,0,7,63.2,0,36.8],[4,100,18,11,4,3,61.1,22.2,16.7],[5,109,18,11,1,6,61.1,5.6,33.3],[6,141,19,9,5,5,47.4,26.3,26.3],[7,103,19,9,4,6,47.4,21.1,31.6],[8,126,18,9,3,6,50,16.7,33.3],[9,92,19,9,3,7,47.4,15.8,36.8],[10,102,19,9,2,8,47.4,10.5,42.1],[11,131,19,9,2,8,47.4,10.5,42.1],[12,86,18,8,5,5,44.4,27.8,27.8],[13,98,18,8,4,6,44.4,22.2,33.3],[14,84,19,8,0,11,42.1,0,57.9],[15,91,18,7,6,5,38.9,33.3,27.8],[16,146,18,7,3,8,38.9,16.7,44.4],[17,93,18,7,3,8,38.9,16.7,44.4],[18,106,18,6,4,8,33.3,22.2,44.4],[19,114,19,6,5,8,31.6,26.3,42.1],[20,107,18,6,1,11,33.3,5.6,61.1]];
var addUp = [336,44.2,16,2.1,408,53.7,[52.6,103,82],[65.8,92],[52.6,91,103,82,106,84,109],[73.7,121],[63.2,121],[73.7,106,92,114]];
var addUpHalf = [356,47.5,120,16,274,36.5,[63.2,131,82],[60.5,84],[78.9,131],[63.2,84],[63.2,121,994,82],[61.1,107]];
var lastUpdateTime = '2025-01-20 09:02:31';
