var arrLeague = [8,'德国甲组联赛','德國甲組聯賽','German Bundesliga','2023-2024','#990099','league_match/images/166674997937.png','德甲','德甲','GER D1'];
var arrTeam = [[88,'拜仁慕尼黑','拜仁慕尼黑','Bayern Munchen','','images/1jarzw1r4wn.png',0],[95,'波鸿','波琴','VfL Bochum','','images/164870992655.png',0],[99,'多特蒙德','多蒙特','Borussia Dortmund','','images/164870996363.png',0],[128,'门兴格拉德巴赫','慕遜加柏','Borussia Monchengladbach','','images/16487114506.png',0],[132,'云达不莱梅','雲達不萊梅','Werder Bremen','','images/2013119144220.jpg',0],[149,'沃尔夫斯堡','沃爾夫斯堡','VfL Wolfsburg','','images/164871147946.png',0],[155,'斯图加特','史特加','VfB Stuttgart','','images/164871149852.png',0],[162,'美因茨','緬恩斯','FSV Mainz 05','','images/164871151364.png',0],[165,'勒沃库森','利華古遜','Bayer Leverkusen','','images/164871152472.png',0],[172,'弗赖堡','費雷堡','SC Freiburg','','images/164871154089.png',0],[423,'法兰克福','法蘭克福','Eintracht Frankfurt','','images/164871155563.png',0],[490,'科隆','科隆','FC Koln','','images/164871158236.png',0],[1078,'霍芬海姆','賀芬咸','TSG Hoffenheim','','images/164871159920.png',0],[1080,'达姆施塔特','達斯泰特','Darmstadt','','images/2013120114115.jpg',0],[1087,'柏林联合','柏林聯','Union Berlin','','images/164871161365.png',0],[1135,'奥格斯堡','奧格斯堡','Augsburg','','images/164871162622.png',0],[8371,'海登海姆','海登海默','Heidenheimer','','images/2013120120906.jpg',0],[13201,'RB莱比锡','RB萊比錫','RB Leipzig','','images/164871164178.png',0]];
var TotalBs = [[1,1078,34,22,3,9,64.7,8.8,26.5],[2,95,34,22,0,12,64.7,0,35.3],[3,155,34,18,4,12,52.9,11.8,35.3],[4,172,34,18,3,13,52.9,8.8,38.2],[5,88,34,18,2,14,52.9,5.9,41.2],[6,128,34,17,7,10,50,20.6,29.4],[7,1080,34,17,3,14,50,8.8,41.2],[8,13201,34,17,1,16,50,2.9,47.1],[9,423,34,16,3,15,47.1,8.8,44.1],[10,1087,34,16,0,18,47.1,0,52.9],[11,1135,34,15,3,16,44.1,8.8,47.1],[12,132,34,15,3,16,44.1,8.8,47.1],[13,149,34,15,3,16,44.1,8.8,47.1],[14,99,34,14,2,18,41.2,5.9,52.9],[15,8371,34,14,2,18,41.2,5.9,52.9],[16,165,34,13,8,13,38.2,23.5,38.2],[17,162,34,12,2,20,35.3,5.9,58.8],[18,490,34,11,1,22,32.4,2.9,64.7]];
var HomeBs = [[1,1078,17,10,2,5,58.8,11.8,29.4],[2,155,17,10,1,6,58.8,5.9,35.3],[3,95,17,10,0,7,58.8,0,41.2],[4,172,17,10,0,7,58.8,0,41.2],[5,1087,17,10,0,7,58.8,0,41.2],[6,99,17,9,2,6,52.9,11.8,35.3],[7,132,17,9,1,7,52.9,5.9,41.2],[8,1135,17,9,1,7,52.9,5.9,41.2],[9,1080,17,9,1,7,52.9,5.9,41.2],[10,423,17,8,1,8,47.1,5.9,47.1],[11,8371,17,8,1,8,47.1,5.9,47.1],[12,165,17,7,4,6,41.2,23.5,35.3],[13,149,17,7,3,7,41.2,17.6,41.2],[14,13201,17,7,0,10,41.2,0,58.8],[15,490,17,7,0,10,41.2,0,58.8],[16,128,17,6,5,6,35.3,29.4,35.3],[17,88,17,5,2,10,29.4,11.8,58.8],[18,162,17,4,1,12,23.5,5.9,70.6]];
var GuestBs = [[1,88,17,13,0,4,76.5,0,23.5],[2,1078,17,12,1,4,70.6,5.9,23.5],[3,95,17,12,0,5,70.6,0,29.4],[4,128,17,11,2,4,64.7,11.8,23.5],[5,13201,17,10,1,6,58.8,5.9,35.3],[6,155,17,8,3,6,47.1,17.6,35.3],[7,172,17,8,3,6,47.1,17.6,35.3],[8,423,17,8,2,7,47.1,11.8,41.2],[9,1080,17,8,2,7,47.1,11.8,41.2],[10,162,17,8,1,8,47.1,5.9,47.1],[11,149,17,8,0,9,47.1,0,52.9],[12,165,17,6,4,7,35.3,23.5,41.2],[13,132,17,6,2,9,35.3,11.8,52.9],[14,1135,17,6,2,9,35.3,11.8,52.9],[15,8371,17,6,1,10,35.3,5.9,58.8],[16,1087,17,6,0,11,35.3,0,64.7],[17,99,17,5,0,12,29.4,0,70.6],[18,490,17,4,1,12,23.5,5.9,70.6]];
var TotalBsHalf = [[1,88,34,22,0,12,64.7,0,35.3],[2,1078,34,22,0,12,64.7,0,35.3],[3,99,34,21,0,13,61.8,0,38.2],[4,128,34,19,1,14,55.9,2.9,41.2],[5,1135,34,18,5,11,52.9,14.7,32.4],[6,95,34,17,4,13,50,11.8,38.2],[7,172,34,17,3,14,50,8.8,41.2],[8,149,34,16,3,15,47.1,8.8,44.1],[9,155,34,15,2,17,44.1,5.9,50],[10,1080,34,15,1,18,44.1,2.9,52.9],[11,13201,34,15,0,19,44.1,0,55.9],[12,423,34,14,3,17,41.2,8.8,50],[13,165,34,14,1,19,41.2,2.9,55.9],[14,8371,34,14,1,19,41.2,2.9,55.9],[15,132,34,13,3,18,38.2,8.8,52.9],[16,162,34,12,3,19,35.3,8.8,55.9],[17,1087,34,11,8,15,32.4,23.5,44.1],[18,490,34,11,0,23,32.4,0,67.6]];
var HomeBsHalf = [[1,1078,17,13,0,4,76.5,0,23.5],[2,99,17,12,0,5,70.6,0,29.4],[3,155,17,11,1,5,64.7,5.9,29.4],[4,172,17,11,0,6,64.7,0,35.3],[5,128,17,10,0,7,58.8,0,41.2],[6,149,17,9,1,7,52.9,5.9,41.2],[7,88,17,9,0,8,52.9,0,47.1],[8,132,17,8,2,7,47.1,11.8,41.2],[9,1135,17,8,2,7,47.1,11.8,41.2],[10,1080,17,8,1,8,47.1,5.9,47.1],[11,423,17,7,0,10,41.2,0,58.8],[12,13201,17,7,0,10,41.2,0,58.8],[13,1087,17,6,5,6,35.3,29.4,35.3],[14,95,17,6,3,8,35.3,17.6,47.1],[15,165,17,6,0,11,35.3,0,64.7],[16,8371,17,5,1,11,29.4,5.9,64.7],[17,490,17,4,0,13,23.5,0,76.5],[18,162,17,3,3,11,17.6,17.6,64.7]];
var GuestBsHalf = [[1,88,17,13,0,4,76.5,0,23.5],[2,95,17,11,1,5,64.7,5.9,29.4],[3,1135,17,10,3,4,58.8,17.6,23.5],[4,128,17,9,1,7,52.9,5.9,41.2],[5,99,17,9,0,8,52.9,0,47.1],[6,162,17,9,0,8,52.9,0,47.1],[7,8371,17,9,0,8,52.9,0,47.1],[8,1078,17,9,0,8,52.9,0,47.1],[9,165,17,8,1,8,47.1,5.9,47.1],[10,13201,17,8,0,9,47.1,0,52.9],[11,423,17,7,3,7,41.2,17.6,41.2],[12,149,17,7,2,8,41.2,11.8,47.1],[13,490,17,7,0,10,41.2,0,58.8],[14,1080,17,7,0,10,41.2,0,58.8],[15,172,17,6,3,8,35.3,17.6,47.1],[16,1087,17,5,3,9,29.4,17.6,52.9],[17,132,17,5,1,11,29.4,5.9,64.7],[18,155,17,4,1,12,23.5,5.9,70.6]];
var addUp = [290,47.4,50,8.2,272,44.4,[64.7,1078,95],[64.7,490],[58.8,1078,155,95,172,1087],[70.6,162],[76.5,88],[70.6,99,490]];
var addUpHalf = [286,46.7,38,6.2,288,47.1,[64.7,88,1078],[67.6,490],[76.5,1078],[76.5,490],[76.5,88],[70.6,155]];
var lastUpdateTime = '2025-01-18 10:07:10';
