var arrLeague = [5,'比利时甲组联赛','比利時甲組聯賽','Belgian Pro League','2014-2015','#FC9B0A','league_match/images/1j5w1nybsp9.png','比甲','比甲','BEL D1'];
var arrTeam = [[118,'韦斯特鲁','韋斯達路','Westerlo','','images/118/1jeascxjbx31.png',0],[122,'沙勒罗瓦','查內爾','Charleroi','','images/122/1j3veftrymp.png',0],[130,'标准列日','標準列治','Standard Liege','','images/130/1j3veftre2e.png',0],[140,'根特','真特','KAA Gent','','images/140/1gv1yqjs390.png',0],[145,'洛克伦','洛格倫','Lokeren','','images/20130413143949.jpg',0],[147,'亨克','亨克','Racing Genk','','images/147/1h54k7bfph11.png',0],[148,'布鲁日','布魯日','Club Brugge','','images/148/1hxqrpwvs12q.png',0],[153,'安德莱赫特','安德列治','Anderlecht','','images/153/1gv1yqjs302r.png',0],[159,'利尔斯','利亞斯','Lierse','','images/159/1h53w17xg22e.png',0],[164,'色格拉布鲁日','色格拉布魯日','Cercle Brugge','','images/164/1gq1zqkdtp6.png',0],[170,'奥斯坦德','奧斯坦德','Oostende','','images/170/1gq201wpefs.png',0],[1242,'科特赖克','哥積克','Kortrijk','','images/1242/1j22rz4and1t.png',0],[1244,'梅赫伦','梅赫倫','Mechelen','','images/1244/1gtqkzv9ys23.png',0],[1245,'华斯兰德','華斯蘭比華倫','Red Star Waasland','','images/1245/1gqbpxar3q1m.png',0],[1319,'威尔郡','威爾郡','Zulte-Waregem','','images/1319/1j5hhgvw2dj.png',0],[8564,'摩斯高伦','苗斯干','Mouscron Peruwelz','','images/20130403150504.jpg',0]];
var TotalBs = [[1,118,36,25,0,11,69.4,0,30.6],[2,148,40,24,2,14,60,5,35],[3,140,40,24,0,16,60,0,40],[4,159,40,23,0,17,57.5,0,42.5],[5,1319,36,22,1,13,61.1,2.8,36.1],[6,1242,40,22,0,18,55,0,45],[7,153,40,19,1,20,47.5,2.5,50],[8,1244,40,19,0,21,47.5,0,52.5],[9,8564,36,18,2,16,50,5.6,44.4],[10,170,36,17,1,18,47.2,2.8,50],[11,145,38,17,1,20,44.7,2.6,52.6],[12,130,40,17,2,21,42.5,5,52.5],[13,1245,36,16,1,19,44.4,2.8,52.8],[14,122,42,16,1,25,38.1,2.4,59.5],[15,164,34,14,0,20,41.2,0,58.8],[16,147,36,13,0,23,36.1,0,63.9],[17,2607,6,3,0,3,50,0,50],[18,2606,6,2,0,4,33.3,0,66.7],[19,1316,6,1,0,5,16.7,0,83.3]];
var HomeBs = [[1,118,18,13,0,5,72.2,0,27.8],[2,140,20,12,0,8,60,0,40],[3,145,19,11,1,7,57.9,5.3,36.8],[4,148,20,11,2,7,55,10,35],[5,159,20,11,0,9,55,0,45],[6,1242,20,11,0,9,55,0,45],[7,170,18,10,0,8,55.6,0,44.4],[8,8564,18,10,0,8,55.6,0,44.4],[9,1319,18,10,0,8,55.6,0,44.4],[10,1244,20,10,0,10,50,0,50],[11,130,20,9,2,9,45,10,45],[12,164,17,8,0,9,47.1,0,52.9],[13,153,20,8,1,11,40,5,55],[14,122,21,8,0,13,38.1,0,61.9],[15,147,18,7,0,11,38.9,0,61.1],[16,1245,18,5,0,13,27.8,0,72.2],[17,2607,3,1,0,2,33.3,0,66.7],[18,2606,3,1,0,2,33.3,0,66.7],[19,1316,3,0,0,3,0,0,100]];
var GuestBs = [[1,148,20,13,0,7,65,0,35],[2,1319,18,12,1,5,66.7,5.6,27.8],[3,118,18,12,0,6,66.7,0,33.3],[4,140,20,12,0,8,60,0,40],[5,159,20,12,0,8,60,0,40],[6,1245,18,11,1,6,61.1,5.6,33.3],[7,1242,20,11,0,9,55,0,45],[8,153,20,11,0,9,55,0,45],[9,1244,20,9,0,11,45,0,55],[10,8564,18,8,2,8,44.4,11.1,44.4],[11,130,20,8,0,12,40,0,60],[12,122,21,8,1,12,38.1,4.8,57.1],[13,170,18,7,1,10,38.9,5.6,55.6],[14,164,17,6,0,11,35.3,0,64.7],[15,147,18,6,0,12,33.3,0,66.7],[16,145,19,6,0,13,31.6,0,68.4],[17,2607,3,2,0,1,66.7,0,33.3],[18,2606,3,1,0,2,33.3,0,66.7],[19,1316,3,1,0,2,33.3,0,66.7]];
var TotalBsHalf = [[1,118,35,20,7,8,57.1,20,22.9],[2,159,39,18,11,10,46.2,28.2,25.6],[3,148,40,18,8,14,45,20,35],[4,145,37,14,15,8,37.8,40.5,21.6],[5,130,40,14,17,9,35,42.5,22.5],[6,1319,36,13,13,10,36.1,36.1,27.8],[7,170,35,13,10,12,37.1,28.6,34.3],[8,1242,39,12,14,13,30.8,35.9,33.3],[9,140,39,12,14,13,30.8,35.9,33.3],[10,1244,39,12,13,14,30.8,33.3,35.9],[11,153,40,12,11,17,30,27.5,42.5],[12,1245,36,11,14,11,30.6,38.9,30.6],[13,8564,36,10,15,11,27.8,41.7,30.6],[14,147,35,10,9,16,28.6,25.7,45.7],[15,122,42,10,16,16,23.8,38.1,38.1],[16,164,33,8,11,14,24.2,33.3,42.4],[17,2606,5,2,1,2,40,20,40],[18,2607,6,2,1,3,33.3,16.7,50],[19,1316,6,0,2,4,0,33.3,66.7]];
var HomeBsHalf = [[1,145,19,11,5,3,57.9,26.3,15.8],[2,118,18,10,5,3,55.6,27.8,16.7],[3,159,20,8,7,5,40,35,25],[4,170,18,8,3,7,44.4,16.7,38.9],[5,153,20,8,2,10,40,10,50],[6,1242,20,7,6,7,35,30,35],[7,148,20,7,4,9,35,20,45],[8,1319,18,6,7,5,33.3,38.9,27.8],[9,1244,20,6,8,6,30,40,30],[10,130,20,6,8,6,30,40,30],[11,147,18,6,5,7,33.3,27.8,38.9],[12,122,21,6,8,7,28.6,38.1,33.3],[13,8564,18,5,8,5,27.8,44.4,27.8],[14,140,20,5,9,6,25,45,30],[15,164,17,4,9,4,23.5,52.9,23.5],[16,1245,18,3,7,8,16.7,38.9,44.4],[17,2606,3,1,1,1,33.3,33.3,33.3],[18,2607,3,0,1,2,0,33.3,66.7],[19,1316,3,0,0,3,0,0,100]];
var GuestBsHalf = [[1,148,20,11,4,5,55,20,25],[2,159,19,10,4,5,52.6,21.1,26.3],[3,118,17,10,2,5,58.8,11.8,29.4],[4,130,20,8,9,3,40,45,15],[5,1245,18,8,7,3,44.4,38.9,16.7],[6,1319,18,7,6,5,38.9,33.3,27.8],[7,140,19,7,5,7,36.8,26.3,36.8],[8,1244,19,6,5,8,31.6,26.3,42.1],[9,170,17,5,7,5,29.4,41.2,29.4],[10,1242,19,5,8,6,26.3,42.1,31.6],[11,8564,18,5,7,6,27.8,38.9,33.3],[12,153,20,4,9,7,20,45,35],[13,147,17,4,4,9,23.5,23.5,52.9],[14,122,21,4,8,9,19,38.1,42.9],[15,164,16,4,2,10,25,12.5,62.5],[16,145,18,3,10,5,16.7,55.6,27.8],[17,2607,3,2,0,1,66.7,0,33.3],[18,2606,2,1,0,1,50,0,50],[19,1316,3,0,2,1,0,66.7,33.3]];
var addUp = [312,49.7,12,1.9,304,48.4,[69.4,118],[83.3,1316],[72.2,118],[100,1316],[66.7,1319,118,2607],[68.4,145]];
var addUpHalf = [211,34.1,202,32.7,205,33.2,[57.1,118],[66.7,1316],[57.9,145],[100,1316],[66.7,2607],[62.5,164]];
var lastUpdateTime = '2025-01-20 09:02:30';
