var arrLeague = [22,'挪威超级联赛','挪威超級聯賽','Norwegian Tippeligaen','2020','#666666','league_match/images/20200420075346.jpg','挪超','挪超','NOR D1'];
var arrTeam = [[472,'博德闪耀','波杜基林特','Bodo Glimt','','images/472/1gq6j9e9em1s.png',0],[475,'斯塔贝克','史達比克','Stabaek','','images/475/1gq6j9e9y51x.png',0],[479,'奥德格伦兰','奧特格寧蘭','Odd Grenland','','images/479/1hw70bzw2q11.png',0],[485,'瓦勒伦加','華拿倫加','Valerenga','','images/485/1gxmbkap742v.png',0],[495,'维京','維京','Viking','','images/495/1gv9q9y3qv1r.png',0],[498,'布兰','白蘭恩','Brann','','images/498/1gxmbm1ncsv.png',0],[505,'莫尔德','莫迪','Molde','','images/505/1gxmbm1nc618.png',0],[507,'罗森博格','洛辛堡','Rosenborg','','images/507/1gxmbm1ncb32.png',0],[1280,'奥勒松','阿利辛特','Aalesund FK','','images/1280/1gxmbm1ncng.png',0],[1282,'桑德菲杰','辛迪夫佐特','Sandefjord','','images/1282/1gqv25gza42a.png',0],[1284,'斯达','史達','Start Kristiansand','','images/1284/1gxmbp25v21r.png',0],[1285,'斯托姆加斯特','史卓加斯特','Stromsgodset','','images/1285/1gxmbm1ncn10.png',0],[2255,'萨普斯堡','薩普斯堡','Sarpsborg 08','','images/2255/1gxmbm1ncd2y.png',0],[2279,'莫达伦','莫達倫','Mjondalen IF','','images/2279/1gxmbp26aa2z.png',0],[2822,'海于格松','侯格辛特','Haugesund','','images/2822/1gxmbm1nc6q.png',0],[4174,'克里斯蒂安松','基斯迪辛特','Kristiansund BK','','images/4174/1gxmbp26a81v.png',0]];
var TotalPanLu = [[1,4174,30,14,4,12,20,3,7,13,66.7,10,23.3],[2,472,30,27,2,1,18,1,11,7,60,3.3,36.7],[3,485,30,18,3,9,17,2,11,6,56.7,6.7,36.7],[4,1282,30,2,7,21,16,5,9,7,53.3,16.7,30],[5,505,30,27,2,1,16,1,13,3,53.3,3.3,43.3],[6,475,30,10,5,15,15,2,13,2,50,6.7,43.3],[7,2279,30,3,10,17,14,2,14,0,46.7,6.7,46.7],[8,2822,30,10,7,13,14,1,15,-1,46.7,3.3,50],[9,2255,30,12,4,14,14,0,16,-2,46.7,0,53.3],[10,1284,30,4,5,21,13,4,13,0,43.3,13.3,43.3],[11,1285,30,11,5,14,13,2,15,-2,43.3,6.7,50],[12,495,30,13,4,13,13,2,15,-2,43.3,6.7,50],[13,479,30,13,5,12,13,1,16,-3,43.3,3.3,53.3],[14,498,30,13,7,10,11,1,18,-7,36.7,3.3,60],[15,507,30,25,2,3,11,1,18,-7,36.7,3.3,60],[16,1280,30,1,2,27,7,2,21,-14,23.3,6.7,70]];
var HomePanLu = [[1,472,15,15,0,0,10,1,4,6,66.7,6.7,26.7],[2,485,15,13,0,2,10,1,4,6,66.7,6.7,26.7],[3,1284,15,4,3,8,9,2,4,5,60,13.3,26.7],[4,505,15,14,1,0,9,0,6,3,60,0,40],[5,479,15,10,3,2,8,0,7,1,53.3,0,46.7],[6,1282,15,1,7,7,7,4,4,3,46.7,26.7,26.7],[7,4174,15,12,0,3,7,2,6,1,46.7,13.3,40],[8,495,15,10,3,2,7,1,7,0,46.7,6.7,46.7],[9,475,15,8,3,4,7,1,7,0,46.7,6.7,46.7],[10,2279,15,2,9,4,7,0,8,-1,46.7,0,53.3],[11,2822,15,9,3,3,6,1,8,-2,40,6.7,53.3],[12,507,15,14,1,0,6,1,8,-2,40,6.7,53.3],[13,2255,15,11,1,3,6,0,9,-3,40,0,60],[14,1285,15,10,1,4,5,0,10,-5,33.3,0,66.7],[15,498,15,12,0,3,4,0,11,-7,26.7,0,73.3],[16,1280,15,1,2,12,3,1,11,-8,20,6.7,73.3]];
var GuestPanLu = [[1,4174,15,2,4,9,13,1,1,12,86.7,6.7,6.7],[2,1282,15,1,0,14,9,1,5,4,60,6.7,33.3],[3,1285,15,1,4,10,8,2,5,3,53.3,13.3,33.3],[4,475,15,2,2,11,8,1,6,2,53.3,6.7,40],[5,2255,15,1,3,11,8,0,7,1,53.3,0,46.7],[6,472,15,12,2,1,8,0,7,1,53.3,0,46.7],[7,2822,15,1,4,10,8,0,7,1,53.3,0,46.7],[8,2279,15,1,1,13,7,2,6,1,46.7,13.3,40],[9,485,15,5,3,7,7,1,7,0,46.7,6.7,46.7],[10,498,15,1,7,7,7,1,7,0,46.7,6.7,46.7],[11,505,15,13,1,1,7,1,7,0,46.7,6.7,46.7],[12,495,15,3,1,11,6,1,8,-2,40,6.7,53.3],[13,479,15,3,2,10,5,1,9,-4,33.3,6.7,60],[14,507,15,11,1,3,5,0,10,-5,33.3,0,66.7],[15,1284,15,0,2,13,4,2,9,-5,26.7,13.3,60],[16,1280,15,0,0,15,4,1,10,-6,26.7,6.7,66.7]];
var TotalHalfPanLu = [[1,472,30,26,3,1,23,1,6,17,76.7,3.3,20],[2,1282,30,1,11,18,15,5,10,5,50,16.7,33.3],[3,4174,30,12,9,9,15,4,11,4,50,13.3,36.7],[4,1284,30,2,12,16,14,4,12,2,46.7,13.3,40],[5,479,30,11,11,8,14,4,12,2,46.7,13.3,40],[6,485,30,15,10,5,14,4,12,2,46.7,13.3,40],[7,505,30,25,4,1,14,2,14,0,46.7,6.7,46.7],[8,1285,30,7,10,13,13,4,13,0,43.3,13.3,43.3],[9,2279,30,2,13,15,13,4,13,0,43.3,13.3,43.3],[10,475,30,5,10,15,11,8,11,0,36.7,26.7,36.7],[11,495,30,8,12,10,11,5,14,-3,36.7,16.7,46.7],[12,2822,30,8,11,11,11,4,15,-4,36.7,13.3,50],[13,2255,30,10,11,9,11,1,18,-7,36.7,3.3,60],[14,507,30,21,7,2,10,5,15,-5,33.3,16.7,50],[15,1280,30,0,7,23,10,2,18,-8,33.3,6.7,60],[16,498,30,10,13,7,9,7,14,-5,30,23.3,46.7]];
var HomeHalfPanLu = [[1,472,15,15,0,0,12,1,2,10,80,6.7,13.3],[2,505,15,14,1,0,8,1,6,2,53.3,6.7,40],[3,485,15,11,3,1,7,2,6,1,46.7,13.3,40],[4,495,15,8,5,2,7,0,8,-1,46.7,0,53.3],[5,1284,15,2,9,4,6,3,6,0,40,20,40],[6,2279,15,2,10,3,6,3,6,0,40,20,40],[7,479,15,10,5,0,6,2,7,-1,40,13.3,46.7],[8,507,15,14,1,0,6,1,8,-2,40,6.7,53.3],[9,475,15,5,6,4,5,5,5,0,33.3,33.3,33.3],[10,1282,15,0,11,4,5,4,6,-1,33.3,26.7,40],[11,498,15,10,3,2,5,3,7,-2,33.3,20,46.7],[12,4174,15,10,3,2,5,3,7,-2,33.3,20,46.7],[13,2822,15,8,4,3,5,1,9,-4,33.3,6.7,60],[14,1285,15,6,6,3,4,2,9,-5,26.7,13.3,60],[15,1280,15,0,6,9,4,1,10,-6,26.7,6.7,66.7],[16,2255,15,9,4,2,4,0,11,-7,26.7,0,73.3]];
var GuestHalfPanLu = [[1,472,15,11,3,1,11,0,4,7,73.3,0,26.7],[2,1282,15,1,0,14,10,1,4,6,66.7,6.7,26.7],[3,4174,15,2,6,7,10,1,4,6,66.7,6.7,26.7],[4,1285,15,1,4,10,9,2,4,5,60,13.3,26.7],[5,479,15,1,6,8,8,2,5,3,53.3,13.3,33.3],[6,1284,15,0,3,12,8,1,6,2,53.3,6.7,40],[7,485,15,4,7,4,7,2,6,1,46.7,13.3,40],[8,2255,15,1,7,7,7,1,7,0,46.7,6.7,46.7],[9,2279,15,0,3,12,7,1,7,0,46.7,6.7,46.7],[10,2822,15,0,7,8,6,3,6,0,40,20,40],[11,475,15,0,4,11,6,3,6,0,40,20,40],[12,505,15,11,3,1,6,1,8,-2,40,6.7,53.3],[13,1280,15,0,1,14,6,1,8,-2,40,6.7,53.3],[14,495,15,0,7,8,4,5,6,-2,26.7,33.3,40],[15,498,15,0,10,5,4,4,7,-3,26.7,26.7,46.7],[16,507,15,7,6,2,4,4,7,-3,26.7,26.7,46.7]];
var addUp = [111,46.2,15,6.2,114,47.5,[66.7,4174],[70,1280],[66.7,472,485],[73.3,498,1280],[86.7,4174],[66.7,507,1280],[16.7,1282],[0,2255]];
var addUpHalf = [95,39.6,32,13.3,113,47.1,[76.7,472],[60,2255,1280],[80,472],[73.3,2255],[73.3,472],[53.3,505,1280],[26.7,475],[3.3,472,2255]];
var lastUpdateTime = '2025-01-18 17:48:57';
