var arrLeague = [22,'挪威超级联赛','挪威超級聯賽','Norwegian Tippeligaen','2020','#666666','league_match/images/20200420075346.jpg','挪超','挪超','NOR D1'];
var arrTeam = [[472,'博德闪耀','波杜基林特','Bodo Glimt','','images/472/1gq6j9e9em1s.png',0],[475,'斯塔贝克','史達比克','Stabaek','','images/475/1gq6j9e9y51x.png',0],[479,'奥德格伦兰','奧特格寧蘭','Odd Grenland','','images/479/1hw70bzw2q11.png',0],[485,'瓦勒伦加','華拿倫加','Valerenga','','images/485/1gxmbkap742v.png',0],[495,'维京','維京','Viking','','images/495/1gv9q9y3qv1r.png',0],[498,'布兰','白蘭恩','Brann','','images/498/1gxmbm1ncsv.png',0],[505,'莫尔德','莫迪','Molde','','images/505/1gxmbm1nc618.png',0],[507,'罗森博格','洛辛堡','Rosenborg','','images/507/1gxmbm1ncb32.png',0],[1280,'奥勒松','阿利辛特','Aalesund FK','','images/1280/1gxmbm1ncng.png',0],[1282,'桑德菲杰','辛迪夫佐特','Sandefjord','','images/1282/1gqv25gza42a.png',0],[1284,'斯达','史達','Start Kristiansand','','images/1284/1gxmbp25v21r.png',0],[1285,'斯托姆加斯特','史卓加斯特','Stromsgodset','','images/1285/1gxmbm1ncn10.png',0],[2255,'萨普斯堡','薩普斯堡','Sarpsborg 08','','images/2255/1gxmbm1ncd2y.png',0],[2279,'莫达伦','莫達倫','Mjondalen IF','','images/2279/1gxmbp26aa2z.png',0],[2822,'海于格松','侯格辛特','Haugesund','','images/2822/1gxmbm1nc6q.png',0],[4174,'克里斯蒂安松','基斯迪辛特','Kristiansund BK','','images/4174/1gxmbp26a81v.png',0]];
var TotalBs = [[1,505,30,20,5,5,66.7,16.7,16.7],[2,472,30,20,1,9,66.7,3.3,30],[3,1280,30,18,4,8,60,13.3,26.7],[4,495,30,18,3,9,60,10,30],[5,4174,30,18,2,10,60,6.7,33.3],[6,2822,30,18,0,12,60,0,40],[7,1285,30,17,1,12,56.7,3.3,40],[8,507,30,16,2,12,53.3,6.7,40],[9,1284,30,16,0,14,53.3,0,46.7],[10,479,30,15,4,11,50,13.3,36.7],[11,485,30,15,1,14,50,3.3,46.7],[12,475,30,15,1,14,50,3.3,46.7],[13,498,30,14,3,13,46.7,10,43.3],[14,2255,30,12,1,17,40,3.3,56.7],[15,1282,30,11,1,18,36.7,3.3,60],[16,2279,30,9,3,18,30,10,60]];
var HomeBs = [[1,495,15,11,0,4,73.3,0,26.7],[2,4174,15,10,1,4,66.7,6.7,26.7],[3,1280,15,9,3,3,60,20,20],[4,479,15,9,2,4,60,13.3,26.7],[5,472,15,9,1,5,60,6.7,33.3],[6,507,15,9,1,5,60,6.7,33.3],[7,2822,15,9,0,6,60,0,40],[8,505,15,8,2,5,53.3,13.3,33.3],[9,485,15,8,1,6,53.3,6.7,40],[10,1284,15,8,0,7,53.3,0,46.7],[11,1285,15,8,0,7,53.3,0,46.7],[12,498,15,7,2,6,46.7,13.3,40],[13,2255,15,6,0,9,40,0,60],[14,1282,15,6,0,9,40,0,60],[15,475,15,5,1,9,33.3,6.7,60],[16,2279,15,4,2,9,26.7,13.3,60]];
var GuestBs = [[1,505,15,12,3,0,80,20,0],[2,472,15,11,0,4,73.3,0,26.7],[3,475,15,10,0,5,66.7,0,33.3],[4,1280,15,9,1,5,60,6.7,33.3],[5,1285,15,9,1,5,60,6.7,33.3],[6,2822,15,9,0,6,60,0,40],[7,4174,15,8,1,6,53.3,6.7,40],[8,1284,15,8,0,7,53.3,0,46.7],[9,495,15,7,3,5,46.7,20,33.3],[10,498,15,7,1,7,46.7,6.7,46.7],[11,507,15,7,1,7,46.7,6.7,46.7],[12,485,15,7,0,8,46.7,0,53.3],[13,479,15,6,2,7,40,13.3,46.7],[14,2255,15,6,1,8,40,6.7,53.3],[15,2279,15,5,1,9,33.3,6.7,60],[16,1282,15,5,1,9,33.3,6.7,60]];
var TotalBsHalf = [[1,472,30,23,1,6,76.7,3.3,20],[2,1280,30,14,5,11,46.7,16.7,36.7],[3,505,30,14,1,15,46.7,3.3,50],[4,498,30,12,4,14,40,13.3,46.7],[5,495,30,12,1,17,40,3.3,56.7],[6,2822,30,11,7,12,36.7,23.3,40],[7,475,30,11,5,14,36.7,16.7,46.7],[8,1284,30,11,3,16,36.7,10,53.3],[9,2279,30,10,8,12,33.3,26.7,40],[10,1285,30,10,5,15,33.3,16.7,50],[11,507,30,10,5,15,33.3,16.7,50],[12,479,30,10,4,16,33.3,13.3,53.3],[13,2255,30,9,9,12,30,30,40],[14,485,30,9,7,14,30,23.3,46.7],[15,4174,30,9,4,17,30,13.3,56.7],[16,1282,30,7,7,16,23.3,23.3,53.3]];
var HomeBsHalf = [[1,472,15,12,0,3,80,0,20],[2,1280,15,7,1,7,46.7,6.7,46.7],[3,505,15,7,0,8,46.7,0,53.3],[4,498,15,7,0,8,46.7,0,53.3],[5,2822,15,6,5,4,40,33.3,26.7],[6,1284,15,6,1,8,40,6.7,53.3],[7,479,15,6,1,8,40,6.7,53.3],[8,495,15,6,0,9,40,0,60],[9,2279,15,5,7,3,33.3,46.7,20],[10,4174,15,5,2,8,33.3,13.3,53.3],[11,485,15,5,2,8,33.3,13.3,53.3],[12,2255,15,4,5,6,26.7,33.3,40],[13,475,15,4,4,7,26.7,26.7,46.7],[14,507,15,4,3,8,26.7,20,53.3],[15,1285,15,4,3,8,26.7,20,53.3],[16,1282,15,3,4,8,20,26.7,53.3]];
var GuestBsHalf = [[1,472,15,11,1,3,73.3,6.7,20],[2,1280,15,7,4,4,46.7,26.7,26.7],[3,505,15,7,1,7,46.7,6.7,46.7],[4,475,15,7,1,7,46.7,6.7,46.7],[5,507,15,6,2,7,40,13.3,46.7],[6,1285,15,6,2,7,40,13.3,46.7],[7,495,15,6,1,8,40,6.7,53.3],[8,2255,15,5,4,6,33.3,26.7,40],[9,498,15,5,4,6,33.3,26.7,40],[10,2822,15,5,2,8,33.3,13.3,53.3],[11,1284,15,5,2,8,33.3,13.3,53.3],[12,2279,15,5,1,9,33.3,6.7,60],[13,485,15,4,5,6,26.7,33.3,40],[14,479,15,4,3,8,26.7,20,53.3],[15,1282,15,4,3,8,26.7,20,53.3],[16,4174,15,4,2,9,26.7,13.3,60]];
var addUp = [252,52.5,32,6.7,196,40.8,[66.7,505,472],[60,1282,2279],[73.3,495],[60,2255,1282,475,2279],[80,505],[60,2279,1282]];
var addUpHalf = [182,37.9,76,15.8,222,46.2,[76.7,472],[56.7,495,4174],[80,472],[60,495],[73.3,472],[60,2279,4174]];
var lastUpdateTime = '2025-01-18 17:49:04';
