var arrLeague = [15,'南韩K联赛','南韓K聯賽','K League 1','2015','#0542b1','league_match/images/20190423203352.jpg','韩K联','韓K聯','KOR D1'];
var arrTeam = [[477,'城南FC','城南FC','Seongnam FC','','images/477/1gxsf6qkxc2j.png',0],[480,'蔚山HD','蔚山HD','Ulsan HD FC','','images/1jr576ev8wv.png',0],[481,'浦项制铁','浦項制鐵','Pohang Steelers','','images/481/1h1jgrf3gp0.png',0],[484,'全北现代','全北汽車','Jeonbuk Hyundai Motors','','images/484/1h1jgrf3gr2k.png',0],[488,'大田市民','大田市民','Daejeon Citizen','','images/488/1gxsf6qkda2b.png',0],[497,'仁川联队','仁川聯','Incheon United','','images/497/1h6swyavg60.png',0],[499,'水原三星','水原三星','Suwon Samsung Bluewings','','images/499/1gxsf6qjy02n.png',0],[501,'釜山偶像','釜山偶像','Busan I Park','','images/501/1gxsf6qkd2e.png',0],[506,'全南天龙','全南天龍','Jeonnam Dragons','','images/506/1gxsf6qkd726.png',0],[741,'FC首尔','FC首爾','FC Seoul','','images/741/1gxsf6qjyq26.png',0],[4075,'济州SK','濟州SK','Jeju SK FC','','images/1jr577tbbf8.png',0],[16584,'光州FC','FC光州','Gwangju Football Club','','images/16584/1jnj5r1v732z.png',0]];
var TotalPanLu = [[1,477,38,13,9,16,23,2,13,10,60.5,5.3,34.2],[2,497,38,15,6,17,21,3,14,7,55.3,7.9,36.8],[3,499,38,25,7,6,20,4,14,6,52.6,10.5,36.8],[4,484,38,32,4,2,19,3,16,3,50,7.9,42.1],[5,481,38,24,8,6,18,4,16,2,47.4,10.5,42.1],[6,16584,38,8,3,27,18,1,19,-1,47.4,2.6,50],[7,4075,38,11,7,20,17,0,21,-4,44.7,0,55.3],[8,506,38,14,7,17,16,5,17,-1,42.1,13.2,44.7],[9,488,38,1,0,37,16,4,18,-2,42.1,10.5,47.4],[10,480,38,18,6,14,15,3,20,-5,39.5,7.9,52.6],[11,741,38,25,6,7,15,2,21,-6,39.5,5.3,55.3],[12,501,38,7,7,24,13,3,22,-9,34.2,7.9,57.9]];
var HomePanLu = [[1,497,20,12,4,4,11,2,7,4,55,10,35],[2,499,19,17,2,0,10,1,8,2,52.6,5.3,42.1],[3,484,19,19,0,0,10,1,8,2,52.6,5.3,42.1],[4,4075,18,8,3,7,9,0,9,0,50,0,50],[5,477,19,10,7,2,9,2,8,1,47.4,10.5,42.1],[6,506,19,11,4,4,9,2,8,1,47.4,10.5,42.1],[7,488,19,1,0,18,8,3,8,0,42.1,15.8,42.1],[8,480,19,14,2,3,8,1,10,-2,42.1,5.3,52.6],[9,481,19,17,2,0,8,1,10,-2,42.1,5.3,52.6],[10,741,19,17,1,1,8,0,11,-3,42.1,0,57.9],[11,16584,19,7,3,9,7,1,11,-4,36.8,5.3,57.9],[12,501,19,5,7,7,5,3,11,-6,26.3,15.8,57.9]];
var GuestPanLu = [[1,477,19,3,2,14,14,0,5,9,73.7,0,26.3],[2,16584,19,1,0,18,11,0,8,3,57.9,0,42.1],[3,497,18,3,2,13,10,1,7,3,55.6,5.6,38.9],[4,499,19,8,5,6,10,3,6,4,52.6,15.8,31.6],[5,481,19,7,6,6,10,3,6,4,52.6,15.8,31.6],[6,484,19,13,4,2,9,2,8,1,47.4,10.5,42.1],[7,488,19,0,0,19,8,1,10,-2,42.1,5.3,52.6],[8,501,19,2,0,17,8,0,11,-3,42.1,0,57.9],[9,4075,20,3,4,13,8,0,12,-4,40,0,60],[10,506,19,3,3,13,7,3,9,-2,36.8,15.8,47.4],[11,741,19,8,5,6,7,2,10,-3,36.8,10.5,52.6],[12,480,19,4,4,11,7,2,10,-3,36.8,10.5,52.6]];
var TotalHalfPanLu = [[1,497,38,5,19,14,17,11,10,7,44.7,28.9,26.3],[2,501,38,2,21,15,16,12,10,6,42.1,31.6,26.3],[3,481,38,16,21,1,16,12,10,6,42.1,31.6,26.3],[4,16584,38,4,18,16,16,10,12,4,42.1,26.3,31.6],[5,488,38,0,4,34,16,1,21,-5,42.1,2.6,55.3],[6,4075,38,7,21,10,15,12,11,4,39.5,31.6,28.9],[7,477,38,8,19,11,15,11,12,3,39.5,28.9,31.6],[8,480,38,11,22,5,15,7,16,-1,39.5,18.4,42.1],[9,506,38,9,20,9,14,11,13,1,36.8,28.9,34.2],[10,499,38,16,19,3,14,9,15,-1,36.8,23.7,39.5],[11,484,38,26,12,0,9,7,22,-13,23.7,18.4,57.9],[12,741,38,16,20,2,8,11,19,-11,21.1,28.9,50]];
var HomeHalfPanLu = [[1,481,19,14,5,0,10,1,8,2,52.6,5.3,42.1],[2,4075,18,5,12,1,7,6,5,2,38.9,33.3,27.8],[3,506,19,7,11,1,7,5,7,0,36.8,26.3,36.8],[4,480,19,9,9,1,7,3,9,-2,36.8,15.8,47.4],[5,488,19,0,4,15,7,1,11,-4,36.8,5.3,57.9],[6,16584,19,3,12,4,6,9,4,2,31.6,47.4,21.1],[7,501,19,2,14,3,6,7,6,0,31.6,36.8,31.6],[8,497,20,4,14,2,6,8,6,0,30,40,30],[9,499,19,12,7,0,5,4,10,-5,26.3,21.1,52.6],[10,477,19,6,12,1,4,7,8,-4,21.1,36.8,42.1],[11,741,19,13,6,0,4,5,10,-6,21.1,26.3,52.6],[12,484,19,17,2,0,4,1,14,-10,21.1,5.3,73.7]];
var GuestHalfPanLu = [[1,497,18,1,5,12,11,3,4,7,61.1,16.7,22.2],[2,477,19,2,7,10,11,4,4,7,57.9,21.1,21.1],[3,501,19,0,7,12,10,5,4,6,52.6,26.3,21.1],[4,16584,19,1,6,12,10,1,8,2,52.6,5.3,42.1],[5,499,19,4,12,3,9,5,5,4,47.4,26.3,26.3],[6,488,19,0,0,19,9,0,10,-1,47.4,0,52.6],[7,480,19,2,13,4,8,4,7,1,42.1,21.1,36.8],[8,4075,20,2,9,9,8,6,6,2,40,30,30],[9,506,19,2,9,8,7,6,6,1,36.8,31.6,31.6],[10,481,19,2,16,1,6,11,2,4,31.6,57.9,10.5],[11,484,19,9,10,0,5,6,8,-3,26.3,31.6,42.1],[12,741,19,3,14,2,4,6,9,-5,21.1,31.6,47.4]];
var addUp = [102,44.7,17,7.5,109,47.8,[60.5,477],[57.9,501],[55,497],[57.9,741,16584,501],[73.7,477],[60,4075],[13.2,506],[0,4075]];
var addUpHalf = [73,32,57,25,98,43,[44.7,497],[57.9,484],[52.6,481],[73.7,484],[61.1,497],[52.6,488],[31.6,501,481,4075],[2.6,488]];
var lastUpdateTime = '2026-04-08 08:55:46';
