var arrLeague = [15,'南韩K联赛','南韓K聯賽','K League 1','2015','#0542b1','league_match/images/20190423203352.jpg','韩K联','韓K聯','KOR D1'];
var arrTeam = [[477,'城南FC','城南FC','Seongnam FC','','images/477/1gxsf6qkxc2j.png',0],[480,'蔚山HD','蔚山HD','Ulsan HD FC','','images/1jr576ev8wv.png',0],[481,'浦项制铁','浦項制鐵','Pohang Steelers','','images/481/1h1jgrf3gp0.png',0],[484,'全北现代','全北汽車','Jeonbuk Hyundai Motors','','images/484/1h1jgrf3gr2k.png',0],[488,'大田市民','大田市民','Daejeon Citizen','','images/488/1gxsf6qkda2b.png',0],[497,'仁川联队','仁川聯','Incheon United','','images/497/1h6swyavg60.png',0],[499,'水原三星','水原三星','Suwon Samsung Bluewings','','images/499/1gxsf6qjy02n.png',0],[501,'釜山偶像','釜山偶像','Busan I Park','','images/501/1gxsf6qkd2e.png',0],[506,'全南天龙','全南天龍','Jeonnam Dragons','','images/506/1gxsf6qkd726.png',0],[741,'FC首尔','FC首爾','FC Seoul','','images/741/1gxsf6qjyq26.png',0],[4075,'济州SK','濟州SK','Jeju SK FC','','images/1jr577tbbf8.png',0],[16584,'光州FC','FC光州','Gwangju Football Club','','images/16584/1jnj5r1v732z.png',0]];
var TotalBs = [[1,484,38,22,0,16,57.9,0,42.1],[2,488,38,22,0,16,57.9,0,42.1],[3,480,38,19,0,19,50,0,50],[4,499,38,19,0,19,50,0,50],[5,4075,38,19,0,19,50,0,50],[6,506,38,18,0,20,47.4,0,52.6],[7,741,38,18,0,20,47.4,0,52.6],[8,501,38,17,0,21,44.7,0,55.3],[9,481,38,16,0,22,42.1,0,57.9],[10,16584,38,15,0,23,39.5,0,60.5],[11,477,38,11,0,27,28.9,0,71.1],[12,497,38,10,0,28,26.3,0,73.7]];
var HomeBs = [[1,4075,18,12,0,6,66.7,0,33.3],[2,481,19,12,0,7,63.2,0,36.8],[3,499,19,11,0,8,57.9,0,42.1],[4,501,19,9,0,10,47.4,0,52.6],[5,488,19,9,0,10,47.4,0,52.6],[6,484,19,9,0,10,47.4,0,52.6],[7,506,19,8,0,11,42.1,0,57.9],[8,16584,19,7,0,12,36.8,0,63.2],[9,480,19,7,0,12,36.8,0,63.2],[10,497,20,7,0,13,35,0,65],[11,477,19,6,0,13,31.6,0,68.4],[12,741,19,6,0,13,31.6,0,68.4]];
var GuestBs = [[1,484,19,13,0,6,68.4,0,31.6],[2,488,19,13,0,6,68.4,0,31.6],[3,480,19,12,0,7,63.2,0,36.8],[4,741,19,12,0,7,63.2,0,36.8],[5,506,19,10,0,9,52.6,0,47.4],[6,499,19,8,0,11,42.1,0,57.9],[7,16584,19,8,0,11,42.1,0,57.9],[8,501,19,8,0,11,42.1,0,57.9],[9,4075,20,7,0,13,35,0,65],[10,477,19,5,0,14,26.3,0,73.7],[11,481,19,4,0,15,21.1,0,78.9],[12,497,18,3,0,15,16.7,0,83.3]];
var TotalBsHalf = [[1,480,38,23,4,11,60.5,10.5,28.9],[2,499,38,20,5,13,52.6,13.2,34.2],[3,506,36,20,3,13,55.6,8.3,36.1],[4,741,36,20,3,13,55.6,8.3,36.1],[5,16584,38,20,4,14,52.6,10.5,36.8],[6,501,37,19,2,16,51.4,5.4,43.2],[7,4075,37,18,7,12,48.6,18.9,32.4],[8,477,38,18,4,16,47.4,10.5,42.1],[9,497,38,18,2,18,47.4,5.3,47.4],[10,488,37,17,9,11,45.9,24.3,29.7],[11,481,38,15,8,15,39.5,21.1,39.5],[12,484,37,13,7,17,35.1,18.9,45.9]];
var HomeBsHalf = [[1,497,20,11,2,7,55,10,35],[2,501,19,11,1,7,57.9,5.3,36.8],[3,481,19,10,5,4,52.6,26.3,21.1],[4,480,19,10,3,6,52.6,15.8,31.6],[5,506,19,10,3,6,52.6,15.8,31.6],[6,488,19,10,3,6,52.6,15.8,31.6],[7,499,19,10,2,7,52.6,10.5,36.8],[8,4075,18,9,5,4,50,27.8,22.2],[9,741,19,9,1,9,47.4,5.3,47.4],[10,16584,19,8,1,10,42.1,5.3,52.6],[11,477,19,7,2,10,36.8,10.5,52.6],[12,484,19,7,2,10,36.8,10.5,52.6]];
var GuestBsHalf = [[1,480,19,13,1,5,68.4,5.3,26.3],[2,16584,19,12,3,4,63.2,15.8,21.1],[3,741,17,11,2,4,64.7,11.8,23.5],[4,477,19,11,2,6,57.9,10.5,31.6],[5,499,19,10,3,6,52.6,15.8,31.6],[6,506,17,10,0,7,58.8,0,41.2],[7,4075,19,9,2,8,47.4,10.5,42.1],[8,501,18,8,1,9,44.4,5.6,50],[9,488,18,7,6,5,38.9,33.3,27.8],[10,497,18,7,0,11,38.9,0,61.1],[11,484,18,6,5,7,33.3,27.8,38.9],[12,481,19,5,3,11,26.3,15.8,57.9]];
var addUp = [206,45.2,0,0,250,54.8,[57.9,484,488],[73.7,497],[66.7,4075],[68.4,477,741],[68.4,484,488],[83.3,497]];
var addUpHalf = [221,49.3,58,12.9,169,37.7,[60.5,480],[47.4,497],[57.9,501],[52.6,16584,477,484],[68.4,480],[61.1,497]];
var lastUpdateTime = '2026-04-08 08:56:01';
