var arrLeague = [8,'德国甲组联赛','德國甲組聯賽','German Bundesliga','2025-2026','#990099','league_match/images/166674997937.png','德甲','德甲','GER D1'];
var arrTeam = [[88,'拜仁慕尼黑','拜仁慕尼黑','Bayern Munchen','','images/1jp21wwwae1x.png',0],[99,'多特蒙德','多蒙特','Borussia Dortmund','','images/164870996363.png',0],[128,'门兴格拉德巴赫','慕遜加柏','Borussia Monchengladbach','','images/16487114506.png',0],[132,'云达不莱梅','雲達不萊梅','Werder Bremen','','images/1jqk659y3sf.png',0],[149,'沃尔夫斯堡','沃爾夫斯堡','VfL Wolfsburg','','images/164871147946.png',0],[155,'斯图加特','史特加','VfB Stuttgart','','images/164871149852.png',0],[160,'汉堡','漢堡','Hamburger SV','','images/1jpxz6w3rw1s.png',0],[162,'美因茨','緬恩斯','FSV Mainz 05','','images/164871151364.png',0],[165,'勒沃库森','利華古遜','Bayer Leverkusen','','images/164871152472.png',0],[172,'弗赖堡','費雷堡','SC Freiburg','','images/164871154089.png',0],[423,'法兰克福','法蘭克福','Eintracht Frankfurt','','images/164871155563.png',0],[490,'科隆','科隆','FC Koln','','images/164871158236.png',0],[1078,'霍芬海姆','賀芬咸','TSG Hoffenheim','','images/164871159920.png',0],[1085,'圣保利','聖保利','St. Pauli','','images/1jqk67cwzb1r.png',0],[1087,'柏林联合','柏林聯','Union Berlin','','images/164871161365.png',0],[1135,'奥格斯堡','奧格斯堡','Augsburg','','images/164871162622.png',0],[8371,'海登海姆','海登咸','Heidenheimer','','images/1jqk69c9js20.png',0],[13201,'RB莱比锡','RB萊比錫','RB Leipzig','','images/164871164178.png',0]];
var TotalBs = [[1,88,34,24,1,9,70.6,2.9,26.5],[2,8371,34,21,2,11,61.8,5.9,32.4],[3,172,34,21,1,12,61.8,2.9,35.3],[4,155,34,20,5,9,58.8,14.7,26.5],[5,423,34,20,2,12,58.8,5.9,35.3],[6,1087,34,20,1,13,58.8,2.9,38.2],[7,1078,34,19,3,12,55.9,8.8,35.3],[8,149,34,18,4,12,52.9,11.8,35.3],[9,490,34,18,3,13,52.9,8.8,38.2],[10,1085,34,18,2,14,52.9,5.9,41.2],[11,1135,34,17,2,15,50,5.9,44.1],[12,13201,34,16,4,14,47.1,11.8,41.2],[13,128,34,16,1,17,47.1,2.9,50],[14,162,34,15,3,16,44.1,8.8,47.1],[15,165,34,15,3,16,44.1,8.8,47.1],[16,160,34,14,4,16,41.2,11.8,47.1],[17,99,34,12,3,19,35.3,8.8,55.9],[18,132,34,12,2,20,35.3,5.9,58.8]];
var HomeBs = [[1,88,17,13,0,4,76.5,0,23.5],[2,1087,17,12,1,4,70.6,5.9,23.5],[3,172,17,12,0,5,70.6,0,29.4],[4,1085,17,12,0,5,70.6,0,29.4],[5,8371,17,10,2,5,58.8,11.8,29.4],[6,490,17,9,3,5,52.9,17.6,29.4],[7,1078,17,9,2,6,52.9,11.8,35.3],[8,13201,17,9,2,6,52.9,11.8,35.3],[9,423,17,9,1,7,52.9,5.9,41.2],[10,1135,17,9,0,8,52.9,0,47.1],[11,149,17,8,3,6,47.1,17.6,35.3],[12,99,17,8,0,9,47.1,0,52.9],[13,128,17,7,1,9,41.2,5.9,52.9],[14,155,17,7,1,9,41.2,5.9,52.9],[15,162,17,7,0,10,41.2,0,58.8],[16,160,17,6,3,8,35.3,17.6,47.1],[17,165,17,6,2,9,35.3,11.8,52.9],[18,132,17,5,2,10,29.4,11.8,58.8]];
var GuestBs = [[1,155,17,13,4,0,76.5,23.5,0],[2,88,17,11,1,5,64.7,5.9,29.4],[3,423,17,11,1,5,64.7,5.9,29.4],[4,8371,17,11,0,6,64.7,0,35.3],[5,1078,17,10,1,6,58.8,5.9,35.3],[6,149,17,10,1,6,58.8,5.9,35.3],[7,165,17,9,1,7,52.9,5.9,41.2],[8,172,17,9,1,7,52.9,5.9,41.2],[9,490,17,9,0,8,52.9,0,47.1],[10,128,17,9,0,8,52.9,0,47.1],[11,162,17,8,3,6,47.1,17.6,35.3],[12,1135,17,8,2,7,47.1,11.8,41.2],[13,160,17,8,1,8,47.1,5.9,47.1],[14,1087,17,8,0,9,47.1,0,52.9],[15,13201,17,7,2,8,41.2,11.8,47.1],[16,132,17,7,0,10,41.2,0,58.8],[17,1085,17,6,2,9,35.3,11.8,52.9],[18,99,17,4,3,10,23.5,17.6,58.8]];
var TotalBsHalf = [[1,88,34,23,0,11,67.6,0,32.4],[2,423,34,21,0,13,61.8,0,38.2],[3,165,34,20,1,13,58.8,2.9,38.2],[4,1078,34,20,0,14,58.8,0,41.2],[5,1135,34,16,3,15,47.1,8.8,44.1],[6,155,34,16,1,17,47.1,2.9,50],[7,8371,34,15,5,14,44.1,14.7,41.2],[8,13201,34,15,0,19,44.1,0,55.9],[9,1087,34,14,8,12,41.2,23.5,35.3],[10,162,34,14,5,15,41.2,14.7,44.1],[11,128,34,14,3,17,41.2,8.8,50],[12,160,34,14,2,18,41.2,5.9,52.9],[13,149,34,13,1,20,38.2,2.9,58.8],[14,490,34,12,2,20,35.3,5.9,58.8],[15,172,34,11,6,17,32.4,17.6,50],[16,99,34,11,2,21,32.4,5.9,61.8],[17,132,34,10,0,24,29.4,0,70.6],[18,1085,34,9,7,18,26.5,20.6,52.9]];
var HomeBsHalf = [[1,88,17,15,0,2,88.2,0,11.8],[2,8371,17,9,2,6,52.9,11.8,35.3],[3,1078,17,9,0,8,52.9,0,47.1],[4,1135,17,8,1,8,47.1,5.9,47.1],[5,160,17,8,1,8,47.1,5.9,47.1],[6,149,17,8,0,9,47.1,0,52.9],[7,165,17,8,0,9,47.1,0,52.9],[8,423,17,8,0,9,47.1,0,52.9],[9,1087,17,7,6,4,41.2,35.3,23.5],[10,172,17,7,3,7,41.2,17.6,41.2],[11,128,17,7,2,8,41.2,11.8,47.1],[12,99,17,7,0,10,41.2,0,58.8],[13,13201,17,7,0,10,41.2,0,58.8],[14,490,17,6,1,10,35.3,5.9,58.8],[15,132,17,6,0,11,35.3,0,64.7],[16,155,17,6,0,11,35.3,0,64.7],[17,1085,17,4,4,9,23.5,23.5,52.9],[18,162,17,4,3,10,23.5,17.6,58.8]];
var GuestBsHalf = [[1,423,17,13,0,4,76.5,0,23.5],[2,165,17,12,1,4,70.6,5.9,23.5],[3,1078,17,11,0,6,64.7,0,35.3],[4,162,17,10,2,5,58.8,11.8,29.4],[5,155,17,10,1,6,58.8,5.9,35.3],[6,1135,17,8,2,7,47.1,11.8,41.2],[7,88,17,8,0,9,47.1,0,52.9],[8,13201,17,8,0,9,47.1,0,52.9],[9,1087,17,7,2,8,41.2,11.8,47.1],[10,128,17,7,1,9,41.2,5.9,52.9],[11,8371,17,6,3,8,35.3,17.6,47.1],[12,490,17,6,1,10,35.3,5.9,58.8],[13,160,17,6,1,10,35.3,5.9,58.8],[14,1085,17,5,3,9,29.4,17.6,52.9],[15,149,17,5,1,11,29.4,5.9,64.7],[16,172,17,4,3,10,23.5,17.6,58.8],[17,99,17,4,2,11,23.5,11.8,64.7],[18,132,17,4,0,13,23.5,0,76.5]];
var addUp = [316,51.6,46,7.5,250,40.8,[70.6,88],[58.8,132],[76.5,88],[58.8,162,132],[76.5,155],[58.8,132,99]];
var addUpHalf = [268,43.8,46,7.5,298,48.7,[67.6,88],[70.6,132],[88.2,88],[64.7,132,155],[76.5,423],[76.5,132]];
var lastUpdateTime = '2026-05-24 15:30:48';
