var arrLeague = [11,'法国甲组联赛','法國甲組聯賽','France Ligue 1','2015-2016','#663333','league_match/images/1j5w0b66k318.png','法甲','法甲','FRA D1'];
var arrTeam = [[197,'摩纳哥','摩納哥','Monaco','','images/16487116696.png',0],[205,'里昂','里昂','Lyon','','images/164871170063.png',0],[208,'波尔多','波爾多','Bordeaux','','images/164871171447.png',0],[211,'马赛','馬賽','Marseille','','images/164871172839.png',0],[216,'图卢兹','圖魯茲','Toulouse','','images/216/1j5hgyxgzaq.png',0],[245,'巴斯蒂亚','巴斯蒂亞','Bastia','','images/245/1h71kxn4152z.png',0],[251,'雷恩','雷恩','Rennes','','images/164871175839.png',0],[255,'圣埃蒂安','聖伊天','Saint Etienne','','images/16487117719.png',0],[257,'卡昂','卡昂','Caen','','images/257/1h71ky6nm3g.png',0],[259,'尼斯','奈斯','Nice','','images/164871179882.png',0],[263,'南特','南特','Nantes','','images/263/1h5bjb8w5p2j.png',0],[266,'里尔','利爾','Lille','','images/164871184077.png',0],[271,'巴黎圣日尔曼','巴黎聖日門','Paris Saint Germain (PSG)','','images/164871185439.png',0],[304,'昂热','昂熱','Angers','','images/304/1h71kxn41qn.png',0],[333,'洛里昂','羅連安特','Lorient','','images/164871192161.png',0],[351,'蒙彼利埃','蒙彼利埃','Montpellier','','images/164871193456.png',0],[362,'甘冈','吉英坎','Guingamp','','images/362/1h71kxn4hte.png',0],[366,'特鲁瓦','特魯瓦','Troyes','','images/164871194730.png',0],[2141,'GFC阿雅克肖','GFCO阿些斯奧','Ajaccio Gfco','','images/201327164251.jpg',0],[4957,'兰斯','蘭斯','Reims','','images/164871196247.png',0]];
var TotalBs = [[1,271,38,23,0,15,60.5,0,39.5],[2,205,38,21,0,17,55.3,0,44.7],[3,362,38,20,2,16,52.6,5.3,42.1],[4,333,38,19,2,17,50,5.3,44.7],[5,366,38,19,1,18,50,2.6,47.4],[6,208,38,19,1,18,50,2.6,47.4],[7,197,38,19,0,19,50,0,50],[8,4957,38,19,0,19,50,0,50],[9,251,38,18,7,13,47.4,18.4,34.2],[10,216,38,18,1,19,47.4,2.6,50],[11,259,38,18,0,20,47.4,0,52.6],[12,257,38,17,2,19,44.7,5.3,50],[13,351,38,17,0,21,44.7,0,55.3],[14,2141,38,16,5,17,42.1,13.2,44.7],[15,263,38,14,4,20,36.8,10.5,52.6],[16,304,38,13,6,19,34.2,15.8,50],[17,245,38,13,0,25,34.2,0,65.8],[18,255,38,12,2,24,31.6,5.3,63.2],[19,211,38,12,0,26,31.6,0,68.4],[20,266,38,9,3,26,23.7,7.9,68.4]];
var HomeBs = [[1,271,19,14,0,5,73.7,0,26.3],[2,259,19,11,0,8,57.9,0,42.1],[3,205,19,11,0,8,57.9,0,42.1],[4,362,19,10,2,7,52.6,10.5,36.8],[5,2141,19,9,4,6,47.4,21.1,31.6],[6,251,19,9,2,8,47.4,10.5,42.1],[7,216,19,9,1,9,47.4,5.3,47.4],[8,257,19,9,0,10,47.4,0,52.6],[9,351,19,9,0,10,47.4,0,52.6],[10,197,19,9,0,10,47.4,0,52.6],[11,4957,19,9,0,10,47.4,0,52.6],[12,263,19,8,2,9,42.1,10.5,47.4],[13,245,19,8,0,11,42.1,0,57.9],[14,208,19,8,0,11,42.1,0,57.9],[15,366,19,7,0,12,36.8,0,63.2],[16,211,19,7,0,12,36.8,0,63.2],[17,333,19,6,2,11,31.6,10.5,57.9],[18,255,19,6,1,12,31.6,5.3,63.2],[19,304,19,5,4,10,26.3,21.1,52.6],[20,266,19,4,0,15,21.1,0,78.9]];
var GuestBs = [[1,333,19,13,0,6,68.4,0,31.6],[2,366,19,12,1,6,63.2,5.3,31.6],[3,208,19,11,1,7,57.9,5.3,36.8],[4,4957,19,10,0,9,52.6,0,47.4],[5,197,19,10,0,9,52.6,0,47.4],[6,362,19,10,0,9,52.6,0,47.4],[7,205,19,10,0,9,52.6,0,47.4],[8,251,19,9,5,5,47.4,26.3,26.3],[9,271,19,9,0,10,47.4,0,52.6],[10,216,19,9,0,10,47.4,0,52.6],[11,257,19,8,2,9,42.1,10.5,47.4],[12,304,19,8,2,9,42.1,10.5,47.4],[13,351,19,8,0,11,42.1,0,57.9],[14,2141,19,7,1,11,36.8,5.3,57.9],[15,259,19,7,0,12,36.8,0,63.2],[16,263,19,6,2,11,31.6,10.5,57.9],[17,255,19,6,1,12,31.6,5.3,63.2],[18,266,19,5,3,11,26.3,15.8,57.9],[19,211,19,5,0,14,26.3,0,73.7],[20,245,19,5,0,14,26.3,0,73.7]];
var TotalBsHalf = [[1,2141,37,25,3,9,67.6,8.1,24.3],[2,333,38,21,8,9,55.3,21.1,23.7],[3,351,37,21,4,12,56.8,10.8,32.4],[4,197,38,21,4,13,55.3,10.5,34.2],[5,251,40,21,4,15,52.5,10,37.5],[6,304,38,20,4,14,52.6,10.5,36.8],[7,263,37,19,2,16,51.4,5.4,43.2],[8,4957,38,18,9,11,47.4,23.7,28.9],[9,271,38,18,3,17,47.4,7.9,44.7],[10,362,38,18,3,17,47.4,7.9,44.7],[11,266,37,18,1,18,48.6,2.7,48.6],[12,259,37,17,8,12,45.9,21.6,32.4],[13,208,37,17,7,13,45.9,18.9,35.1],[14,366,38,16,8,14,42.1,21.1,36.8],[15,216,37,16,6,15,43.2,16.2,40.5],[16,257,38,15,9,14,39.5,23.7,36.8],[17,245,37,15,4,18,40.5,10.8,48.6],[18,205,37,14,11,12,37.8,29.7,32.4],[19,255,38,13,3,22,34.2,7.9,57.9],[20,211,37,9,13,15,24.3,35.1,40.5]];
var HomeBsHalf = [[1,271,19,12,2,5,63.2,10.5,26.3],[2,2141,19,12,2,5,63.2,10.5,26.3],[3,351,19,12,1,6,63.2,5.3,31.6],[4,362,19,11,2,6,57.9,10.5,31.6],[5,4957,19,10,4,5,52.6,21.1,26.3],[6,197,19,10,3,6,52.6,15.8,31.6],[7,304,19,10,2,7,52.6,10.5,36.8],[8,266,19,10,1,8,52.6,5.3,42.1],[9,259,19,9,4,6,47.4,21.1,31.6],[10,366,19,9,2,8,47.4,10.5,42.1],[11,245,19,9,1,9,47.4,5.3,47.4],[12,333,19,8,5,6,42.1,26.3,31.6],[13,208,19,8,2,9,42.1,10.5,47.4],[14,263,19,8,1,10,42.1,5.3,52.6],[15,205,19,7,6,6,36.8,31.6,31.6],[16,257,19,7,5,7,36.8,26.3,36.8],[17,251,19,7,4,8,36.8,21.1,42.1],[18,216,19,7,4,8,36.8,21.1,42.1],[19,211,19,6,7,6,31.6,36.8,31.6],[20,255,19,6,1,12,31.6,5.3,63.2],[21,251,1,0,0,1,0,0,100]];
var GuestBsHalf = [[1,333,19,13,3,3,68.4,15.8,15.8],[2,2141,18,13,1,4,72.2,5.6,22.2],[3,251,19,13,0,6,68.4,0,31.6],[4,263,18,11,1,6,61.1,5.6,33.3],[5,197,19,11,1,7,57.9,5.3,36.8],[6,304,19,10,2,7,52.6,10.5,36.8],[7,208,18,9,5,4,50,27.8,22.2],[8,351,18,9,3,6,50,16.7,33.3],[9,216,18,9,2,7,50,11.1,38.9],[10,259,18,8,4,6,44.4,22.2,33.3],[11,4957,19,8,5,6,42.1,26.3,31.6],[12,257,19,8,4,7,42.1,21.1,36.8],[13,266,18,8,0,10,44.4,0,55.6],[14,205,18,7,5,6,38.9,27.8,33.3],[15,366,19,7,6,6,36.8,31.6,31.6],[16,255,19,7,2,10,36.8,10.5,52.6],[17,362,19,7,1,11,36.8,5.3,57.9],[18,245,18,6,3,9,33.3,16.7,50],[19,271,19,6,1,12,31.6,5.3,63.2],[20,211,18,3,6,9,16.7,33.3,50],[21,251,1,1,0,0,100,0,0]];
var addUp = [336,44.2,36,4.7,388,51.1,[60.5,271],[68.4,211,266],[73.7,271],[78.9,266],[68.4,333],[73.7,211,245]];
var addUpHalf = [352,46.8,114,15.2,286,38,[67.6,2141],[57.9,255],[63.2,271,2141,351],[100,251],[100,251],[63.2,271]];
var lastUpdateTime = '2025-01-22 10:14:08';
