var arrLeague = [36,'英格兰超级联赛','英格蘭超級聯賽','English Premier League','2018-2019','#FF3333','league_match/images/164577482086.png','英超','英超','ENG PR'];
var arrTeam = [[19,'阿森纳','阿仙奴','Arsenal','','images/164577419697.png',0],[24,'切尔西','車路士','Chelsea','','images/164577409120.png',0],[25,'利物浦','利物浦','Liverpool','','images/1j6np822z82a.png',0],[26,'曼彻斯特城','曼城','Manchester City','','images/164577478031.png',0],[27,'曼彻斯特联','曼聯','Manchester United','','images/164577479190.png',0],[28,'纽卡斯尔联','紐卡素','Newcastle United','','images/164577474623.png',0],[29,'富勒姆','富咸','Fulham','','images/16486909637.png',0],[30,'南安普敦','修咸頓','Southampton','','images/164577463784.png',0],[31,'埃弗顿','愛華頓','Everton','','images/164577449385.png',0],[33,'托特纳姆热刺','熱刺','Tottenham Hotspur','','images/1jdbdk17e62x.png',0],[35,'水晶宫','水晶宮','Crystal Palace','','images/164577426766.png',0],[46,'伯恩利','般尼','Burnley','','images/1h99zdamy01a.png',0],[52,'狼队','狼隊','Wolves','','images/164577451783.png',0],[53,'沃特福德','屈福特','Watford','','images/164601828730.png',0],[59,'莱斯特城','李斯特城','Leicester City','','images/164577432827.png',0],[60,'布莱顿','白禮頓','Brighton Hove Albion','','images/164577420829.png',0],[62,'西汉姆联','韋斯咸','West Ham United','','images/164577453830.png',0],[64,'卡迪夫城','卡迪夫城','Cardiff City','','images/164869109335.png',0],[344,'哈德斯菲尔德','哈德斯菲爾德','Huddersfield Town','','images/164869113877.png',0],[348,'伯恩茅斯','般尼茅夫','AFC Bournemouth','','images/164869115455.png',0]];
var TotalBs = [[1,27,38,24,2,12,63.2,5.3,31.6],[2,348,38,22,1,15,57.9,2.6,39.5],[3,30,38,22,0,16,57.9,0,42.1],[4,46,38,22,0,16,57.9,0,42.1],[5,53,38,20,3,15,52.6,7.9,39.5],[6,33,38,20,2,16,52.6,5.3,42.1],[7,24,38,20,1,17,52.6,2.6,44.7],[8,19,38,19,2,17,50,5.3,44.7],[9,29,38,19,0,19,50,0,50],[10,62,38,18,1,19,47.4,2.6,50],[11,64,38,18,0,20,47.4,0,52.6],[12,31,38,18,0,20,47.4,0,52.6],[13,59,38,17,2,19,44.7,5.3,50],[14,60,38,17,2,19,44.7,5.3,50],[15,35,38,17,0,21,44.7,0,55.3],[16,28,38,16,2,20,42.1,5.3,52.6],[17,344,38,16,0,22,42.1,0,57.9],[18,25,38,15,3,20,39.5,7.9,52.6],[19,26,38,15,3,20,39.5,7.9,52.6],[20,52,38,13,0,25,34.2,0,65.8]];
var HomeBs = [[1,30,19,13,0,6,68.4,0,31.6],[2,64,19,12,0,7,63.2,0,36.8],[3,27,19,11,2,6,57.9,10.5,31.6],[4,53,19,11,1,7,57.9,5.3,36.8],[5,62,19,11,0,8,57.9,0,42.1],[6,46,19,11,0,8,57.9,0,42.1],[7,28,19,10,1,8,52.6,5.3,42.1],[8,26,19,10,1,8,52.6,5.3,42.1],[9,348,19,10,1,8,52.6,5.3,42.1],[10,25,19,9,1,9,47.4,5.3,47.4],[11,33,19,9,1,9,47.4,5.3,47.4],[12,29,19,9,0,10,47.4,0,52.6],[13,24,19,8,1,10,42.1,5.3,52.6],[14,60,19,8,1,10,42.1,5.3,52.6],[15,31,19,8,0,11,42.1,0,57.9],[16,59,19,7,2,10,36.8,10.5,52.6],[17,52,19,7,0,12,36.8,0,63.2],[18,19,19,7,0,12,36.8,0,63.2],[19,344,19,7,0,12,36.8,0,63.2],[20,35,19,6,0,13,31.6,0,68.4]];
var GuestBs = [[1,27,19,13,0,6,68.4,0,31.6],[2,19,19,12,2,5,63.2,10.5,26.3],[3,24,19,12,0,7,63.2,0,36.8],[4,348,19,12,0,7,63.2,0,36.8],[5,33,19,11,1,7,57.9,5.3,36.8],[6,35,19,11,0,8,57.9,0,42.1],[7,46,19,11,0,8,57.9,0,42.1],[8,59,19,10,0,9,52.6,0,47.4],[9,29,19,10,0,9,52.6,0,47.4],[10,31,19,10,0,9,52.6,0,47.4],[11,53,19,9,2,8,47.4,10.5,42.1],[12,60,19,9,1,9,47.4,5.3,47.4],[13,30,19,9,0,10,47.4,0,52.6],[14,344,19,9,0,10,47.4,0,52.6],[15,62,19,7,1,11,36.8,5.3,57.9],[16,25,19,6,2,11,31.6,10.5,57.9],[17,28,19,6,1,12,31.6,5.3,63.2],[18,64,19,6,0,13,31.6,0,68.4],[19,52,19,6,0,13,31.6,0,68.4],[20,26,19,5,2,12,26.3,10.5,63.2]];
var TotalBsHalf = [[1,46,38,19,5,14,50,13.2,36.8],[2,344,38,17,7,14,44.7,18.4,36.8],[3,27,38,17,7,14,44.7,18.4,36.8],[4,19,38,17,0,21,44.7,0,55.3],[5,348,38,16,11,11,42.1,28.9,28.9],[6,60,38,16,8,14,42.1,21.1,36.8],[7,29,38,16,7,15,42.1,18.4,39.5],[8,30,38,16,3,19,42.1,7.9,50],[9,26,38,16,0,22,42.1,0,57.9],[10,62,38,15,9,14,39.5,23.7,36.8],[11,28,38,15,7,16,39.5,18.4,42.1],[12,52,38,14,7,17,36.8,18.4,44.7],[13,31,38,14,5,19,36.8,13.2,50],[14,53,38,13,12,13,34.2,31.6,34.2],[15,24,38,13,3,22,34.2,7.9,57.9],[16,25,38,13,1,24,34.2,2.6,63.2],[17,59,38,12,15,11,31.6,39.5,28.9],[18,64,38,12,8,18,31.6,21.1,47.4],[19,33,38,9,2,27,23.7,5.3,71.1],[20,35,38,4,13,21,10.5,34.2,55.3]];
var HomeBsHalf = [[1,46,19,10,4,5,52.6,21.1,26.3],[2,26,19,10,0,9,52.6,0,47.4],[3,29,19,9,3,7,47.4,15.8,36.8],[4,31,19,9,1,9,47.4,5.3,47.4],[5,25,19,9,0,10,47.4,0,52.6],[6,60,19,8,4,7,42.1,21.1,36.8],[7,62,19,8,4,7,42.1,21.1,36.8],[8,64,19,8,4,7,42.1,21.1,36.8],[9,53,19,8,4,7,42.1,21.1,36.8],[10,30,19,8,2,9,42.1,10.5,47.4],[11,59,19,7,7,5,36.8,36.8,26.3],[12,344,19,7,6,6,36.8,31.6,31.6],[13,52,19,7,4,8,36.8,21.1,42.1],[14,28,19,7,4,8,36.8,21.1,42.1],[15,348,19,6,5,8,31.6,26.3,42.1],[16,27,19,6,4,9,31.6,21.1,47.4],[17,19,19,6,0,13,31.6,0,68.4],[18,24,19,5,1,13,26.3,5.3,68.4],[19,33,19,3,2,14,15.8,10.5,73.7],[20,35,19,1,6,12,5.3,31.6,63.2]];
var GuestBsHalf = [[1,27,19,11,3,5,57.9,15.8,26.3],[2,19,19,11,0,8,57.9,0,42.1],[3,348,19,10,6,3,52.6,31.6,15.8],[4,344,19,10,1,8,52.6,5.3,42.1],[5,46,19,9,1,9,47.4,5.3,47.4],[6,60,19,8,4,7,42.1,21.1,36.8],[7,28,19,8,3,8,42.1,15.8,42.1],[8,24,19,8,2,9,42.1,10.5,47.4],[9,30,19,8,1,10,42.1,5.3,52.6],[10,62,19,7,5,7,36.8,26.3,36.8],[11,29,19,7,4,8,36.8,21.1,42.1],[12,52,19,7,3,9,36.8,15.8,47.4],[13,26,19,6,0,13,31.6,0,68.4],[14,33,19,6,0,13,31.6,0,68.4],[15,53,19,5,8,6,26.3,42.1,31.6],[16,59,19,5,8,6,26.3,42.1,31.6],[17,31,19,5,4,10,26.3,21.1,52.6],[18,64,19,4,4,11,21.1,21.1,57.9],[19,25,19,4,1,14,21.1,5.3,73.7],[20,35,19,3,7,9,15.8,36.8,47.4]];
var addUp = [368,48.4,24,3.2,368,48.4,[63.2,27],[65.8,52],[68.4,30],[68.4,35],[68.4,27],[68.4,64,52]];
var addUpHalf = [284,37.4,130,17.1,346,45.5,[50,46],[71.1,33],[52.6,46,26],[73.7,33],[57.9,27,19],[73.7,25]];
var lastUpdateTime = '2025-01-19 10:39:32';
