var arrLeague = [273,'澳洲甲组联赛','澳洲甲組聯賽','Australia A-League','2013-2014','#FF7000','league_match/images/167305577951.png','澳洲甲','澳洲甲','AUS D1'];
var arrTeam = [[2900,'阿德莱德联','阿德萊德聯','Adelaide United','','images/2900/1hd5avvjts1y.png',0],[2901,'墨尔本胜利','墨爾本勝利','Melbourne Victory','','images/2901/1jaekt97145.png',0],[2909,'悉尼FC','悉尼FC','Sydney FC','','images/2909/1gq92j83knp.png',0],[2910,'中央海岸水手','中岸水手','Central Coast Mariners','','images/2910/1hd5avvjt32h.png',0],[2913,'珀斯光荣','珀斯光輝','Perth Glory','','images/2913/1h5bja71yq6.png',0],[2914,'布里斯班狮吼','布里斯本獅吼','Brisbane Roar','','images/2914/1j63q4e1gy18.png',0],[2915,'纽卡斯尔喷气机','紐卡素噴射機','Newcastle Jets','','images/2915/1hdajpw3vks.png',0],[5953,'惠灵顿凤凰','威靈頓鳳凰','Wellington Phoenix','','images/5953/1h6z210pqs2n.png',0],[14549,'墨尔本城','墨爾本城','Melbourne City','','images/14549/1gq92j83kv7.png',0],[20394,'西悉尼流浪者','西悉尼流浪者','Western Sydney','','images/20130923112441.png',0]];
var TotalPanLu = [[1,2914,29,22,4,3,17,1,11,6,58.6,3.4,37.9],[2,2909,28,8,1,19,15,0,13,2,53.6,0,46.4],[3,2900,28,8,3,17,14,2,12,2,50,7.1,42.9],[4,2901,29,13,9,7,14,4,11,3,48.3,13.8,37.9],[5,2915,27,9,3,15,13,1,13,0,48.1,3.7,48.1],[6,20394,29,23,4,2,13,2,14,-1,44.8,6.9,48.3],[7,14549,27,7,2,18,12,0,15,-3,44.4,0,55.6],[8,2910,29,19,4,6,12,2,15,-3,41.4,6.9,51.7],[9,5953,27,6,4,17,11,3,13,-2,40.7,11.1,48.1],[10,2913,27,7,2,18,11,1,15,-4,40.7,3.7,55.6]];
var HomePanLu = [[1,2909,14,8,1,5,10,0,4,6,71.4,0,28.6],[2,2914,16,15,1,0,9,1,6,3,56.2,6.2,37.5],[3,2910,15,14,1,0,8,1,6,2,53.3,6.7,40],[4,2900,13,8,2,3,7,1,5,2,53.8,7.7,38.5],[5,2913,13,7,2,4,7,0,6,1,53.8,0,46.2],[6,2901,14,10,4,0,7,2,5,2,50,14.3,35.7],[7,2915,14,8,2,4,7,1,6,1,50,7.1,42.9],[8,20394,14,14,0,0,6,1,7,-1,42.9,7.1,50],[9,14549,14,7,1,6,6,0,8,-2,42.9,0,57.1],[10,5953,13,6,4,3,4,1,8,-4,30.8,7.7,61.5]];
var GuestPanLu = [[1,2914,13,7,3,3,8,0,5,3,61.5,0,38.5],[2,5953,14,0,0,14,7,2,5,2,50,14.3,35.7],[3,2901,15,3,5,7,7,2,6,1,46.7,13.3,40],[4,2900,15,0,1,14,7,1,7,0,46.7,6.7,46.7],[5,20394,15,9,4,2,7,1,7,0,46.7,6.7,46.7],[6,14549,13,0,1,12,6,0,7,-1,46.2,0,53.8],[7,2915,13,1,1,11,6,0,7,-1,46.2,0,53.8],[8,2909,14,0,0,14,5,0,9,-4,35.7,0,64.3],[9,2910,14,5,3,6,4,1,9,-5,28.6,7.1,64.3],[10,2913,14,0,0,14,4,1,9,-5,28.6,7.1,64.3]];
var TotalHalfPanLu = [[1,2900,28,0,0,0,19,1,8,11,67.9,3.6,28.6],[2,2909,28,0,0,0,17,1,10,7,60.7,3.6,35.7],[3,14549,27,0,0,0,14,2,11,3,51.9,7.4,40.7],[4,2901,29,0,0,0,12,4,13,-1,41.4,13.8,44.8],[5,2915,27,0,0,0,11,5,11,0,40.7,18.5,40.7],[6,2910,29,0,0,0,11,7,11,0,37.9,24.1,37.9],[7,5953,27,0,0,0,10,4,13,-3,37,14.8,48.1],[8,20394,29,0,0,0,10,5,14,-4,34.5,17.2,48.3],[9,2913,27,0,0,0,9,5,13,-4,33.3,18.5,48.1],[10,2914,29,0,0,0,9,2,18,-9,31,6.9,62.1]];
var HomeHalfPanLu = [[1,2900,13,0,0,0,10,0,3,7,76.9,0,23.1],[2,2909,14,0,0,0,9,1,4,5,64.3,7.1,28.6],[3,2910,15,0,0,0,8,3,4,4,53.3,20,26.7],[4,2915,14,0,0,0,6,3,5,1,42.9,21.4,35.7],[5,5953,13,0,0,0,5,3,5,0,38.5,23.1,38.5],[6,14549,14,0,0,0,5,1,8,-3,35.7,7.1,57.1],[7,20394,14,0,0,0,5,0,9,-4,35.7,0,64.3],[8,2901,14,0,0,0,4,3,7,-3,28.6,21.4,50],[9,2914,16,0,0,0,3,0,13,-10,18.8,0,81.2],[10,2913,13,0,0,0,2,4,7,-5,15.4,30.8,53.8]];
var GuestHalfPanLu = [[1,14549,13,0,0,0,9,1,3,6,69.2,7.7,23.1],[2,2900,15,0,0,0,9,1,5,4,60,6.7,33.3],[3,2909,14,0,0,0,8,0,6,2,57.1,0,42.9],[4,2901,15,0,0,0,8,1,6,2,53.3,6.7,40],[5,2913,14,0,0,0,7,1,6,1,50,7.1,42.9],[6,2914,13,0,0,0,6,2,5,1,46.2,15.4,38.5],[7,2915,13,0,0,0,5,2,6,-1,38.5,15.4,46.2],[8,5953,14,0,0,0,5,1,8,-3,35.7,7.1,57.1],[9,20394,15,0,0,0,5,5,5,0,33.3,33.3,33.3],[10,2910,14,0,0,0,3,4,7,-4,21.4,28.6,50]];
var addUp = [71,50.7,8,5.7,61,43.6,[58.6,2914],[55.6,14549,2913],[71.4,2909],[61.5,5953],[61.5,2914],[64.3,2909,2910,2913],[13.8,2901],[0,2909,14549]];
var addUpHalf = [57,40.7,18,12.9,65,46.4,[67.9,2900],[62.1,2914],[76.9,2900],[81.2,2914],[69.2,14549],[57.1,5953],[24.1,2910],[3.6,2900,2909]];
var lastUpdateTime = '2025-01-20 10:20:56';
