var arrLeague = [273,'澳洲甲组联赛','澳洲甲組聯賽','Australia A-League','2013-2014','#FF7000','league_match/images/167305577951.png','澳洲甲','澳洲甲','AUS D1'];
var arrTeam = [[2900,'阿德莱德联','阿德萊德聯','Adelaide United','','images/2900/1hd5avvjts1y.png',0],[2901,'墨尔本胜利','墨爾本勝利','Melbourne Victory','','images/2901/1jaekt97145.png',0],[2909,'悉尼FC','悉尼FC','Sydney FC','','images/2909/1gq92j83knp.png',0],[2910,'中央海岸水手','中岸水手','Central Coast Mariners','','images/2910/1hd5avvjt32h.png',0],[2913,'珀斯光荣','珀斯光輝','Perth Glory','','images/2913/1h5bja71yq6.png',0],[2914,'布里斯班狮吼','布里斯本獅吼','Brisbane Roar','','images/2914/1j63q4e1gy18.png',0],[2915,'纽卡斯尔喷气机','紐卡素噴射機','Newcastle Jets','','images/2915/1hdajpw3vks.png',0],[5953,'惠灵顿凤凰','威靈頓鳳凰','Wellington Phoenix','','images/5953/1h6z210pqs2n.png',0],[14549,'墨尔本城','墨爾本城','Melbourne City','','images/14549/1gq92j83kv7.png',0],[20394,'西悉尼流浪者','西悉尼流浪者','Western Sydney','','images/20130923112441.png',0]];
var TotalBs = [[1,14549,27,18,0,9,66.7,0,33.3],[2,2900,28,18,0,10,64.3,0,35.7],[3,2901,29,18,0,11,62.1,0,37.9],[4,5953,27,17,0,10,63,0,37],[5,2909,28,16,0,12,57.1,0,42.9],[6,2910,29,15,0,14,51.7,0,48.3],[7,2914,29,15,0,14,51.7,0,48.3],[8,2913,27,14,0,13,51.9,0,48.1],[9,2915,27,13,0,14,48.1,0,51.9],[10,20394,29,10,0,19,34.5,0,65.5]];
var HomeBs = [[1,2900,13,10,0,3,76.9,0,23.1],[2,14549,14,10,0,4,71.4,0,28.6],[3,2901,14,9,0,5,64.3,0,35.7],[4,2909,14,9,0,5,64.3,0,35.7],[5,2914,16,9,0,7,56.2,0,43.8],[6,2915,14,7,0,7,50,0,50],[7,2910,15,7,0,8,46.7,0,53.3],[8,2913,13,6,0,7,46.2,0,53.8],[9,5953,13,6,0,7,46.2,0,53.8],[10,20394,14,4,0,10,28.6,0,71.4]];
var GuestBs = [[1,5953,14,11,0,3,78.6,0,21.4],[2,2901,15,9,0,6,60,0,40],[3,14549,13,8,0,5,61.5,0,38.5],[4,2910,14,8,0,6,57.1,0,42.9],[5,2913,14,8,0,6,57.1,0,42.9],[6,2900,15,8,0,7,53.3,0,46.7],[7,2909,14,7,0,7,50,0,50],[8,2914,13,6,0,7,46.2,0,53.8],[9,2915,13,6,0,7,46.2,0,53.8],[10,20394,15,6,0,9,40,0,60]];
var TotalBsHalf = [[1,5953,27,12,10,5,44.4,37,18.5],[2,2909,27,12,9,6,44.4,33.3,22.2],[3,2900,26,12,7,7,46.2,26.9,26.9],[4,2910,28,12,8,8,42.9,28.6,28.6],[5,2901,28,12,7,9,42.9,25,32.1],[6,14549,27,12,5,10,44.4,18.5,37],[7,20394,28,9,9,10,32.1,32.1,35.7],[8,2913,26,7,9,10,26.9,34.6,38.5],[9,2914,29,7,11,11,24.1,37.9,37.9],[10,2915,27,6,14,7,22.2,51.9,25.9]];
var HomeBsHalf = [[1,2900,13,8,4,1,61.5,30.8,7.7],[2,2909,14,8,4,2,57.1,28.6,14.3],[3,14549,14,7,3,4,50,21.4,28.6],[4,5953,13,6,4,3,46.2,30.8,23.1],[5,20394,14,4,5,5,28.6,35.7,35.7],[6,2910,15,4,6,5,26.7,40,33.3],[7,2913,13,4,3,6,30.8,23.1,46.2],[8,2901,14,4,4,6,28.6,28.6,42.9],[9,2914,16,4,5,7,25,31.2,43.8],[10,2915,14,3,7,4,21.4,50,28.6]];
var GuestBsHalf = [[1,2901,14,8,3,3,57.1,21.4,21.4],[2,2910,13,8,2,3,61.5,15.4,23.1],[3,5953,14,6,6,2,42.9,42.9,14.3],[4,20394,14,5,4,5,35.7,28.6,35.7],[5,14549,13,5,2,6,38.5,15.4,46.2],[6,2909,13,4,5,4,30.8,38.5,30.8],[7,2900,13,4,3,6,30.8,23.1,46.2],[8,2915,13,3,7,3,23.1,53.8,23.1],[9,2913,13,3,6,4,23.1,46.2,30.8],[10,2914,13,3,6,4,23.1,46.2,30.8]];
var addUp = [154,55,0,0,126,45,[66.7,14549],[65.5,20394],[76.9,2900],[71.4,20394],[78.6,5953],[60,20394]];
var addUpHalf = [101,37,89,32.6,83,30.4,[46.2,2900],[38.5,2913],[61.5,2900],[46.2,2913],[61.5,2910],[46.2,14549,2900]];
var lastUpdateTime = '2025-01-20 10:21:08';
