var arrLeague = [34,'意大利甲组联赛','意大利甲組聯賽','Italy Serie A','2025-2026','#0088FF','league_match/images/166674813339.png','意甲','意甲','ITA D1'];
var arrTeam = [[150,'AC米兰','AC米蘭','AC Milan','','images/164868995643.png',0],[152,'国际米兰','國際米蘭','Inter Milan','','images/1kb93m6jew28.png',0],[154,'亚特兰大','阿特蘭大','Atalanta','','images/1kbbqxaznx1g.png',0],[158,'莱切','萊切','Lecce','','images/1kc8pc6f0c27.png',0],[166,'尤文图斯','祖雲達斯','Juventus','','images/166/1grmmxq1wa2k.png',0],[174,'罗马','羅馬','AS Roma','','images/164869002671.png',0],[176,'佛罗伦萨','費倫天拿','Fiorentina','','images/176/1hxqrpz41w1v.png',0],[182,'拉齐奥','拉素','Lazio','','images/164869050583.png',0],[183,'卡利亚里','卡利亞里','Cagliari','','images/164869052873.png',0],[185,'博洛尼亚','博洛尼亞','Bologna','','images/16486905420.png',0],[187,'乌迪内斯','烏甸尼斯','Udinese','','images/164869056546.png',0],[189,'帕尔马','帕爾馬','Parma','','images/189/1j5f7yeztc1g.png',0],[552,'热那亚','熱拿亞','Genoa','','images/1kc8pbcg6s1s.png',0],[558,'都灵','拖連奴','Torino','','images/164869071877.png',0],[559,'维罗纳','維羅納','Verona','','images/559/1k0n84sy5gg.png',0],[1394,'比萨','比薩','Pisa','','images/1394/1j523sx6wr2.png',0],[1397,'科莫','科木','Como','','images/1397/1gq91tkggc2h.png',0],[1399,'克雷莫纳','克雷莫納','Cremonese','','images/1399/1hk6e9yjze12.png',0],[1419,'那不勒斯','拿玻里','Napoli','','images/1kb20488ykd.png',0],[2960,'萨索洛','莎索羅','Sassuolo','','images/164869078921.png',0]];
var TotalBs = [[1,558,38,24,1,13,63.2,2.6,34.2],[2,552,38,20,4,14,52.6,10.5,36.8],[3,1419,38,20,2,16,52.6,5.3,42.1],[4,2960,38,20,1,17,52.6,2.6,44.7],[5,1394,38,20,1,17,52.6,2.6,44.7],[6,152,38,19,2,17,50,5.3,44.7],[7,559,38,19,1,18,50,2.6,47.4],[8,176,38,19,0,19,50,0,50],[9,183,38,18,3,17,47.4,7.9,44.7],[10,185,38,17,2,19,44.7,5.3,50],[11,1399,38,17,2,19,44.7,5.3,50],[12,187,38,17,1,20,44.7,2.6,52.6],[13,1397,38,17,0,21,44.7,0,55.3],[14,150,38,17,0,21,44.7,0,55.3],[15,166,38,15,0,23,39.5,0,60.5],[16,158,38,14,2,22,36.8,5.3,57.9],[17,154,38,14,0,24,36.8,0,63.2],[18,174,38,14,0,24,36.8,0,63.2],[19,182,38,12,3,23,31.6,7.9,60.5],[20,189,38,11,1,26,28.9,2.6,68.4]];
var HomeBs = [[1,558,19,13,1,5,68.4,5.3,26.3],[2,1419,19,12,0,7,63.2,0,36.8],[3,552,19,11,3,5,57.9,15.8,26.3],[4,2960,19,11,0,8,57.9,0,42.1],[5,152,19,10,2,7,52.6,10.5,36.8],[6,150,19,10,0,9,52.6,0,47.4],[7,182,19,9,1,9,47.4,5.3,47.4],[8,1399,19,9,1,9,47.4,5.3,47.4],[9,559,19,8,1,10,42.1,5.3,52.6],[10,1397,19,8,0,11,42.1,0,57.9],[11,176,19,8,0,11,42.1,0,57.9],[12,158,19,8,0,11,42.1,0,57.9],[13,166,19,8,0,11,42.1,0,57.9],[14,185,19,7,2,10,36.8,10.5,52.6],[15,183,19,7,1,11,36.8,5.3,57.9],[16,154,19,7,0,12,36.8,0,63.2],[17,187,19,7,0,12,36.8,0,63.2],[18,1394,19,7,0,12,36.8,0,63.2],[19,189,19,6,1,12,31.6,5.3,63.2],[20,174,19,6,0,13,31.6,0,68.4]];
var GuestBs = [[1,1394,19,13,1,5,68.4,5.3,26.3],[2,183,19,11,2,6,57.9,10.5,31.6],[3,176,19,11,0,8,57.9,0,42.1],[4,558,19,11,0,8,57.9,0,42.1],[5,559,19,11,0,8,57.9,0,42.1],[6,187,19,10,1,8,52.6,5.3,42.1],[7,185,19,10,0,9,52.6,0,47.4],[8,552,19,9,1,9,47.4,5.3,47.4],[9,2960,19,9,1,9,47.4,5.3,47.4],[10,1397,19,9,0,10,47.4,0,52.6],[11,152,19,9,0,10,47.4,0,52.6],[12,1419,19,8,2,9,42.1,10.5,47.4],[13,1399,19,8,1,10,42.1,5.3,52.6],[14,174,19,8,0,11,42.1,0,57.9],[15,154,19,7,0,12,36.8,0,63.2],[16,150,19,7,0,12,36.8,0,63.2],[17,166,19,7,0,12,36.8,0,63.2],[18,158,19,6,2,11,31.6,10.5,57.9],[19,189,19,5,0,14,26.3,0,73.7],[20,182,19,3,2,14,15.8,10.5,73.7]];
var TotalBsHalf = [[1,1419,38,22,8,8,57.9,21.1,21.1],[2,558,38,21,6,11,55.3,15.8,28.9],[3,183,38,19,4,15,50,10.5,39.5],[4,552,38,19,4,15,50,10.5,39.5],[5,559,38,18,5,15,47.4,13.2,39.5],[6,174,38,17,8,13,44.7,21.1,34.2],[7,1394,38,17,3,18,44.7,7.9,47.4],[8,187,38,16,11,11,42.1,28.9,28.9],[9,1399,38,16,7,15,42.1,18.4,39.5],[10,189,38,16,1,21,42.1,2.6,55.3],[11,166,38,15,12,11,39.5,31.6,28.9],[12,2960,38,15,10,13,39.5,26.3,34.2],[13,152,38,15,9,14,39.5,23.7,36.8],[14,182,38,15,8,15,39.5,21.1,39.5],[15,158,38,15,7,16,39.5,18.4,42.1],[16,185,38,15,5,18,39.5,13.2,47.4],[17,1397,38,13,11,14,34.2,28.9,36.8],[18,150,38,12,9,17,31.6,23.7,44.7],[19,154,38,11,13,14,28.9,34.2,36.8],[20,176,38,11,13,14,28.9,34.2,36.8]];
var HomeBsHalf = [[1,182,19,11,4,4,57.9,21.1,21.1],[2,558,19,11,3,5,57.9,15.8,26.3],[3,2960,19,10,6,3,52.6,31.6,15.8],[4,552,19,10,2,7,52.6,10.5,36.8],[5,1419,19,9,6,4,47.4,31.6,21.1],[6,158,19,9,3,7,47.4,15.8,36.8],[7,559,19,9,1,9,47.4,5.3,47.4],[8,166,19,8,6,5,42.1,31.6,26.3],[9,174,19,8,3,8,42.1,15.8,42.1],[10,1399,19,8,3,8,42.1,15.8,42.1],[11,183,19,8,2,9,42.1,10.5,47.4],[12,189,19,8,1,10,42.1,5.3,52.6],[13,1397,19,7,6,6,36.8,31.6,31.6],[14,150,19,7,5,7,36.8,26.3,36.8],[15,152,19,7,3,9,36.8,15.8,47.4],[16,176,19,6,8,5,31.6,42.1,26.3],[17,187,19,6,6,7,31.6,31.6,36.8],[18,185,19,6,2,11,31.6,10.5,57.9],[19,1394,19,6,1,12,31.6,5.3,63.2],[20,154,19,5,6,8,26.3,31.6,42.1]];
var GuestBsHalf = [[1,1419,19,13,2,4,68.4,10.5,21.1],[2,183,19,11,2,6,57.9,10.5,31.6],[3,1394,19,11,2,6,57.9,10.5,31.6],[4,187,19,10,5,4,52.6,26.3,21.1],[5,558,19,10,3,6,52.6,15.8,31.6],[6,174,19,9,5,5,47.4,26.3,26.3],[7,559,19,9,4,6,47.4,21.1,31.6],[8,185,19,9,3,7,47.4,15.8,36.8],[9,552,19,9,2,8,47.4,10.5,42.1],[10,152,19,8,6,5,42.1,31.6,26.3],[11,1399,19,8,4,7,42.1,21.1,36.8],[12,189,19,8,0,11,42.1,0,57.9],[13,166,19,7,6,6,36.8,31.6,31.6],[14,154,19,6,7,6,31.6,36.8,31.6],[15,1397,19,6,5,8,31.6,26.3,42.1],[16,158,19,6,4,9,31.6,21.1,47.4],[17,176,19,5,5,9,26.3,26.3,47.4],[18,150,19,5,4,10,26.3,21.1,52.6],[19,2960,19,5,4,10,26.3,21.1,52.6],[20,182,19,4,4,11,21.1,21.1,57.9]];
var addUp = [344,45.3,26,3.4,390,51.3,[63.2,558],[68.4,189],[68.4,558],[68.4,174],[68.4,1394],[73.7,189,182]];
var addUpHalf = [318,41.8,154,20.3,288,37.9,[57.9,1419],[55.3,189],[57.9,182,558],[63.2,1394],[68.4,1419],[57.9,189,182]];
var lastUpdateTime = '2026-05-26 07:00:18';
