var arrLeague = [11,'法国甲组联赛','法國甲組聯賽','France Ligue 1','2013-2014','#663333','league_match/images/1j5w0b66k318.png','法甲','法甲','FRA D1'];
var arrTeam = [[194,'阿雅克肖','阿些斯奧','Ajaccio','','images/194/1h71ky6nm62v.png',0],[197,'摩纳哥','摩納哥','Monaco','','images/16487116696.png',0],[205,'里昂','里昂','Lyon','','images/164871170063.png',0],[208,'波尔多','波爾多','Bordeaux','','images/164871171447.png',0],[211,'马赛','馬賽','Marseille','','images/164871172839.png',0],[216,'图卢兹','圖魯茲','Toulouse','','images/216/1j5hgyxgzaq.png',0],[245,'巴斯蒂亚','巴斯蒂亞','Bastia','','images/245/1h71kxn4152z.png',0],[251,'雷恩','雷恩','Rennes','','images/164871175839.png',0],[255,'圣埃蒂安','聖伊天','Saint Etienne','','images/16487117719.png',0],[259,'尼斯','奈斯','Nice','','images/164871179882.png',0],[263,'南特','南特','Nantes','','images/263/1h5bjb8w5p2j.png',0],[266,'里尔','利爾','Lille','','images/164871184077.png',0],[267,'索肖','索察','Sochaux','','images/267/1hke8b1sjc2k.png',0],[271,'巴黎圣日尔曼','巴黎聖日門','Paris Saint Germain (PSG)','','images/164871185439.png',0],[333,'洛里昂','羅連安特','Lorient','','images/164871192161.png',0],[351,'蒙彼利埃','蒙彼利埃','Montpellier','','images/164871193456.png',0],[362,'甘冈','吉英坎','Guingamp','','images/362/1h71kxn4hte.png',0],[2104,'瓦朗谢纳','華倫西恩斯','Valenciennes','','images/2104/1h71kxn4hy7.png',0],[2105,'伊维恩','伊維恩','Evian Thonon Gaillard','','images/2105/1gq94fr0hjg.png',0],[4957,'兰斯','蘭斯','Reims','','images/164871196247.png',0]];
var TotalBs = [[1,194,38,22,0,16,57.9,0,42.1],[2,205,38,21,0,17,55.3,0,44.7],[3,2104,38,20,1,17,52.6,2.6,44.7],[4,271,38,18,2,18,47.4,5.3,47.4],[5,251,38,18,1,19,47.4,2.6,50],[6,255,38,18,0,20,47.4,0,52.6],[7,216,38,18,0,20,47.4,0,52.6],[8,245,38,18,0,20,47.4,0,52.6],[9,4957,38,18,0,20,47.4,0,52.6],[10,2105,38,17,0,21,44.7,0,55.3],[11,333,38,16,0,22,42.1,0,57.9],[12,263,38,16,0,22,42.1,0,57.9],[13,211,38,16,0,22,42.1,0,57.9],[14,267,38,16,0,22,42.1,0,57.9],[15,197,38,15,0,23,39.5,0,60.5],[16,208,38,14,0,24,36.8,0,63.2],[17,351,38,14,0,24,36.8,0,63.2],[18,266,38,12,0,26,31.6,0,68.4],[19,259,38,12,0,26,31.6,0,68.4],[20,362,38,9,0,29,23.7,0,76.3]];
var HomeBs = [[1,194,19,12,0,7,63.2,0,36.8],[2,211,19,11,0,8,57.9,0,42.1],[3,255,19,10,0,9,52.6,0,47.4],[4,2104,19,10,0,9,52.6,0,47.4],[5,2105,19,10,0,9,52.6,0,47.4],[6,271,19,9,2,8,47.4,10.5,42.1],[7,208,19,9,0,10,47.4,0,52.6],[8,333,19,9,0,10,47.4,0,52.6],[9,263,19,9,0,10,47.4,0,52.6],[10,251,19,9,0,10,47.4,0,52.6],[11,4957,19,9,0,10,47.4,0,52.6],[12,205,19,8,0,11,42.1,0,57.9],[13,197,19,8,0,11,42.1,0,57.9],[14,259,19,7,0,12,36.8,0,63.2],[15,245,19,7,0,12,36.8,0,63.2],[16,216,19,7,0,12,36.8,0,63.2],[17,266,19,6,0,13,31.6,0,68.4],[18,351,19,5,0,14,26.3,0,73.7],[19,362,19,5,0,14,26.3,0,73.7],[20,267,19,4,0,15,21.1,0,78.9]];
var GuestBs = [[1,205,19,13,0,6,68.4,0,31.6],[2,267,19,12,0,7,63.2,0,36.8],[3,245,19,11,0,8,57.9,0,42.1],[4,216,19,11,0,8,57.9,0,42.1],[5,2104,19,10,1,8,52.6,5.3,42.1],[6,194,19,10,0,9,52.6,0,47.4],[7,251,19,9,1,9,47.4,5.3,47.4],[8,4957,19,9,0,10,47.4,0,52.6],[9,351,19,9,0,10,47.4,0,52.6],[10,271,19,9,0,10,47.4,0,52.6],[11,255,19,8,0,11,42.1,0,57.9],[12,333,19,7,0,12,36.8,0,63.2],[13,263,19,7,0,12,36.8,0,63.2],[14,197,19,7,0,12,36.8,0,63.2],[15,2105,19,7,0,12,36.8,0,63.2],[16,266,19,6,0,13,31.6,0,68.4],[17,259,19,5,0,14,26.3,0,73.7],[18,208,19,5,0,14,26.3,0,73.7],[19,211,19,5,0,14,26.3,0,73.7],[20,362,19,4,0,15,21.1,0,78.9]];
var TotalBsHalf = [[1,245,38,22,8,8,57.9,21.1,21.1],[2,251,37,20,5,12,54.1,13.5,32.4],[3,333,38,19,11,8,50,28.9,21.1],[4,216,38,19,6,13,50,15.8,34.2],[5,194,37,18,8,11,48.6,21.6,29.7],[6,211,38,18,7,13,47.4,18.4,34.2],[7,208,37,18,4,15,48.6,10.8,40.5],[8,259,38,17,9,12,44.7,23.7,31.6],[9,351,37,17,8,12,45.9,21.6,32.4],[10,263,37,17,6,14,45.9,16.2,37.8],[11,255,38,17,7,14,44.7,18.4,36.8],[12,197,38,16,13,9,42.1,34.2,23.7],[13,267,38,16,12,10,42.1,31.6,26.3],[14,266,37,16,8,13,43.2,21.6,35.1],[15,2105,37,16,7,14,43.2,18.9,37.8],[16,205,37,15,11,11,40.5,29.7,29.7],[17,4957,38,15,7,16,39.5,18.4,42.1],[18,271,38,14,10,14,36.8,26.3,36.8],[19,362,37,14,3,20,37.8,8.1,54.1],[20,2104,37,13,9,15,35.1,24.3,40.5]];
var HomeBsHalf = [[1,194,19,14,1,4,73.7,5.3,21.1],[2,333,19,11,5,3,57.9,26.3,15.8],[3,216,19,11,2,6,57.9,10.5,31.6],[4,259,19,10,4,5,52.6,21.1,26.3],[5,267,19,10,4,5,52.6,21.1,26.3],[6,211,19,10,4,5,52.6,21.1,26.3],[7,245,19,9,4,6,47.4,21.1,31.6],[8,251,19,9,4,6,47.4,21.1,31.6],[9,208,19,9,3,7,47.4,15.8,36.8],[10,271,19,9,1,9,47.4,5.3,47.4],[11,4957,19,8,6,5,42.1,31.6,26.3],[12,2105,19,8,4,7,42.1,21.1,36.8],[13,2104,19,8,4,7,42.1,21.1,36.8],[14,263,19,8,3,8,42.1,15.8,42.1],[15,266,19,7,5,7,36.8,26.3,36.8],[16,205,19,7,5,7,36.8,26.3,36.8],[17,197,19,6,10,3,31.6,52.6,15.8],[18,351,19,6,5,8,31.6,26.3,42.1],[19,362,19,6,2,11,31.6,10.5,57.9],[20,255,19,5,5,9,26.3,26.3,47.4]];
var GuestBsHalf = [[1,245,19,13,4,2,68.4,21.1,10.5],[2,255,19,12,2,5,63.2,10.5,26.3],[3,351,18,11,3,4,61.1,16.7,22.2],[4,251,18,11,1,6,61.1,5.6,33.3],[5,197,19,10,3,6,52.6,15.8,31.6],[6,263,18,9,3,6,50,16.7,33.3],[7,266,18,9,3,6,50,16.7,33.3],[8,208,18,9,1,8,50,5.6,44.4],[9,205,18,8,6,4,44.4,33.3,22.2],[10,333,19,8,6,5,42.1,31.6,26.3],[11,216,19,8,4,7,42.1,21.1,36.8],[12,2105,18,8,3,7,44.4,16.7,38.9],[13,211,19,8,3,8,42.1,15.8,42.1],[14,362,18,8,1,9,44.4,5.6,50],[15,259,19,7,5,7,36.8,26.3,36.8],[16,4957,19,7,1,11,36.8,5.3,57.9],[17,267,19,6,8,5,31.6,42.1,26.3],[18,271,19,5,9,5,26.3,47.4,26.3],[19,2104,18,5,5,8,27.8,27.8,44.4],[20,194,18,4,7,7,22.2,38.9,38.9]];
var addUp = [328,43.2,4,0.5,428,56.3,[57.9,194],[76.3,362],[63.2,194],[78.9,267],[68.4,205],[78.9,362]];
var addUpHalf = [337,44.9,159,21.2,254,33.9,[57.9,245],[54.1,362],[73.7,194],[57.9,362],[68.4,245],[57.9,4957]];
var lastUpdateTime = '2025-01-22 10:15:00';
