var arrLeague = [34,'意大利甲组联赛','意大利甲組聯賽','Italian Serie A','2017-2018','#0088FF','league_match/images/166674813339.png','意甲','意甲','ITA D1'];
var arrTeam = [[150,'AC米兰','AC米蘭','AC Milan','','images/164868995643.png',0],[152,'国际米兰','國際米蘭','Inter Milan','','images/152/1jgj8z3paw1g.png',0],[154,'亚特兰大','阿特蘭大','Atalanta','','images/164868998143.png',0],[166,'尤文图斯','祖雲達斯','Juventus','','images/166/1grmmxq1wa2k.png',0],[174,'罗马','羅馬','AS Roma','','images/164869002671.png',0],[176,'佛罗伦萨','費倫天拿','Fiorentina','','images/176/1hxqrpz41w1v.png',0],[179,'桑普多利亚','森多利亞','Sampdoria','','images/164869048578.png',0],[182,'拉齐奥','拉素','Lazio','','images/164869050583.png',0],[183,'卡利亚里','卡利亞里','Cagliari','','images/164869052873.png',0],[185,'博洛尼亚','博洛尼亞','Bologna','','images/16486905420.png',0],[187,'乌迪内斯','烏甸尼斯','Udinese','','images/164869056546.png',0],[195,'切沃','切禾','Chievo','','images/195/1j77p47z2ac.png',0],[552,'热那亚','熱拿亞','Genoa','','images/164869068648.png',0],[554,'克罗托内','克羅托內','Crotone','','images/554/1j50e7cj7q1x.png',0],[558,'都灵','拖連奴','Torino','','images/164869071877.png',0],[559,'维罗纳','維羅納','Verona','','images/164869073462.png',0],[1408,'史帕尔','史帕爾','Spal','','images/20190824215014.jpg',0],[1419,'那不勒斯','拿玻里','Napoli','','images/1419/1j9ah1053g16.png',0],[1420,'贝内文托','賓尼雲圖','Benevento','','images/2013121234707.jpg',0],[2960,'萨索洛','莎索羅','Sassuolo','','images/164869078921.png',0]];
var TotalBs = [[1,182,38,25,3,10,65.8,7.9,26.3],[2,179,38,23,1,14,60.5,2.6,36.8],[3,187,38,21,1,16,55.3,2.6,42.1],[4,559,40,21,3,16,52.5,7.5,40],[5,1420,38,20,2,16,52.6,5.3,42.1],[6,185,38,19,1,18,50,2.6,47.4],[7,558,38,18,3,17,47.4,7.9,44.7],[8,176,38,18,1,19,47.4,2.6,50],[9,554,38,18,0,20,47.4,0,52.6],[10,195,38,17,2,19,44.7,5.3,50],[11,1419,39,17,2,20,43.6,5.1,51.3],[12,183,38,16,2,20,42.1,5.3,52.6],[13,166,38,16,2,20,42.1,5.3,52.6],[14,150,38,16,1,21,42.1,2.6,55.3],[15,154,38,16,1,21,42.1,2.6,55.3],[16,1408,38,16,0,22,42.1,0,57.9],[17,2960,38,15,0,23,39.5,0,60.5],[18,152,38,14,3,21,36.8,7.9,55.3],[19,174,38,12,1,25,31.6,2.6,65.8],[20,552,38,11,1,26,28.9,2.6,68.4]];
var HomeBs = [[1,1420,19,13,1,5,68.4,5.3,26.3],[2,185,19,11,1,7,57.9,5.3,36.8],[3,559,19,10,1,8,52.6,5.3,42.1],[4,182,19,10,1,8,52.6,5.3,42.1],[5,187,19,10,0,9,52.6,0,47.4],[6,195,19,10,0,9,52.6,0,47.4],[7,183,19,10,0,9,52.6,0,47.4],[8,1419,19,9,1,9,47.4,5.3,47.4],[9,179,19,9,1,9,47.4,5.3,47.4],[10,558,19,8,1,10,42.1,5.3,52.6],[11,152,19,8,1,10,42.1,5.3,52.6],[12,176,19,8,1,10,42.1,5.3,52.6],[13,154,19,8,1,10,42.1,5.3,52.6],[14,174,19,8,1,10,42.1,5.3,52.6],[15,554,19,8,0,11,42.1,0,57.9],[16,1408,19,8,0,11,42.1,0,57.9],[17,166,19,7,2,10,36.8,10.5,52.6],[18,552,19,7,1,11,36.8,5.3,57.9],[19,150,19,6,1,12,31.6,5.3,63.2],[20,2960,19,5,0,14,26.3,0,73.7],[21,559,1,1,0,0,100,0,0],[22,559,1,1,0,0,100,0,0],[23,1419,0,0,0,0,0,0,0]];
var GuestBs = [[1,182,19,15,2,2,78.9,10.5,10.5],[2,179,19,14,0,5,73.7,0,26.3],[3,187,19,11,1,7,57.9,5.3,36.8],[4,558,19,10,2,7,52.6,10.5,36.8],[5,2960,19,10,0,9,52.6,0,47.4],[6,176,19,10,0,9,52.6,0,47.4],[7,554,19,10,0,9,52.6,0,47.4],[8,150,19,10,0,9,52.6,0,47.4],[9,559,19,9,2,8,47.4,10.5,42.1],[10,166,19,9,0,10,47.4,0,52.6],[11,154,19,8,0,11,42.1,0,57.9],[12,1408,19,8,0,11,42.1,0,57.9],[13,185,19,8,0,11,42.1,0,57.9],[14,195,19,7,2,10,36.8,10.5,52.6],[15,1420,19,7,1,11,36.8,5.3,57.9],[16,1419,19,7,1,11,36.8,5.3,57.9],[17,183,19,6,2,11,31.6,10.5,57.9],[18,152,19,6,2,11,31.6,10.5,57.9],[19,174,19,4,0,15,21.1,0,78.9],[20,552,19,4,0,15,21.1,0,78.9],[21,1419,1,1,0,0,100,0,0],[22,559,0,0,0,0,0,0,0],[23,559,0,0,0,0,0,0,0]];
var TotalBsHalf = [[1,182,38,22,2,14,57.9,5.3,36.8],[2,187,38,18,11,9,47.4,28.9,23.7],[3,559,40,17,7,16,42.5,17.5,40],[4,554,38,15,12,11,39.5,31.6,28.9],[5,185,38,15,8,15,39.5,21.1,39.5],[6,179,38,14,9,15,36.8,23.7,39.5],[7,176,38,14,6,18,36.8,15.8,47.4],[8,183,38,14,5,19,36.8,13.2,50],[9,195,38,14,4,20,36.8,10.5,52.6],[10,1419,38,14,1,23,36.8,2.6,60.5],[11,1420,38,13,5,20,34.2,13.2,52.6],[12,2960,38,12,8,18,31.6,21.1,47.4],[13,558,38,12,8,18,31.6,21.1,47.4],[14,150,38,12,8,18,31.6,21.1,47.4],[15,154,38,12,8,18,31.6,21.1,47.4],[16,166,38,10,8,20,26.3,21.1,52.6],[17,174,38,10,6,22,26.3,15.8,57.9],[18,152,38,10,4,24,26.3,10.5,63.2],[19,1408,38,9,11,18,23.7,28.9,47.4],[20,552,38,7,9,22,18.4,23.7,57.9]];
var HomeBsHalf = [[1,187,19,10,5,4,52.6,26.3,21.1],[2,185,19,9,6,4,47.4,31.6,21.1],[3,182,19,9,0,10,47.4,0,52.6],[4,1419,19,9,0,10,47.4,0,52.6],[5,554,19,7,8,4,36.8,42.1,21.1],[6,558,19,7,6,6,36.8,31.6,31.6],[7,195,19,7,2,10,36.8,10.5,52.6],[8,154,19,7,2,10,36.8,10.5,52.6],[9,183,19,7,2,10,36.8,10.5,52.6],[10,174,19,7,1,11,36.8,5.3,57.9],[11,559,19,6,4,9,31.6,21.1,47.4],[12,150,19,6,3,10,31.6,15.8,52.6],[13,1420,19,6,3,10,31.6,15.8,52.6],[14,179,19,6,3,10,31.6,15.8,52.6],[15,152,19,6,2,11,31.6,10.5,57.9],[16,552,19,5,5,9,26.3,26.3,47.4],[17,166,19,5,4,10,26.3,21.1,52.6],[18,176,19,5,2,12,26.3,10.5,63.2],[19,2960,19,4,5,10,21.1,26.3,52.6],[20,1408,19,3,7,9,15.8,36.8,47.4],[21,559,1,1,0,0,100,0,0],[22,559,1,1,0,0,100,0,0]];
var GuestBsHalf = [[1,182,19,13,2,4,68.4,10.5,21.1],[2,176,19,9,4,6,47.4,21.1,31.6],[3,559,19,9,3,7,47.4,15.8,36.8],[4,187,19,8,6,5,42.1,31.6,26.3],[5,179,19,8,6,5,42.1,31.6,26.3],[6,554,19,8,4,7,42.1,21.1,36.8],[7,2960,19,8,3,8,42.1,15.8,42.1],[8,183,19,7,3,9,36.8,15.8,47.4],[9,195,19,7,2,10,36.8,10.5,52.6],[10,1420,19,7,2,10,36.8,10.5,52.6],[11,150,19,6,5,8,31.6,26.3,42.1],[12,1408,19,6,4,9,31.6,21.1,47.4],[13,185,19,6,2,11,31.6,10.5,57.9],[14,154,19,5,6,8,26.3,31.6,42.1],[15,166,19,5,4,10,26.3,21.1,52.6],[16,558,19,5,2,12,26.3,10.5,63.2],[17,1419,19,5,1,13,26.3,5.3,68.4],[18,152,19,4,2,13,21.1,10.5,68.4],[19,174,19,3,5,11,15.8,26.3,57.9],[20,552,19,2,4,13,10.5,21.1,68.4],[21,559,0,0,0,0,0,0,0],[22,559,0,0,0,0,0,0,0]];
var addUp = [349,45.7,30,3.9,384,50.3,[65.8,182],[68.4,552],[100,559,559],[73.7,2960],[100,1419],[78.9,174,552]];
var addUpHalf = [264,34.6,140,18.4,358,47,[57.9,182],[63.2,152],[100,559,559],[63.2,176],[68.4,182],[68.4,1419,152,552]];
var lastUpdateTime = '2025-01-19 11:33:15';
