var arrLeague = [34,'意大利甲组联赛','意大利甲組聯賽','Italian Serie A','2014-2015','#0088FF','league_match/images/166674813339.png','意甲','意甲','ITA D1'];
var arrTeam = [[150,'AC米兰','AC米蘭','AC Milan','','images/164868995643.png',0],[152,'国际米兰','國際米蘭','Inter Milan','','images/152/1jgj8z3paw1g.png',0],[154,'亚特兰大','阿特蘭大','Atalanta','','images/164868998143.png',0],[166,'尤文图斯','祖雲達斯','Juventus','','images/166/1grmmxq1wa2k.png',0],[168,'巴勒莫','巴勒莫','Palermo','','images/1j90cfpf8r27.png',0],[174,'罗马','羅馬','AS Roma','','images/164869002671.png',0],[176,'佛罗伦萨','費倫天拿','Fiorentina','','images/176/1hxqrpz41w1v.png',0],[179,'桑普多利亚','森多利亞','Sampdoria','','images/164869048578.png',0],[182,'拉齐奥','拉素','Lazio','','images/164869050583.png',0],[183,'卡利亚里','卡利亞里','Cagliari','','images/164869052873.png',0],[187,'乌迪内斯','烏甸尼斯','Udinese','','images/164869056546.png',0],[189,'帕尔马','帕爾馬','Parma','','images/189/1j5f7yeztc1g.png',0],[195,'切沃','切禾','Chievo','','images/195/1j77p47z2ac.png',0],[515,'切塞纳','切辛納','Cesena','','images/515/1h6mrbjnhc11.png',0],[523,'恩波利','恩波里','Empoli','','images/164869059384.png',0],[552,'热那亚','熱拿亞','Genoa','','images/164869068648.png',0],[558,'都灵','拖連奴','Torino','','images/164869071877.png',0],[559,'维罗纳','維羅納','Verona','','images/164869073462.png',0],[1419,'那不勒斯','拿玻里','Napoli','','images/1419/1j9ah1053g16.png',0],[2960,'萨索洛','莎索羅','Sassuolo','','images/164869078921.png',0]];
var TotalBs = [[1,182,38,24,0,14,63.2,0,36.8],[2,183,38,23,0,15,60.5,0,39.5],[3,559,38,23,0,15,60.5,0,39.5],[4,1419,38,23,0,15,60.5,0,39.5],[5,168,38,21,1,16,55.3,2.6,42.1],[6,152,38,21,0,17,55.3,0,44.7],[7,2960,38,21,0,17,55.3,0,44.7],[8,515,38,20,0,18,52.6,0,47.4],[9,150,38,20,0,18,52.6,0,47.4],[10,176,38,19,1,18,50,2.6,47.4],[11,189,38,19,0,19,50,0,50],[12,552,38,19,0,19,50,0,50],[13,154,38,18,1,19,47.4,2.6,50],[14,558,38,17,0,21,44.7,0,55.3],[15,523,38,17,0,21,44.7,0,55.3],[16,187,38,16,1,21,42.1,2.6,55.3],[17,166,38,15,1,22,39.5,2.6,57.9],[18,174,38,13,2,23,34.2,5.3,60.5],[19,179,38,13,0,25,34.2,0,65.8],[20,195,38,10,1,27,26.3,2.6,71.1]];
var HomeBs = [[1,182,19,14,0,5,73.7,0,26.3],[2,183,19,14,0,5,73.7,0,26.3],[3,1419,19,14,0,5,73.7,0,26.3],[4,168,19,12,0,7,63.2,0,36.8],[5,154,19,12,0,7,63.2,0,36.8],[6,559,19,12,0,7,63.2,0,36.8],[7,152,19,11,0,8,57.9,0,42.1],[8,187,19,10,0,9,52.6,0,47.4],[9,523,19,10,0,9,52.6,0,47.4],[10,515,19,9,0,10,47.4,0,52.6],[11,2960,19,9,0,10,47.4,0,52.6],[12,189,19,8,0,11,42.1,0,57.9],[13,150,19,8,0,11,42.1,0,57.9],[14,166,19,7,1,11,36.8,5.3,57.9],[15,176,19,7,1,11,36.8,5.3,57.9],[16,552,19,7,0,12,36.8,0,63.2],[17,195,19,7,0,12,36.8,0,63.2],[18,174,19,5,2,12,26.3,10.5,63.2],[19,558,19,5,0,14,26.3,0,73.7],[20,179,19,5,0,14,26.3,0,73.7]];
var GuestBs = [[1,150,19,12,0,7,63.2,0,36.8],[2,176,19,12,0,7,63.2,0,36.8],[3,558,19,12,0,7,63.2,0,36.8],[4,2960,19,12,0,7,63.2,0,36.8],[5,552,19,12,0,7,63.2,0,36.8],[6,515,19,11,0,8,57.9,0,42.1],[7,189,19,11,0,8,57.9,0,42.1],[8,559,19,11,0,8,57.9,0,42.1],[9,152,19,10,0,9,52.6,0,47.4],[10,182,19,10,0,9,52.6,0,47.4],[11,168,19,9,1,9,47.4,5.3,47.4],[12,1419,19,9,0,10,47.4,0,52.6],[13,183,19,9,0,10,47.4,0,52.6],[14,179,19,8,0,11,42.1,0,57.9],[15,166,19,8,0,11,42.1,0,57.9],[16,174,19,8,0,11,42.1,0,57.9],[17,523,19,7,0,12,36.8,0,63.2],[18,154,19,6,1,12,31.6,5.3,63.2],[19,187,19,6,1,12,31.6,5.3,63.2],[20,195,19,3,1,15,15.8,5.3,78.9]];
var TotalBsHalf = [[1,168,37,24,6,7,64.9,16.2,18.9],[2,2960,38,22,5,11,57.9,13.2,28.9],[3,189,37,19,9,9,51.4,24.3,24.3],[4,183,38,18,13,7,47.4,34.2,18.4],[5,559,38,18,9,11,47.4,23.7,28.9],[6,552,37,16,14,7,43.2,37.8,18.9],[7,558,38,16,8,14,42.1,21.1,36.8],[8,154,38,16,6,16,42.1,15.8,42.1],[9,1419,38,15,11,12,39.5,28.9,31.6],[10,152,38,15,10,13,39.5,26.3,34.2],[11,515,37,15,9,13,40.5,24.3,35.1],[12,150,37,14,13,10,37.8,35.1,27],[13,523,37,14,10,13,37.8,27,35.1],[14,187,37,14,10,13,37.8,27,35.1],[15,182,37,13,15,9,35.1,40.5,24.3],[16,166,37,13,12,12,35.1,32.4,32.4],[17,176,38,13,12,13,34.2,31.6,34.2],[18,179,38,13,8,17,34.2,21.1,44.7],[19,195,37,13,5,19,35.1,13.5,51.4],[20,174,38,12,15,11,31.6,39.5,28.9]];
var HomeBsHalf = [[1,168,19,14,2,3,73.7,10.5,15.8],[2,2960,19,11,4,4,57.9,21.1,21.1],[3,154,19,11,1,7,57.9,5.3,36.8],[4,183,19,9,8,2,47.4,42.1,10.5],[5,523,19,9,2,8,47.4,10.5,42.1],[6,195,19,9,2,8,47.4,10.5,42.1],[7,182,19,8,9,2,42.1,47.4,10.5],[8,166,19,8,7,4,42.1,36.8,21.1],[9,552,19,8,6,5,42.1,31.6,26.3],[10,559,19,8,6,5,42.1,31.6,26.3],[11,1419,19,8,5,6,42.1,26.3,31.6],[12,515,19,8,4,7,42.1,21.1,36.8],[13,174,19,8,4,7,42.1,21.1,36.8],[14,152,19,7,5,7,36.8,26.3,36.8],[15,558,19,7,2,10,36.8,10.5,52.6],[16,189,19,6,6,7,31.6,31.6,36.8],[17,187,19,6,6,7,31.6,31.6,36.8],[18,179,19,5,6,8,26.3,31.6,42.1],[19,176,19,5,4,10,26.3,21.1,52.6],[20,150,19,4,11,4,21.1,57.9,21.1]];
var GuestBsHalf = [[1,189,18,13,3,2,72.2,16.7,11.1],[2,2960,19,11,1,7,57.9,5.3,36.8],[3,168,18,10,4,4,55.6,22.2,22.2],[4,150,18,10,2,6,55.6,11.1,33.3],[5,559,19,10,3,6,52.6,15.8,31.6],[6,558,19,9,6,4,47.4,31.6,21.1],[7,183,19,9,5,5,47.4,26.3,26.3],[8,552,18,8,8,2,44.4,44.4,11.1],[9,176,19,8,8,3,42.1,42.1,15.8],[10,152,19,8,5,6,42.1,26.3,31.6],[11,187,18,8,4,6,44.4,22.2,33.3],[12,179,19,8,2,9,42.1,10.5,47.4],[13,1419,19,7,6,6,36.8,31.6,31.6],[14,515,18,7,5,6,38.9,27.8,33.3],[15,523,18,5,8,5,27.8,44.4,27.8],[16,182,18,5,6,7,27.8,33.3,38.9],[17,166,18,5,5,8,27.8,27.8,44.4],[18,154,19,5,5,9,26.3,26.3,47.4],[19,174,19,4,11,4,21.1,57.9,21.1],[20,195,18,4,3,11,22.2,16.7,61.1]];
var addUp = [372,48.9,8,1.1,380,50,[63.2,182],[71.1,195],[73.7,182,183,1419],[73.7,558,179],[63.2,150,176,558,2960,552],[78.9,195]];
var addUpHalf = [313,41.7,200,26.7,237,31.6,[64.9,168],[51.4,195],[73.7,168],[52.6,558,176],[72.2,189],[61.1,195]];
var lastUpdateTime = '2025-01-20 09:02:31';
