var arrLeague = [22,'挪威超级联赛','挪威超級聯賽','Norwegian Tippeligaen','2018','#666666','league_match/images/20200420075346.jpg','挪超','挪超','NOR D1'];
var arrTeam = [[472,'博德闪耀','波杜基林特','Bodo Glimt','','images/472/1gq6j9e9em1s.png',0],[475,'斯塔贝克','史達比克','Stabaek','','images/475/1gq6j9e9y51x.png',0],[479,'奥德格伦兰','奧特格寧蘭','Odd Grenland','','images/479/1hw70bzw2q11.png',0],[485,'瓦勒伦加','華拿倫加','Valerenga','','images/485/1gxmbkap742v.png',0],[498,'布兰','白蘭恩','Brann','','images/498/1gxmbm1ncsv.png',0],[505,'莫尔德','莫迪','Molde','','images/505/1gxmbm1nc618.png',0],[507,'罗森博格','洛辛堡','Rosenborg','','images/507/1gxmbm1ncb32.png',0],[509,'利勒斯特罗姆','利尼史特朗','Lillestrom','','images/509/1gxmbm1nc124.png',0],[514,'特罗姆瑟','特羅素','Tromso IL','','images/514/1gxmbm1ncd32.png',0],[1282,'桑德菲杰','辛迪夫佐特','Sandefjord','','images/1282/1gqv25gza42a.png',0],[1284,'斯达','史達','Start Kristiansand','','images/1284/1gxmbp25v21r.png',0],[1285,'斯托姆加斯特','史卓加斯特','Stromsgodset','','images/1285/1gxmbm1ncn10.png',0],[2255,'萨普斯堡','薩普斯堡','Sarpsborg 08','','images/2255/1gxmbm1ncd2y.png',0],[2290,'兰黑姆','雲希姆','Ranheim IL','','images/2290/1gtqm3sxjk2v.png',0],[2822,'海于格松','侯格辛特','Haugesund','','images/2822/1gxmbm1nc6q.png',0],[4174,'克里斯蒂安松','基斯迪辛特','Kristiansund BK','','images/4174/1gxmbp26a81v.png',0]];
var TotalPanLu = [[1,2822,30,11,6,13,20,1,9,11,66.7,3.3,30],[2,4174,30,8,4,18,17,2,11,6,56.7,6.7,36.7],[3,505,30,21,6,3,16,5,9,7,53.3,16.7,30],[4,2290,30,5,6,19,16,1,13,3,53.3,3.3,43.3],[5,498,30,21,5,4,15,3,12,3,50,10,40],[6,507,30,28,2,0,15,2,13,2,50,6.7,43.3],[7,479,30,13,3,14,15,2,13,2,50,6.7,43.3],[8,1282,30,2,2,26,14,2,14,0,46.7,6.7,46.7],[9,472,30,12,2,16,14,1,15,-1,46.7,3.3,50],[10,2255,30,15,6,9,13,3,14,-1,43.3,10,46.7],[11,485,30,14,5,11,13,2,15,-2,43.3,6.7,50],[12,514,30,12,3,15,13,1,16,-3,43.3,3.3,53.3],[13,1284,30,6,6,18,12,0,18,-6,40,0,60],[14,509,30,12,4,14,10,4,16,-6,33.3,13.3,53.3],[15,1285,30,16,4,10,10,3,17,-7,33.3,10,56.7],[16,475,30,9,6,15,10,2,18,-8,33.3,6.7,60]];
var HomePanLu = [[1,2822,15,10,4,1,10,1,4,6,66.7,6.7,26.7],[2,479,15,12,1,2,9,1,5,4,60,6.7,33.3],[3,2290,15,5,6,4,9,1,5,4,60,6.7,33.3],[4,505,15,14,1,0,8,2,5,3,53.3,13.3,33.3],[5,4174,15,8,3,4,8,1,6,2,53.3,6.7,40],[6,485,15,12,2,1,7,1,7,0,46.7,6.7,46.7],[7,2255,15,14,0,1,7,0,8,-1,46.7,0,53.3],[8,1284,15,6,5,4,7,0,8,-1,46.7,0,53.3],[9,514,15,11,2,2,7,0,8,-1,46.7,0,53.3],[10,498,15,14,1,0,6,2,7,-1,40,13.3,46.7],[11,507,15,15,0,0,6,1,8,-2,40,6.7,53.3],[12,509,15,11,3,1,5,3,7,-2,33.3,20,46.7],[13,1282,15,2,2,11,5,2,8,-3,33.3,13.3,53.3],[14,475,15,9,3,3,5,1,9,-4,33.3,6.7,60],[15,472,15,11,1,3,5,1,9,-4,33.3,6.7,60],[16,1285,15,13,1,1,5,0,10,-5,33.3,0,66.7]];
var GuestPanLu = [[1,2822,15,1,2,12,10,0,5,5,66.7,0,33.3],[2,507,15,13,2,0,9,1,5,4,60,6.7,33.3],[3,4174,15,0,1,14,9,1,5,4,60,6.7,33.3],[4,498,15,7,4,4,9,1,5,4,60,6.7,33.3],[5,1282,15,0,0,15,9,0,6,3,60,0,40],[6,472,15,1,1,13,9,0,6,3,60,0,40],[7,505,15,7,5,3,8,3,4,4,53.3,20,26.7],[8,2290,15,0,0,15,7,0,8,-1,46.7,0,53.3],[9,2255,15,1,6,8,6,3,6,0,40,20,40],[10,485,15,2,3,10,6,1,8,-2,40,6.7,53.3],[11,514,15,1,1,13,6,1,8,-2,40,6.7,53.3],[12,479,15,1,2,12,6,1,8,-2,40,6.7,53.3],[13,1285,15,3,3,9,5,3,7,-2,33.3,20,46.7],[14,475,15,0,3,12,5,1,9,-4,33.3,6.7,60],[15,509,15,1,1,13,5,1,9,-4,33.3,6.7,60],[16,1284,15,0,1,14,5,0,10,-5,33.3,0,66.7]];
var TotalHalfPanLu = [[1,4174,30,3,12,15,17,6,7,10,56.7,20,23.3],[2,1282,30,1,7,22,17,4,9,8,56.7,13.3,30],[3,2290,30,3,11,16,16,2,12,4,53.3,6.7,40],[4,479,30,9,10,11,15,3,12,3,50,10,40],[5,505,30,19,8,3,15,3,12,3,50,10,40],[6,1284,30,1,11,18,14,5,11,3,46.7,16.7,36.7],[7,2822,30,11,10,9,14,2,14,0,46.7,6.7,46.7],[8,472,30,9,9,12,13,7,10,3,43.3,23.3,33.3],[9,509,30,8,13,9,13,5,12,1,43.3,16.7,40],[10,498,30,17,9,4,12,5,13,-1,40,16.7,43.3],[11,2255,30,13,10,7,12,4,14,-2,40,13.3,46.7],[12,507,30,24,6,0,12,3,15,-3,40,10,50],[13,475,30,4,13,13,11,9,10,1,36.7,30,33.3],[14,514,30,10,8,12,9,3,18,-9,30,10,60],[15,485,30,14,10,6,8,5,17,-9,26.7,16.7,56.7],[16,1285,30,15,11,4,8,2,20,-12,26.7,6.7,66.7]];
var HomeHalfPanLu = [[1,1282,15,1,7,7,8,4,3,5,53.3,26.7,20],[2,505,15,14,1,0,8,0,7,1,53.3,0,46.7],[3,2290,15,3,10,2,7,1,7,0,46.7,6.7,46.7],[4,507,15,15,0,0,7,0,8,-1,46.7,0,53.3],[5,498,15,14,1,0,7,0,8,-1,46.7,0,53.3],[6,1284,15,1,10,4,6,5,4,2,40,33.3,26.7],[7,4174,15,3,10,2,6,4,5,1,40,26.7,33.3],[8,472,15,9,4,2,6,3,6,0,40,20,40],[9,479,15,9,5,1,6,2,7,-1,40,13.3,46.7],[10,2822,15,10,4,1,6,0,9,-3,40,0,60],[11,2255,15,12,3,0,5,1,9,-4,33.3,6.7,60],[12,475,15,4,9,2,4,6,5,-1,26.7,40,33.3],[13,509,15,8,7,0,4,4,7,-3,26.7,26.7,46.7],[14,514,15,10,3,2,4,1,10,-6,26.7,6.7,66.7],[15,1285,15,13,2,0,4,0,11,-7,26.7,0,73.3],[16,485,15,12,3,0,3,3,9,-6,20,20,60]];
var GuestHalfPanLu = [[1,4174,15,0,2,13,11,2,2,9,73.3,13.3,13.3],[2,509,15,0,6,9,9,1,5,4,60,6.7,33.3],[3,2290,15,0,1,14,9,1,5,4,60,6.7,33.3],[4,479,15,0,5,10,9,1,5,4,60,6.7,33.3],[5,1282,15,0,0,15,9,0,6,3,60,0,40],[6,2822,15,1,6,8,8,2,5,3,53.3,13.3,33.3],[7,1284,15,0,1,14,8,0,7,1,53.3,0,46.7],[8,472,15,0,5,10,7,4,4,3,46.7,26.7,26.7],[9,475,15,0,4,11,7,3,5,2,46.7,20,33.3],[10,505,15,5,7,3,7,3,5,2,46.7,20,33.3],[11,2255,15,1,7,7,7,3,5,2,46.7,20,33.3],[12,498,15,3,8,4,5,5,5,0,33.3,33.3,33.3],[13,507,15,9,6,0,5,3,7,-2,33.3,20,46.7],[14,485,15,2,7,6,5,2,8,-3,33.3,13.3,53.3],[15,514,15,0,5,10,5,2,8,-3,33.3,13.3,53.3],[16,1285,15,2,9,4,4,2,9,-5,26.7,13.3,60]];
var addUp = [109,45.4,17,7.1,114,47.5,[66.7,2822],[60,1284,475],[66.7,2822],[66.7,1285],[66.7,2822],[66.7,1284],[16.7,505],[0,1284]];
var addUpHalf = [91,37.9,34,14.2,115,47.9,[56.7,4174,1282],[66.7,1285],[53.3,1282,505],[73.3,1285],[73.3,4174],[60,1285],[30,475],[6.7,2290,2822,1285]];
var lastUpdateTime = '2025-01-19 11:13:47';
