var arrLeague = [22,'挪威超级联赛','挪威超級聯賽','Norwegian Tippeligaen','2018','#666666','league_match/images/20200420075346.jpg','挪超','挪超','NOR D1'];
var arrTeam = [[472,'博德闪耀','波杜基林特','Bodo Glimt','','images/472/1gq6j9e9em1s.png',0],[475,'斯塔贝克','史達比克','Stabaek','','images/475/1gq6j9e9y51x.png',0],[479,'奥德格伦兰','奧特格寧蘭','Odd Grenland','','images/479/1hw70bzw2q11.png',0],[485,'瓦勒伦加','華拿倫加','Valerenga','','images/485/1gxmbkap742v.png',0],[498,'布兰','白蘭恩','Brann','','images/498/1gxmbm1ncsv.png',0],[505,'莫尔德','莫迪','Molde','','images/505/1gxmbm1nc618.png',0],[507,'罗森博格','洛辛堡','Rosenborg','','images/507/1gxmbm1ncb32.png',0],[509,'利勒斯特罗姆','利尼史特朗','Lillestrom','','images/509/1gxmbm1nc124.png',0],[514,'特罗姆瑟','特羅素','Tromso IL','','images/514/1gxmbm1ncd32.png',0],[1282,'桑德菲杰','辛迪夫佐特','Sandefjord','','images/1282/1gqv25gza42a.png',0],[1284,'斯达','史達','Start Kristiansand','','images/1284/1gxmbp25v21r.png',0],[1285,'斯托姆加斯特','史卓加斯特','Stromsgodset','','images/1285/1gxmbm1ncn10.png',0],[2255,'萨普斯堡','薩普斯堡','Sarpsborg 08','','images/2255/1gxmbm1ncd2y.png',0],[2290,'兰黑姆','雲希姆','Ranheim IL','','images/2290/1gtqm3sxjk2v.png',0],[2822,'海于格松','侯格辛特','Haugesund','','images/2822/1gxmbm1nc6q.png',0],[4174,'克里斯蒂安松','基斯迪辛特','Kristiansund BK','','images/4174/1gxmbp26a81v.png',0]];
var TotalBs = [[1,505,30,20,1,9,66.7,3.3,30],[2,514,30,20,1,9,66.7,3.3,30],[3,2290,30,18,1,11,60,3.3,36.7],[4,1285,30,18,0,12,60,0,40],[5,2255,30,18,0,12,60,0,40],[6,475,30,16,1,13,53.3,3.3,43.3],[7,479,30,16,0,14,53.3,0,46.7],[8,4174,30,16,0,14,53.3,0,46.7],[9,1284,30,15,0,15,50,0,50],[10,509,30,15,0,15,50,0,50],[11,485,30,14,2,14,46.7,6.7,46.7],[12,498,30,14,0,16,46.7,0,53.3],[13,2822,30,14,0,16,46.7,0,53.3],[14,1282,30,14,0,16,46.7,0,53.3],[15,507,30,12,2,16,40,6.7,53.3],[16,472,30,12,0,18,40,0,60]];
var HomeBs = [[1,514,15,12,0,3,80,0,20],[2,505,15,10,1,4,66.7,6.7,26.7],[3,2255,15,10,0,5,66.7,0,33.3],[4,2290,15,10,0,5,66.7,0,33.3],[5,479,15,9,0,6,60,0,40],[6,1285,15,9,0,6,60,0,40],[7,475,15,9,0,6,60,0,40],[8,485,15,8,1,6,53.3,6.7,40],[9,472,15,8,0,7,53.3,0,46.7],[10,507,15,7,2,6,46.7,13.3,40],[11,4174,15,7,0,8,46.7,0,53.3],[12,498,15,6,0,9,40,0,60],[13,2822,15,6,0,9,40,0,60],[14,1284,15,6,0,9,40,0,60],[15,1282,15,6,0,9,40,0,60],[16,509,15,3,0,12,20,0,80]];
var GuestBs = [[1,509,15,12,0,3,80,0,20],[2,505,15,10,0,5,66.7,0,33.3],[3,1284,15,9,0,6,60,0,40],[4,1285,15,9,0,6,60,0,40],[5,4174,15,9,0,6,60,0,40],[6,2290,15,8,1,6,53.3,6.7,40],[7,514,15,8,1,6,53.3,6.7,40],[8,1282,15,8,0,7,53.3,0,46.7],[9,2255,15,8,0,7,53.3,0,46.7],[10,2822,15,8,0,7,53.3,0,46.7],[11,498,15,8,0,7,53.3,0,46.7],[12,475,15,7,1,7,46.7,6.7,46.7],[13,479,15,7,0,8,46.7,0,53.3],[14,485,15,6,1,8,40,6.7,53.3],[15,507,15,5,0,10,33.3,0,66.7],[16,472,15,4,0,11,26.7,0,73.3]];
var TotalBsHalf = [[1,505,30,16,4,10,53.3,13.3,33.3],[2,514,30,14,5,11,46.7,16.7,36.7],[3,475,30,14,2,14,46.7,6.7,46.7],[4,1285,30,13,8,9,43.3,26.7,30],[5,2822,30,12,9,9,40,30,30],[6,1282,30,12,6,12,40,20,40],[7,472,30,12,2,16,40,6.7,53.3],[8,2255,30,11,10,9,36.7,33.3,30],[9,509,30,11,7,12,36.7,23.3,40],[10,2290,30,10,7,13,33.3,23.3,43.3],[11,498,30,10,6,14,33.3,20,46.7],[12,485,30,10,2,18,33.3,6.7,60],[13,1284,30,9,5,16,30,16.7,53.3],[14,4174,30,8,9,13,26.7,30,43.3],[15,479,30,7,9,14,23.3,30,46.7],[16,507,30,7,3,20,23.3,10,66.7]];
var HomeBsHalf = [[1,505,15,9,2,4,60,13.3,26.7],[2,514,15,8,3,4,53.3,20,26.7],[3,472,15,8,1,6,53.3,6.7,40],[4,2290,15,7,5,3,46.7,33.3,20],[5,475,15,7,1,7,46.7,6.7,46.7],[6,2822,15,6,6,3,40,40,20],[7,1285,15,6,3,6,40,20,40],[8,498,15,6,2,7,40,13.3,46.7],[9,2255,15,5,4,6,33.3,26.7,40],[10,1282,15,4,5,6,26.7,33.3,40],[11,479,15,4,3,8,26.7,20,53.3],[12,509,15,4,3,8,26.7,20,53.3],[13,1284,15,4,1,10,26.7,6.7,66.7],[14,485,15,4,0,11,26.7,0,73.3],[15,4174,15,3,8,4,20,53.3,26.7],[16,507,15,3,0,12,20,0,80]];
var GuestBsHalf = [[1,1282,15,8,1,6,53.3,6.7,40],[2,1285,15,7,5,3,46.7,33.3,20],[3,509,15,7,4,4,46.7,26.7,26.7],[4,505,15,7,2,6,46.7,13.3,40],[5,475,15,7,1,7,46.7,6.7,46.7],[6,2255,15,6,6,3,40,40,20],[7,2822,15,6,3,6,40,20,40],[8,514,15,6,2,7,40,13.3,46.7],[9,485,15,6,2,7,40,13.3,46.7],[10,1284,15,5,4,6,33.3,26.7,40],[11,4174,15,5,1,9,33.3,6.7,60],[12,498,15,4,4,7,26.7,26.7,46.7],[13,507,15,4,3,8,26.7,20,53.3],[14,472,15,4,1,10,26.7,6.7,66.7],[15,479,15,3,6,6,20,40,40],[16,2290,15,3,2,10,20,13.3,66.7]];
var addUp = [252,52.5,8,1.7,220,45.8,[66.7,505,514],[60,472],[80,514],[80,509],[80,509],[73.3,472]];
var addUpHalf = [176,36.7,94,19.6,210,43.8,[53.3,505],[66.7,507],[60,505],[80,507],[53.3,1282],[66.7,472,2290]];
var lastUpdateTime = '2025-01-19 11:13:56';
