var arrLeague = [25,'日本职业联赛J1','日本職業聯賽J1','J1 League','2019','#009900','league_match/images/20130413112735.jpg','日职联','日職聯','JPN D1'];
var arrTeam = [[181,'名古屋鲸八','名古屋八鯨','Nagoya Grampus','','images/181/1jbn72rjkc0.png',0],[184,'大分三神','大分三神','Oita Trinita','','images/184/1hr8p7294be.png',0],[188,'浦和红钻','浦和紅鑽','Urawa Red Diamonds','','images/188/1gtzcts2pj1a.png',0],[190,'鹿岛鹿角','鹿島鹿角','Kashima Antlers','','images/190/1gtzcts261m.png',0],[193,'大阪樱花','大阪櫻花','Cerezo Osaka','','images/193/1gtzcts26h14.png',0],[196,'横滨水手','橫濱水手','Yokohama Marinos','','images/196/1gtzcts26eq.png',0],[198,'磐田喜悦','磐田山葉','Jubilo Iwata','','images/198/1gtzcts2p16.png',0],[201,'FC东京','FC東京','FC Tokyo','','images/201/1gtzcts2ptm.png',0],[203,'神户胜利船','神戶勝利船','Vissel Kobe','','images/203/1gtzcts1qh1b.png',0],[204,'清水鼓动','清水心跳','Shimizu S-Pulse','','images/204/1gtzcts2p01p.png',0],[206,'广岛三箭','廣島三箭','Hiroshima Sanfrecce','','images/206/1gtzcts1qj1h.png',0],[207,'大阪钢巴','大阪飛腳','Gamba Osaka','','images/207/1gtzd3qtya20.png',0],[1612,'湘南海洋','湘南比馬','Shonan Bellmare','','images/1612/1gtzcts2pg27.png',0],[1989,'川崎前锋','川崎前鋒','Kawasaki Frontale','','images/1989/1gtzcts26x2r.png',0],[3164,'鸟栖沙岩','鳥栖沙岩','Sagan Tosu','','images/3164/1gtzcts2pxc.png',0],[3193,'仙台维加泰','仙台維加泰','Vegalta Sendai','','images/3193/1h53w49ppqd.png',0],[3195,'札幌冈萨多','札幌岡薩多','Consadole Sapporo','','images/3195/1gtzcts2ps14.png',0],[3196,'德岛漩涡','德島漩渦','Tokushima Vortis','','images/3196/1j4b53239f1r.png',0],[9030,'松本山雅','松本山雅','Matsumoto Yamaga FC','','images/2013320173011.jpg',0]];
var TotalBs = [[1,196,34,22,1,11,64.7,2.9,32.4],[2,203,34,20,3,11,58.8,8.8,32.4],[3,204,34,20,1,13,58.8,2.9,38.2],[4,207,34,20,0,14,58.8,0,41.2],[5,3195,34,17,2,15,50,5.9,44.1],[6,1989,34,17,1,16,50,2.9,47.1],[7,3164,34,16,2,16,47.1,5.9,47.1],[8,1612,35,16,2,17,45.7,5.7,48.6],[9,190,34,15,1,18,44.1,2.9,52.9],[10,3193,34,15,0,19,44.1,0,55.9],[11,181,34,14,3,17,41.2,8.8,50],[12,198,34,14,1,19,41.2,2.9,55.9],[13,188,34,14,0,20,41.2,0,58.8],[14,206,34,11,2,21,32.4,5.9,61.8],[15,201,34,11,1,22,32.4,2.9,64.7],[16,184,34,11,0,23,32.4,0,67.6],[17,193,34,10,5,19,29.4,14.7,55.9],[18,9030,34,7,1,26,20.6,2.9,76.5],[19,3196,1,0,0,1,0,0,100]];
var HomeBs = [[1,196,17,12,0,5,70.6,0,29.4],[2,203,17,11,0,6,64.7,0,35.3],[3,204,17,10,1,6,58.8,5.9,35.3],[4,3164,17,9,2,6,52.9,11.8,35.3],[5,3195,17,9,2,6,52.9,11.8,35.3],[6,190,17,9,1,7,52.9,5.9,41.2],[7,3193,17,9,0,8,52.9,0,47.1],[8,188,17,9,0,8,52.9,0,47.1],[9,1612,18,9,1,8,50,5.6,44.4],[10,198,17,8,0,9,47.1,0,52.9],[11,193,17,7,1,9,41.2,5.9,52.9],[12,201,17,7,0,10,41.2,0,58.8],[13,207,17,6,0,11,35.3,0,64.7],[14,181,17,5,2,10,29.4,11.8,58.8],[15,1989,17,5,1,11,29.4,5.9,64.7],[16,184,17,4,0,13,23.5,0,76.5],[17,206,17,3,1,13,17.6,5.9,76.5],[18,9030,17,3,1,13,17.6,5.9,76.5],[19,3196,0,0,0,0,0,0,0]];
var GuestBs = [[1,207,17,14,0,3,82.4,0,17.6],[2,1989,17,12,0,5,70.6,0,29.4],[3,196,17,10,1,6,58.8,5.9,35.3],[4,204,17,10,0,7,58.8,0,41.2],[5,203,17,9,3,5,52.9,17.6,29.4],[6,181,17,9,1,7,52.9,5.9,41.2],[7,206,17,8,1,8,47.1,5.9,47.1],[8,3195,17,8,0,9,47.1,0,52.9],[9,1612,17,7,1,9,41.2,5.9,52.9],[10,3164,17,7,0,10,41.2,0,58.8],[11,184,17,7,0,10,41.2,0,58.8],[12,198,17,6,1,10,35.3,5.9,58.8],[13,190,17,6,0,11,35.3,0,64.7],[14,3193,17,6,0,11,35.3,0,64.7],[15,188,17,5,0,12,29.4,0,70.6],[16,201,17,4,1,12,23.5,5.9,70.6],[17,9030,17,4,0,13,23.5,0,76.5],[18,193,17,3,4,10,17.6,23.5,58.8],[19,3196,1,0,0,1,0,0,100]];
var TotalBsHalf = [[1,1989,33,16,9,8,48.5,27.3,24.2],[2,3195,34,16,7,11,47.1,20.6,32.4],[3,207,34,16,5,13,47.1,14.7,38.2],[4,9030,34,15,5,14,44.1,14.7,41.2],[5,3164,34,15,2,17,44.1,5.9,50],[6,204,34,14,10,10,41.2,29.4,29.4],[7,3193,34,14,8,12,41.2,23.5,35.3],[8,203,34,13,11,10,38.2,32.4,29.4],[9,181,34,13,9,12,38.2,26.5,35.3],[10,190,34,13,8,13,38.2,23.5,38.2],[11,198,34,13,8,13,38.2,23.5,38.2],[12,1612,35,13,6,16,37.1,17.1,45.7],[13,196,34,11,10,13,32.4,29.4,38.2],[14,201,33,11,5,17,33.3,15.2,51.5],[15,188,34,10,9,15,29.4,26.5,44.1],[16,193,34,10,9,15,29.4,26.5,44.1],[17,184,34,9,8,17,26.5,23.5,50],[18,206,34,9,7,18,26.5,20.6,52.9],[19,3196,1,1,0,0,100,0,0]];
var HomeBsHalf = [[1,204,17,9,5,3,52.9,29.4,17.6],[2,198,17,9,3,5,52.9,17.6,29.4],[3,3193,17,8,4,5,47.1,23.5,29.4],[4,3195,17,8,4,5,47.1,23.5,29.4],[5,1612,18,8,4,6,44.4,22.2,33.3],[6,188,17,7,5,5,41.2,29.4,29.4],[7,3164,17,7,2,8,41.2,11.8,47.1],[8,9030,17,7,1,9,41.2,5.9,52.9],[9,190,17,6,5,6,35.3,29.4,35.3],[10,181,17,6,4,7,35.3,23.5,41.2],[11,201,17,6,2,9,35.3,11.8,52.9],[12,203,17,5,7,5,29.4,41.2,29.4],[13,1989,16,5,5,6,31.2,31.2,37.5],[14,193,17,5,5,7,29.4,29.4,41.2],[15,184,17,5,4,8,29.4,23.5,47.1],[16,196,17,5,3,9,29.4,17.6,52.9],[17,207,17,5,3,9,29.4,17.6,52.9],[18,206,17,5,2,10,29.4,11.8,58.8],[19,3196,0,0,0,0,0,0,0]];
var GuestBsHalf = [[1,1989,17,11,4,2,64.7,23.5,11.8],[2,207,17,11,2,4,64.7,11.8,23.5],[3,9030,17,8,4,5,47.1,23.5,29.4],[4,203,17,8,4,5,47.1,23.5,29.4],[5,3195,17,8,3,6,47.1,17.6,35.3],[6,3164,17,8,0,9,47.1,0,52.9],[7,181,17,7,5,5,41.2,29.4,29.4],[8,190,17,7,3,7,41.2,17.6,41.2],[9,196,17,6,7,4,35.3,41.2,23.5],[10,3193,17,6,4,7,35.3,23.5,41.2],[11,204,17,5,5,7,29.4,29.4,41.2],[12,193,17,5,4,8,29.4,23.5,47.1],[13,201,16,5,3,8,31.2,18.8,50],[14,1612,17,5,2,10,29.4,11.8,58.8],[15,206,17,4,5,8,23.5,29.4,47.1],[16,198,17,4,5,8,23.5,29.4,47.1],[17,184,17,4,4,9,23.5,23.5,52.9],[18,188,17,3,4,10,17.6,23.5,58.8],[19,3196,1,1,0,0,100,0,0]];
var addUp = [270,44,26,4.2,318,51.8,[64.7,196],[100,3196],[70.6,196],[76.5,184,206,9030],[82.4,207],[100,3196]];
var addUpHalf = [232,37.9,136,22.2,244,39.9,[100,3196],[52.9,206],[52.9,204,198],[58.8,206],[100,3196],[58.8,1612,188]];
var lastUpdateTime = '2025-01-19 09:38:06';
