var arrLeague = [9,'德国乙组联赛','德國乙組聯賽','German Bundesliga 2','2013-2014','#CA00CA','league_match/images/20181221085736.png','德乙','德乙','GER D2'];
var arrTeam = [[90,'比勒菲尔德','比勒費爾德','Arminia Bielefeld','','images/164870990786.png',0],[95,'波鸿','波琴','VfL Bochum','','images/164870992655.png',0],[160,'汉堡','漢堡','Hamburger SV','','images/2013119151640.jpg',0],[175,'凯泽斯劳滕','凱沙羅頓','Kaiserslautern','','images/201312095551.jpg',0],[403,'慕尼黑1860','慕尼黑1860','TSV 1860 Munchen','','images/201312095748.jpg',0],[425,'特雷斯登','特雷斯登','Dynamo Dresden','','images/2013120100028.jpg',0],[427,'科特布斯','科特布斯','Energie Cottbus','','images/20181012140346.png',0],[458,'菲尔特','格雷特霍夫','Greuther Furth','','images/16487115697.png',0],[461,'奥厄','奧厄','Erzgebirge Aue','','images/20180921190117.jpg',0],[487,'卡尔斯鲁厄','卡斯魯厄','Karlsruher SC','','images/2013120111953.jpg',0],[490,'科隆','科隆','FC Koln','','images/164871158236.png',0],[1080,'达姆施塔特','達斯泰特','Darmstadt','','images/2013120114115.jpg',0],[1085,'圣保利','聖保利','St. Pauli','','images/20180921185751.jpg',0],[1087,'柏林联合','柏林聯','Union Berlin','','images/164871161365.png',0],[1133,'亚伦','艾阿倫','Vfr Aalen','','images/2013120103747.jpg',0],[1344,'杜塞尔多夫','杜斯多夫','Fortuna Dusseldorf','','images/201312093635.jpg',0],[1720,'帕德博恩','柏德博恩','SC Paderborn 07','','images/20180921192806.jpg',0],[2786,'因戈尔施塔特','恩高斯達特','Ingolstadt','','images/2013120104003.jpg',0],[4449,'桑德豪森','辛特侯遜','SV Sandhausen','','images/2013120104323.jpg',0],[6021,'FSV法兰克福','FSV法蘭克福','FSV Frankfurt','','images/2013120104456.jpg',0]];
var TotalBs = [[1,1720,34,21,1,12,61.8,2.9,35.3],[2,175,34,21,0,13,61.8,0,38.2],[3,1085,34,20,0,14,58.8,0,41.2],[4,6021,34,20,0,14,58.8,0,41.2],[5,1087,34,19,0,15,55.9,0,44.1],[6,427,34,19,0,15,55.9,0,44.1],[7,461,34,19,0,15,55.9,0,44.1],[8,90,36,19,0,17,52.8,0,47.2],[9,458,36,18,0,18,50,0,50],[10,403,34,17,0,17,50,0,50],[11,425,34,16,0,18,47.1,0,52.9],[12,1344,34,16,0,18,47.1,0,52.9],[13,487,34,15,0,19,44.1,0,55.9],[14,1133,34,14,1,19,41.2,2.9,55.9],[15,95,34,13,0,21,38.2,0,61.8],[16,490,34,12,0,22,35.3,0,64.7],[17,4449,34,11,0,23,32.4,0,67.6],[18,2786,34,10,0,24,29.4,0,70.6],[19,1080,2,2,0,0,100,0,0],[20,160,2,0,0,2,0,0,100]];
var HomeBs = [[1,175,17,12,0,5,70.6,0,29.4],[2,487,17,11,0,6,64.7,0,35.3],[3,427,17,10,0,7,58.8,0,41.2],[4,1085,17,10,0,7,58.8,0,41.2],[5,6021,17,9,0,8,52.9,0,47.1],[6,461,17,9,0,8,52.9,0,47.1],[7,1720,17,8,1,8,47.1,5.9,47.1],[8,1087,17,8,0,9,47.1,0,52.9],[9,403,17,8,0,9,47.1,0,52.9],[10,425,17,8,0,9,47.1,0,52.9],[11,95,17,8,0,9,47.1,0,52.9],[12,90,18,8,0,10,44.4,0,55.6],[13,458,18,8,0,10,44.4,0,55.6],[14,1133,17,7,0,10,41.2,0,58.8],[15,1344,17,7,0,10,41.2,0,58.8],[16,2786,17,7,0,10,41.2,0,58.8],[17,4449,17,6,0,11,35.3,0,64.7],[18,490,17,6,0,11,35.3,0,64.7],[19,1080,1,1,0,0,100,0,0],[20,160,1,0,0,1,0,0,100]];
var GuestBs = [[1,1720,17,13,0,4,76.5,0,23.5],[2,1087,17,11,0,6,64.7,0,35.3],[3,6021,17,11,0,6,64.7,0,35.3],[4,90,18,11,0,7,61.1,0,38.9],[5,461,17,10,0,7,58.8,0,41.2],[6,1085,17,10,0,7,58.8,0,41.2],[7,458,18,10,0,8,55.6,0,44.4],[8,427,17,9,0,8,52.9,0,47.1],[9,175,17,9,0,8,52.9,0,47.1],[10,403,17,9,0,8,52.9,0,47.1],[11,1344,17,9,0,8,52.9,0,47.1],[12,425,17,8,0,9,47.1,0,52.9],[13,1133,17,7,1,9,41.2,5.9,52.9],[14,490,17,6,0,11,35.3,0,64.7],[15,4449,17,5,0,12,29.4,0,70.6],[16,95,17,5,0,12,29.4,0,70.6],[17,487,17,4,0,13,23.5,0,76.5],[18,2786,17,3,0,14,17.6,0,82.4],[19,1080,1,1,0,0,100,0,0],[20,160,1,0,0,1,0,0,100]];
var TotalBsHalf = [[1,461,33,13,13,7,39.4,39.4,21.2],[2,427,33,13,10,10,39.4,30.3,30.3],[3,175,33,13,9,11,39.4,27.3,33.3],[4,2786,34,13,9,12,38.2,26.5,35.3],[5,425,34,13,7,14,38.2,20.6,41.2],[6,403,33,13,5,15,39.4,15.2,45.5],[7,458,36,12,16,8,33.3,44.4,22.2],[8,1344,34,12,11,11,35.3,32.4,32.4],[9,90,36,12,12,12,33.3,33.3,33.3],[10,487,33,12,6,15,36.4,18.2,45.5],[11,6021,34,11,14,9,32.4,41.2,26.5],[12,1720,34,11,13,10,32.4,38.2,29.4],[13,95,34,11,12,11,32.4,35.3,32.4],[14,1133,33,11,10,12,33.3,30.3,36.4],[15,1085,34,10,11,13,29.4,32.4,38.2],[16,1087,34,10,11,13,29.4,32.4,38.2],[17,4449,33,10,5,18,30.3,15.2,54.5],[18,490,33,8,9,16,24.2,27.3,48.5],[19,1080,1,1,0,0,100,0,0],[20,160,1,0,0,1,0,0,100]];
var HomeBsHalf = [[1,458,18,8,7,3,44.4,38.9,16.7],[2,427,17,8,4,5,47.1,23.5,29.4],[3,1344,17,7,6,4,41.2,35.3,23.5],[4,2786,17,7,6,4,41.2,35.3,23.5],[5,6021,17,7,6,4,41.2,35.3,23.5],[6,487,17,7,4,6,41.2,23.5,35.3],[7,95,17,7,3,7,41.2,17.6,41.2],[8,403,17,7,2,8,41.2,11.8,47.1],[9,425,17,7,2,8,41.2,11.8,47.1],[10,461,17,6,8,3,35.3,47.1,17.6],[11,175,17,6,5,6,35.3,29.4,35.3],[12,4449,17,6,3,8,35.3,17.6,47.1],[13,1087,17,5,5,7,29.4,29.4,41.2],[14,1133,17,4,7,6,23.5,41.2,35.3],[15,490,17,4,5,8,23.5,29.4,47.1],[16,1720,17,3,9,5,17.6,52.9,29.4],[17,90,18,3,7,8,16.7,38.9,44.4],[18,1085,17,3,4,10,17.6,23.5,58.8],[19,1080,1,1,0,0,100,0,0],[20,160,1,0,0,1,0,0,100]];
var GuestBsHalf = [[1,90,18,9,5,4,50,27.8,22.2],[2,1720,17,8,4,5,47.1,23.5,29.4],[3,1085,17,7,7,3,41.2,41.2,17.6],[4,461,16,7,5,4,43.8,31.2,25],[5,175,16,7,4,5,43.8,25,31.2],[6,1133,16,7,3,6,43.8,18.8,37.5],[7,425,17,6,5,6,35.3,29.4,35.3],[8,403,16,6,3,7,37.5,18.8,43.8],[9,2786,17,6,3,8,35.3,17.6,47.1],[10,427,16,5,6,5,31.2,37.5,31.2],[11,1087,17,5,6,6,29.4,35.3,35.3],[12,1344,17,5,5,7,29.4,29.4,41.2],[13,487,16,5,2,9,31.2,12.5,56.2],[14,95,17,4,9,4,23.5,52.9,23.5],[15,458,18,4,9,5,22.2,50,27.8],[16,6021,17,4,8,5,23.5,47.1,29.4],[17,490,16,4,4,8,25,25,50],[18,4449,16,4,2,10,25,12.5,62.5],[19,160,0,0,0,0,0,0,0],[20,1080,0,0,0,0,0,0,0]];
var addUp = [302,48.7,2,0.3,316,51,[100,1080],[100,160],[100,1080],[100,160],[100,1080],[100,160]];
var addUpHalf = [209,34.3,183,30,218,35.7,[100,1080],[100,160],[100,1080],[100,160],[50,90],[62.5,4449]];
var lastUpdateTime = '2025-01-20 10:21:05';
