var arrLeague = [23,'葡萄牙超级联赛','葡萄牙超級聯賽','Liga Portugal 1','2018-2019','#006665','league_match/images/1j5w1nhx8v10.png','葡超','葡超','POR D1'];
var arrTeam = [[440,'塞图巴尔','塞圖巴爾','Vitoria Setubal','','images/440/1hg209ez7sa.png',0],[452,'马里迪莫','馬里迪莫','Maritimo','','images/165095610183.png',0],[457,'博阿维斯塔','博維斯塔','Boavista FC','','images/165095598511.png',0],[459,'布拉加','布拉加','Sporting Braga','','images/165095600132.png',0],[463,'本菲卡','賓菲加','Benfica','','images/165095593478.png',0],[466,'里斯本竞技','士砵亭','Sporting CP','','images/165095607959.png',0],[468,'波尔图','波圖','FC Porto','','images/165095597156.png',0],[476,'里奥阿维','里奧阿維','Rio Ave','','images/476/1hdajkkb221n.png',0],[924,'摩里伦斯','摩里倫斯','Moreirense','','images/165095611817.png',0],[926,'比兰尼塞斯','比蘭倫斯','Belenenses','','images/165095595094.png',0],[927,'吉马良斯','甘馬雷斯','Vitoria Guimaraes','','images/165095604742.png',0],[951,'葡萄牙国民','國民隊','Nacional da Madeira','','images/951/1gxsf273jh2z.png',0],[999,'查维斯','沙維斯','GD Chaves','','images/999/1j50e1skc91a.png',0],[1000,'艾维斯','艾維斯','Aves','','images/2013131163700.jpg',0],[1002,'圣克拉拉','辛達卡拉','Santa Clara','','images/1jfp59pdzy7.png',0],[1554,'朴迪莫伦斯','樸迪莫倫斯','Portimonense','','images/165095613598.png',0],[1555,'费伦斯','費倫斯','Feirense','','images/1555/1h6swyavgr1.png',0],[19599,'唐迪拉','唐迪拉','CD Tondela','','images/165095615051.png',0]];
var TotalBs = [[1,463,34,23,0,11,67.6,0,32.4],[2,466,34,20,2,12,58.8,5.9,35.3],[3,476,34,20,1,13,58.8,2.9,38.2],[4,951,34,20,0,14,58.8,0,41.2],[5,999,34,18,0,16,52.9,0,47.1],[6,1554,34,17,0,17,50,0,50],[7,19599,34,17,0,17,50,0,50],[8,468,34,16,2,16,47.1,5.9,47.1],[9,1002,34,16,0,18,47.1,0,52.9],[10,1555,34,15,2,17,44.1,5.9,50],[11,926,34,15,2,17,44.1,5.9,50],[12,1000,34,15,0,19,44.1,0,55.9],[13,924,34,15,0,19,44.1,0,55.9],[14,459,34,15,0,19,44.1,0,55.9],[15,440,34,12,0,22,35.3,0,64.7],[16,927,34,12,0,22,35.3,0,64.7],[17,457,34,11,2,21,32.4,5.9,61.8],[18,452,34,9,1,24,26.5,2.9,70.6]];
var HomeBs = [[1,463,17,13,0,4,76.5,0,23.5],[2,476,17,13,0,4,76.5,0,23.5],[3,466,17,9,2,6,52.9,11.8,35.3],[4,1555,17,9,1,7,52.9,5.9,41.2],[5,999,17,9,0,8,52.9,0,47.1],[6,926,17,9,0,8,52.9,0,47.1],[7,1000,17,9,0,8,52.9,0,47.1],[8,1002,17,9,0,8,52.9,0,47.1],[9,459,17,8,0,9,47.1,0,52.9],[10,1554,17,8,0,9,47.1,0,52.9],[11,19599,17,8,0,9,47.1,0,52.9],[12,468,17,7,2,8,41.2,11.8,47.1],[13,951,17,7,0,10,41.2,0,58.8],[14,924,17,6,0,11,35.3,0,64.7],[15,452,17,5,0,12,29.4,0,70.6],[16,927,17,5,0,12,29.4,0,70.6],[17,440,17,5,0,12,29.4,0,70.6],[18,457,17,4,1,12,23.5,5.9,70.6]];
var GuestBs = [[1,951,17,13,0,4,76.5,0,23.5],[2,466,17,11,0,6,64.7,0,35.3],[3,463,17,10,0,7,58.8,0,41.2],[4,19599,17,9,0,8,52.9,0,47.1],[5,468,17,9,0,8,52.9,0,47.1],[6,999,17,9,0,8,52.9,0,47.1],[7,1554,17,9,0,8,52.9,0,47.1],[8,924,17,9,0,8,52.9,0,47.1],[9,476,17,7,1,9,41.2,5.9,52.9],[10,457,17,7,1,9,41.2,5.9,52.9],[11,459,17,7,0,10,41.2,0,58.8],[12,1002,17,7,0,10,41.2,0,58.8],[13,927,17,7,0,10,41.2,0,58.8],[14,440,17,7,0,10,41.2,0,58.8],[15,926,17,6,2,9,35.3,11.8,52.9],[16,1555,17,6,1,10,35.3,5.9,58.8],[17,1000,17,6,0,11,35.3,0,64.7],[18,452,17,4,1,12,23.5,5.9,70.6]];
var TotalBsHalf = [[1,476,34,21,7,6,61.8,20.6,17.6],[2,463,34,19,6,9,55.9,17.6,26.5],[3,1000,34,19,3,12,55.9,8.8,35.3],[4,999,34,18,7,9,52.9,20.6,26.5],[5,1555,34,18,2,14,52.9,5.9,41.2],[6,19599,34,17,8,9,50,23.5,26.5],[7,924,34,17,5,12,50,14.7,35.3],[8,440,34,16,3,15,47.1,8.8,44.1],[9,457,34,16,3,15,47.1,8.8,44.1],[10,927,34,15,9,10,44.1,26.5,29.4],[11,951,34,15,8,11,44.1,23.5,32.4],[12,466,34,15,8,11,44.1,23.5,32.4],[13,1002,34,15,6,13,44.1,17.6,38.2],[14,468,34,15,3,16,44.1,8.8,47.1],[15,452,34,15,3,16,44.1,8.8,47.1],[16,1554,34,14,14,6,41.2,41.2,17.6],[17,459,34,13,9,12,38.2,26.5,35.3],[18,926,34,12,6,16,35.3,17.6,47.1]];
var HomeBsHalf = [[1,1000,17,11,1,5,64.7,5.9,29.4],[2,999,17,10,3,4,58.8,17.6,23.5],[3,1555,17,10,1,6,58.8,5.9,35.3],[4,476,17,9,5,3,52.9,29.4,17.6],[5,19599,17,9,4,4,52.9,23.5,23.5],[6,926,17,9,4,4,52.9,23.5,23.5],[7,1002,17,9,2,6,52.9,11.8,35.3],[8,463,17,9,0,8,52.9,0,47.1],[9,468,17,9,0,8,52.9,0,47.1],[10,466,17,8,3,6,47.1,17.6,35.3],[11,440,17,8,2,7,47.1,11.8,41.2],[12,459,17,7,5,5,41.2,29.4,29.4],[13,452,17,7,3,7,41.2,17.6,41.2],[14,457,17,7,2,8,41.2,11.8,47.1],[15,1554,17,6,9,2,35.3,52.9,11.8],[16,927,17,6,4,7,35.3,23.5,41.2],[17,924,17,6,3,8,35.3,17.6,47.1],[18,951,17,5,4,8,29.4,23.5,47.1]];
var GuestBsHalf = [[1,476,17,12,2,3,70.6,11.8,17.6],[2,924,17,11,2,4,64.7,11.8,23.5],[3,463,17,10,6,1,58.8,35.3,5.9],[4,951,17,10,4,3,58.8,23.5,17.6],[5,927,17,9,5,3,52.9,29.4,17.6],[6,457,17,9,1,7,52.9,5.9,41.2],[7,1554,17,8,5,4,47.1,29.4,23.5],[8,19599,17,8,4,5,47.1,23.5,29.4],[9,999,17,8,4,5,47.1,23.5,29.4],[10,1000,17,8,2,7,47.1,11.8,41.2],[11,1555,17,8,1,8,47.1,5.9,47.1],[12,440,17,8,1,8,47.1,5.9,47.1],[13,452,17,8,0,9,47.1,0,52.9],[14,466,17,7,5,5,41.2,29.4,29.4],[15,459,17,6,4,7,35.3,23.5,41.2],[16,1002,17,6,4,7,35.3,23.5,41.2],[17,468,17,6,3,8,35.3,17.6,47.1],[18,926,17,3,2,12,17.6,11.8,70.6]];
var addUp = [286,46.7,12,2,314,51.3,[67.6,463],[70.6,452],[76.5,463,476],[70.6,452,927,440,457],[76.5,951],[70.6,452]];
var addUpHalf = [290,47.4,110,18,212,34.6,[61.8,476],[47.1,468,452,926],[64.7,1000],[47.1,463,468,457,924,951],[70.6,476],[70.6,926]];
var lastUpdateTime = '2025-01-19 10:39:32';
