var arrLeague = [36,'英格兰超级联赛','英格蘭超級聯賽','English Premier League','2013-2014','#FF3333','league_match/images/164577482086.png','英超','英超','ENG PR'];
var arrTeam = [[18,'西布罗姆维奇','西布朗','West Bromwich(WBA)','','images/164869092720.png',0],[19,'阿森纳','阿仙奴','Arsenal','','images/164577419697.png',0],[20,'阿斯顿维拉','阿士東維拉','Aston Villa','','images/1hzrbdqcqe1x.png',0],[24,'切尔西','車路士','Chelsea','','images/164577409120.png',0],[25,'利物浦','利物浦','Liverpool','','images/1j6np822z82a.png',0],[26,'曼彻斯特城','曼城','Manchester City','','images/164577478031.png',0],[27,'曼彻斯特联','曼聯','Manchester United','','images/164577479190.png',0],[28,'纽卡斯尔联','紐卡素','Newcastle United','','images/164577474623.png',0],[29,'富勒姆','富咸','Fulham','','images/16486909637.png',0],[30,'南安普敦','修咸頓','Southampton','','images/164577463784.png',0],[31,'埃弗顿','愛華頓','Everton','','images/164577449385.png',0],[33,'托特纳姆热刺','熱刺','Tottenham Hotspur','','images/1jdbdk17e62x.png',0],[34,'诺维奇','諾域治','Norwich City','','images/165900268751.png',0],[35,'水晶宫','水晶宮','Crystal Palace','','images/164577426766.png',0],[58,'斯托克城','史篤城','Stoke City','','images/58/1j2fnq1y362w.png',0],[62,'西汉姆联','韋斯咸','West Ham United','','images/164577453830.png',0],[64,'卡迪夫城','卡迪夫城','Cardiff City','','images/164869109335.png',0],[65,'桑德兰','新特蘭','Sunderland A.F.C','','images/165900273323.png',0],[384,'赫尔城','侯城','Hull City','','images/164869127959.png',0],[1194,'斯旺西','史雲斯','Swansea City','','images/16590027546.png',0]];
var TotalBs = [[1,29,38,26,0,12,68.4,0,31.6],[2,25,38,25,3,10,65.8,7.9,26.3],[3,26,38,23,0,15,60.5,0,39.5],[4,28,38,22,1,15,57.9,2.6,39.5],[5,27,38,21,0,17,55.3,0,44.7],[6,64,38,20,1,17,52.6,2.6,44.7],[7,1194,38,20,0,18,52.6,0,47.4],[8,65,38,19,1,18,50,2.6,47.4],[9,31,38,19,0,19,50,0,50],[10,19,38,19,0,19,50,0,50],[11,20,38,18,2,18,47.4,5.3,47.4],[12,33,38,18,1,19,47.4,2.6,50],[13,62,38,17,1,20,44.7,2.6,52.6],[14,58,38,17,0,21,44.7,0,55.3],[15,30,38,17,0,21,44.7,0,55.3],[16,18,38,16,0,22,42.1,0,57.9],[17,24,38,14,5,19,36.8,13.2,50],[18,34,38,14,0,24,36.8,0,63.2],[19,384,38,13,0,25,34.2,0,65.8],[20,35,38,10,1,27,26.3,2.6,71.1]];
var HomeBs = [[1,29,19,14,0,5,73.7,0,26.3],[2,26,19,13,0,6,68.4,0,31.6],[3,1194,19,13,0,6,68.4,0,31.6],[4,25,19,12,1,6,63.2,5.3,31.6],[5,31,19,12,0,7,63.2,0,36.8],[6,64,19,11,1,7,57.9,5.3,36.8],[7,28,19,11,0,8,57.9,0,42.1],[8,65,19,10,0,9,52.6,0,47.4],[9,62,19,9,1,9,47.4,5.3,47.4],[10,27,19,9,0,10,47.4,0,52.6],[11,30,19,9,0,10,47.4,0,52.6],[12,20,19,9,0,10,47.4,0,52.6],[13,24,19,8,4,7,42.1,21.1,36.8],[14,33,19,8,1,10,42.1,5.3,52.6],[15,18,19,7,0,12,36.8,0,63.2],[16,58,19,7,0,12,36.8,0,63.2],[17,19,19,7,0,12,36.8,0,63.2],[18,35,19,5,0,14,26.3,0,73.7],[19,384,19,5,0,14,26.3,0,73.7],[20,34,19,5,0,14,26.3,0,73.7]];
var GuestBs = [[1,25,19,13,2,4,68.4,10.5,21.1],[2,19,19,12,0,7,63.2,0,36.8],[3,27,19,12,0,7,63.2,0,36.8],[4,29,19,12,0,7,63.2,0,36.8],[5,28,19,11,1,7,57.9,5.3,36.8],[6,58,19,10,0,9,52.6,0,47.4],[7,26,19,10,0,9,52.6,0,47.4],[8,33,19,10,0,9,52.6,0,47.4],[9,20,19,9,2,8,47.4,10.5,42.1],[10,65,19,9,1,9,47.4,5.3,47.4],[11,18,19,9,0,10,47.4,0,52.6],[12,34,19,9,0,10,47.4,0,52.6],[13,64,19,9,0,10,47.4,0,52.6],[14,30,19,8,0,11,42.1,0,57.9],[15,384,19,8,0,11,42.1,0,57.9],[16,62,19,8,0,11,42.1,0,57.9],[17,31,19,7,0,12,36.8,0,63.2],[18,1194,19,7,0,12,36.8,0,63.2],[19,24,19,6,1,12,31.6,5.3,63.2],[20,35,19,5,1,13,26.3,5.3,68.4]];
var TotalBsHalf = [[1,25,38,24,4,10,63.2,10.5,26.3],[2,26,38,17,4,17,44.7,10.5,44.7],[3,65,38,15,13,10,39.5,34.2,26.3],[4,384,38,15,7,16,39.5,18.4,42.1],[5,28,37,14,11,12,37.8,29.7,32.4],[6,20,36,14,7,15,38.9,19.4,41.7],[7,62,37,14,8,15,37.8,21.6,40.5],[8,1194,37,14,8,15,37.8,21.6,40.5],[9,33,38,13,12,13,34.2,31.6,34.2],[10,30,38,13,11,14,34.2,28.9,36.8],[11,27,37,13,7,17,35.1,18.9,45.9],[12,29,38,13,5,20,34.2,13.2,52.6],[13,18,38,12,16,10,31.6,42.1,26.3],[14,58,37,12,12,13,32.4,32.4,35.1],[15,64,38,12,9,17,31.6,23.7,44.7],[16,19,37,12,8,17,32.4,21.6,45.9],[17,24,37,12,6,19,32.4,16.2,51.4],[18,35,37,11,8,18,29.7,21.6,48.6],[19,34,38,10,13,15,26.3,34.2,39.5],[20,31,37,10,10,17,27,27,45.9]];
var HomeBsHalf = [[1,25,19,11,2,6,57.9,10.5,31.6],[2,26,19,10,0,9,52.6,0,47.4],[3,65,19,9,6,4,47.4,31.6,21.1],[4,62,19,9,3,7,47.4,15.8,36.8],[5,24,19,9,2,8,47.4,10.5,42.1],[6,35,19,8,3,8,42.1,15.8,42.1],[7,29,19,8,2,9,42.1,10.5,47.4],[8,31,19,7,7,5,36.8,36.8,26.3],[9,33,19,7,6,6,36.8,31.6,31.6],[10,20,19,7,3,9,36.8,15.8,47.4],[11,30,19,6,7,6,31.6,36.8,31.6],[12,28,19,6,5,8,31.6,26.3,42.1],[13,384,19,6,5,8,31.6,26.3,42.1],[14,1194,19,6,5,8,31.6,26.3,42.1],[15,64,19,6,5,8,31.6,26.3,42.1],[16,58,19,5,7,7,26.3,36.8,36.8],[17,19,19,5,3,11,26.3,15.8,57.9],[18,18,19,4,12,3,21.1,63.2,15.8],[19,34,19,4,5,10,21.1,26.3,52.6],[20,27,19,3,2,14,15.8,10.5,73.7]];
var GuestBsHalf = [[1,25,19,13,2,4,68.4,10.5,21.1],[2,27,18,10,5,3,55.6,27.8,16.7],[3,384,19,9,2,8,47.4,10.5,42.1],[4,28,18,8,6,4,44.4,33.3,22.2],[5,18,19,8,4,7,42.1,21.1,36.8],[6,1194,18,8,3,7,44.4,16.7,38.9],[7,20,17,7,4,6,41.2,23.5,35.3],[8,58,18,7,5,6,38.9,27.8,33.3],[9,19,18,7,5,6,38.9,27.8,33.3],[10,30,19,7,4,8,36.8,21.1,42.1],[11,26,19,7,4,8,36.8,21.1,42.1],[12,34,19,6,8,5,31.6,42.1,26.3],[13,65,19,6,7,6,31.6,36.8,31.6],[14,33,19,6,6,7,31.6,31.6,36.8],[15,64,19,6,4,9,31.6,21.1,47.4],[16,62,18,5,5,8,27.8,27.8,44.4],[17,29,19,5,3,11,26.3,15.8,57.9],[18,35,18,3,5,10,16.7,27.8,55.6],[19,24,18,3,4,11,16.7,22.2,61.1],[20,31,18,3,3,12,16.7,16.7,66.7]];
var addUp = [368,48.4,16,2.1,376,49.5,[68.4,29],[71.1,35],[73.7,29],[73.7,35,384,34],[68.4,25],[68.4,35]];
var addUpHalf = [270,36,179,23.9,300,40.1,[63.2,25],[52.6,29],[57.9,25],[73.7,27],[68.4,25],[66.7,31]];
var lastUpdateTime = '2025-01-20 10:21:06';
