var arrLeague = [29,'苏格兰超级联赛','蘇格蘭超級聯賽','Scottish Premier League','2014-2015','#57A87B','league_match/images/1j5w1p9pmse.png','苏超','蘇超','SCO PR'];
var arrTeam = [[70,'凯尔特人','些路迪','Celtic FC','','images/165363471972.png',0],[71,'邓迪FC','登地','Dundee','','images/165363469577.png',0],[72,'邓迪联队','登地聯','Dundee United','','images/16536347072.png',0],[73,'阿伯丁','鴨巴甸','Aberdeen','','images/165363467632.png',0],[75,'马瑟韦尔','馬瑟韋爾','Motherwell','','images/165363477927.png',0],[78,'因弗内斯','恩華利斯','Inverness','','images/78/1gzmqd3vtg1f.png',0],[81,'基马诺克','基馬諾克','Kilmarnock','','images/81/1h5bjef76b13.png',0],[1366,'罗斯郡','羅斯郡','Ross County','','images/165363476324.png',0],[1460,'哈密尔顿','咸美頓','Hamilton Academical','','images/1460/1grmn0vykj1t.png',0],[1462,'帕尔蒂克','巴特里','Partick Thistle','','images/1462/1hxg39kyqr1p.png',0],[1463,'圣米伦','聖美倫','Saint Mirren','','images/165363479259.png',0],[1485,'圣约翰斯通','聖莊士東','Saint Johnstone','','images/165363480511.png',0]];
var TotalPanLu = [[1,73,38,33,0,5,22,1,15,7,57.9,2.6,39.5],[2,78,38,24,2,12,21,2,15,6,55.3,5.3,39.5],[3,1485,38,14,7,17,21,2,15,6,55.3,5.3,39.5],[4,1366,38,7,6,25,21,1,16,5,55.3,2.6,42.1],[5,71,38,10,7,21,20,2,16,4,52.6,5.3,42.1],[6,1462,38,13,5,20,19,1,18,1,50,2.6,47.4],[7,70,38,38,0,0,18,2,18,0,47.4,5.3,47.4],[8,72,38,25,2,11,17,1,20,-3,44.7,2.6,52.6],[9,1460,38,15,7,16,16,2,20,-4,42.1,5.3,52.6],[10,81,38,9,8,21,16,2,20,-4,42.1,5.3,52.6],[11,75,38,10,6,22,15,1,22,-7,39.5,2.6,57.9],[12,1463,38,3,4,31,12,3,23,-11,31.6,7.9,60.5]];
var HomePanLu = [[1,72,19,16,0,3,11,1,7,4,57.9,5.3,36.8],[2,1485,19,12,1,6,11,1,7,4,57.9,5.3,36.8],[3,70,19,19,0,0,10,1,8,2,52.6,5.3,42.1],[4,73,19,17,0,2,10,1,8,2,52.6,5.3,42.1],[5,78,19,15,0,4,10,1,8,2,52.6,5.3,42.1],[6,75,19,8,3,8,10,1,8,2,52.6,5.3,42.1],[7,1462,19,12,2,5,9,0,10,-1,47.4,0,52.6],[8,71,20,8,4,8,9,2,9,0,45,10,45],[9,1460,19,12,3,4,8,1,10,-2,42.1,5.3,52.6],[10,1366,19,6,5,8,8,0,11,-3,42.1,0,57.9],[11,81,18,7,5,6,7,0,11,-4,38.9,0,61.1],[12,1463,19,3,4,12,5,1,13,-8,26.3,5.3,68.4]];
var GuestPanLu = [[1,1366,19,1,1,17,13,1,5,8,68.4,5.3,26.3],[2,73,19,16,0,3,12,0,7,5,63.2,0,36.8],[3,71,18,2,3,13,11,0,7,4,61.1,0,38.9],[4,78,19,9,2,8,11,1,7,4,57.9,5.3,36.8],[5,1485,19,2,6,11,10,1,8,2,52.6,5.3,42.1],[6,1462,19,1,3,15,10,1,8,2,52.6,5.3,42.1],[7,81,20,2,3,15,9,2,9,0,45,10,45],[8,1460,19,3,4,12,8,1,10,-2,42.1,5.3,52.6],[9,70,19,19,0,0,8,1,10,-2,42.1,5.3,52.6],[10,1463,19,0,0,19,7,2,10,-3,36.8,10.5,52.6],[11,72,19,9,2,8,6,0,13,-7,31.6,0,68.4],[12,75,19,2,3,14,5,0,14,-9,26.3,0,73.7]];
var TotalHalfPanLu = [[1,73,38,25,5,4,21,2,15,6,55.3,5.3,39.5],[2,1460,38,9,15,9,20,8,10,10,52.6,21.1,26.3],[3,70,38,34,0,0,18,1,19,-1,47.4,2.6,50],[4,81,38,2,14,17,16,8,14,2,42.1,21.1,36.8],[5,1463,38,1,11,22,16,6,16,0,42.1,15.8,42.1],[6,1366,38,3,11,19,16,5,17,-1,42.1,13.2,44.7],[7,72,38,19,7,7,16,1,21,-5,42.1,2.6,55.3],[8,1462,38,8,15,11,15,9,14,1,39.5,23.7,36.8],[9,78,38,17,10,6,15,6,17,-2,39.5,15.8,44.7],[10,71,38,6,14,13,14,7,17,-3,36.8,18.4,44.7],[11,1485,38,9,15,9,13,10,15,-2,34.2,26.3,39.5],[12,75,38,4,9,20,13,7,18,-5,34.2,18.4,47.4]];
var HomeHalfPanLu = [[1,73,19,15,0,2,11,0,8,3,57.9,0,42.1],[2,70,19,18,0,0,10,1,8,2,52.6,5.3,42.1],[3,1460,19,8,6,2,9,2,8,1,47.4,10.5,42.1],[4,72,19,13,1,3,9,0,10,-1,47.4,0,52.6],[5,1485,19,8,6,3,7,4,8,-1,36.8,21.1,42.1],[6,1462,19,8,7,2,7,3,9,-2,36.8,15.8,47.4],[7,71,20,5,7,5,7,4,9,-2,35,20,45],[8,1463,19,1,8,7,6,5,8,-2,31.6,26.3,42.1],[9,1366,19,3,7,7,6,4,9,-3,31.6,21.1,47.4],[10,78,19,11,4,1,6,2,11,-5,31.6,10.5,57.9],[11,81,18,2,9,5,5,5,8,-3,27.8,27.8,44.4],[12,75,19,2,8,6,5,5,9,-4,26.3,26.3,47.4]];
var GuestHalfPanLu = [[1,1460,19,1,9,7,11,6,2,9,57.9,31.6,10.5],[2,81,20,0,5,12,11,3,6,5,55,15,30],[3,73,19,10,5,2,10,2,7,3,52.6,10.5,36.8],[4,1366,19,0,4,12,10,1,8,2,52.6,5.3,42.1],[5,1463,19,0,3,15,10,1,8,2,52.6,5.3,42.1],[6,78,19,6,6,5,9,4,6,3,47.4,21.1,31.6],[7,1462,19,0,8,9,8,6,5,3,42.1,31.6,26.3],[8,75,19,2,1,14,8,2,9,-1,42.1,10.5,47.4],[9,70,19,16,0,0,8,0,11,-3,42.1,0,57.9],[10,71,18,1,7,8,7,3,8,-1,38.9,16.7,44.4],[11,72,19,6,6,4,7,1,11,-4,36.8,5.3,57.9],[12,1485,19,1,9,6,6,6,7,-1,31.6,31.6,36.8]];
var addUp = [108,47.4,10,4.4,110,48.2,[57.9,73],[60.5,1463],[57.9,72,1485],[68.4,1463],[68.4,1366],[73.7,75],[7.9,1463],[2.6,73,1366,1462,72,75]];
var addUpHalf = [88,38.6,35,15.4,105,46.1,[55.3,73],[55.3,72],[57.9,73],[57.9,78],[57.9,1460],[57.9,70,72],[26.3,1485],[2.6,70,72]];
var lastUpdateTime = '2025-01-20 09:02:18';
