var arrLeague = [29,'苏格兰超级联赛','蘇格蘭超級聯賽','Scottish Premier League','2014-2015','#57A87B','league_match/images/1j5w1p9pmse.png','苏超','蘇超','SCO PR'];
var arrTeam = [[70,'凯尔特人','些路迪','Celtic FC','','images/165363471972.png',0],[71,'邓迪FC','登地','Dundee','','images/165363469577.png',0],[72,'邓迪联队','登地聯','Dundee United','','images/16536347072.png',0],[73,'阿伯丁','鴨巴甸','Aberdeen','','images/165363467632.png',0],[75,'马瑟韦尔','馬瑟韋爾','Motherwell','','images/165363477927.png',0],[78,'因弗内斯','恩華利斯','Inverness','','images/78/1gzmqd3vtg1f.png',0],[81,'基马诺克','基馬諾克','Kilmarnock','','images/81/1h5bjef76b13.png',0],[1366,'罗斯郡','羅斯郡','Ross County','','images/165363476324.png',0],[1460,'哈密尔顿','咸美頓','Hamilton Academical','','images/1460/1grmn0vykj1t.png',0],[1462,'帕尔蒂克','巴特里','Partick Thistle','','images/1462/1hxg39kyqr1p.png',0],[1463,'圣米伦','聖美倫','Saint Mirren','','images/165363479259.png',0],[1485,'圣约翰斯通','聖莊士東','Saint Johnstone','','images/165363480511.png',0]];
var TotalBs = [[1,1366,38,27,0,11,71.1,0,28.9],[2,1463,38,22,0,16,57.9,0,42.1],[3,72,38,21,2,15,55.3,5.3,39.5],[4,81,38,21,0,17,55.3,0,44.7],[5,1460,38,19,0,19,50,0,50],[6,75,38,19,0,19,50,0,50],[7,70,39,17,3,19,43.6,7.7,48.7],[8,73,38,17,0,21,44.7,0,55.3],[9,1462,38,16,1,21,42.1,2.6,55.3],[10,78,38,16,0,22,42.1,0,57.9],[11,71,38,16,0,22,42.1,0,57.9],[12,1485,38,10,0,28,26.3,0,73.7]];
var HomeBs = [[1,1366,19,13,0,6,68.4,0,31.6],[2,1462,19,11,1,7,57.9,5.3,36.8],[3,81,18,11,0,7,61.1,0,38.9],[4,73,19,10,0,9,52.6,0,47.4],[5,72,19,9,1,9,47.4,5.3,47.4],[6,70,19,9,1,9,47.4,5.3,47.4],[7,1463,19,9,0,10,47.4,0,52.6],[8,1460,19,9,0,10,47.4,0,52.6],[9,78,19,8,0,11,42.1,0,57.9],[10,75,19,7,0,12,36.8,0,63.2],[11,1485,19,7,0,12,36.8,0,63.2],[12,71,20,7,0,13,35,0,65]];
var GuestBs = [[1,1366,19,14,0,5,73.7,0,26.3],[2,1463,19,13,0,6,68.4,0,31.6],[3,72,19,12,1,6,63.2,5.3,31.6],[4,75,19,12,0,7,63.2,0,36.8],[5,1460,19,10,0,9,52.6,0,47.4],[6,81,20,10,0,10,50,0,50],[7,71,18,9,0,9,50,0,50],[8,78,19,8,0,11,42.1,0,57.9],[9,70,19,7,2,10,36.8,10.5,52.6],[10,73,19,7,0,12,36.8,0,63.2],[11,1462,19,5,0,14,26.3,0,73.7],[12,1485,19,3,0,16,15.8,0,84.2],[13,70,1,1,0,0,100,0,0]];
var TotalBsHalf = [[1,72,38,16,9,13,42.1,23.7,34.2],[2,81,38,14,9,15,36.8,23.7,39.5],[3,1462,37,13,10,14,35.1,27,37.8],[4,1460,38,13,9,16,34.2,23.7,42.1],[5,75,38,13,9,16,34.2,23.7,42.1],[6,71,37,11,14,12,29.7,37.8,32.4],[7,1485,37,10,13,14,27,35.1,37.8],[8,78,37,10,10,17,27,27,45.9],[9,70,38,10,4,24,26.3,10.5,63.2],[10,1366,37,9,18,10,24.3,48.6,27],[11,73,38,9,18,11,23.7,47.4,28.9],[12,1463,37,8,14,15,21.6,37.8,40.5]];
var HomeBsHalf = [[1,72,19,8,3,8,42.1,15.8,42.1],[2,1462,19,7,6,6,36.8,31.6,31.6],[3,1460,19,7,5,7,36.8,26.3,36.8],[4,75,19,7,5,7,36.8,26.3,36.8],[5,78,19,7,3,9,36.8,15.8,47.4],[6,70,19,6,2,11,31.6,10.5,57.9],[7,71,20,5,9,6,25,45,30],[8,81,18,5,6,7,27.8,33.3,38.9],[9,1485,19,5,7,7,26.3,36.8,36.8],[10,73,19,5,6,8,26.3,31.6,42.1],[11,1463,19,4,6,9,21.1,31.6,47.4],[12,1366,19,3,11,5,15.8,57.9,26.3]];
var GuestBsHalf = [[1,81,20,9,3,8,45,15,40],[2,72,19,8,6,5,42.1,31.6,26.3],[3,1366,18,6,7,5,33.3,38.9,27.8],[4,71,17,6,5,6,35.3,29.4,35.3],[5,1462,18,6,4,8,33.3,22.2,44.4],[6,1460,19,6,4,9,31.6,21.1,47.4],[7,75,19,6,4,9,31.6,21.1,47.4],[8,1485,18,5,6,7,27.8,33.3,38.9],[9,73,19,4,12,3,21.1,63.2,15.8],[10,1463,18,4,8,6,22.2,44.4,33.3],[11,70,19,4,2,13,21.1,10.5,68.4],[12,78,18,3,7,8,16.7,38.9,44.4]];
var addUp = [221,48.4,6,1.3,230,50.3,[71.1,1366],[73.7,1485],[68.4,1366],[65,71],[100,70],[84.2,1485]];
var addUpHalf = [136,30.2,137,30.4,177,39.3,[42.1,72],[63.2,70],[42.1,72],[57.9,70],[45,81],[68.4,70]];
var lastUpdateTime = '2025-01-20 09:02:31';
