var arrLeague = [11,'法国甲组联赛','法國甲組聯賽','France Ligue 1','2017-2018','#663333','league_match/images/1j5w0b66k318.png','法甲','法甲','FRA D1'];
var arrTeam = [[197,'摩纳哥','摩納哥','Monaco','','images/16487116696.png',0],[205,'里昂','里昂','Lyon','','images/164871170063.png',0],[208,'波尔多','波爾多','Bordeaux','','images/164871171447.png',0],[211,'马赛','馬賽','Marseille','','images/164871172839.png',0],[214,'梅斯','梅斯','Metz','','images/214/1h51a55zp72q.png',0],[216,'图卢兹','圖魯茲','Toulouse','','images/216/1j5hgyxgzaq.png',0],[251,'雷恩','雷恩','Rennes','','images/164871175839.png',0],[255,'圣埃蒂安','聖伊天','Saint Etienne','','images/16487117719.png',0],[257,'卡昂','卡昂','Caen','','images/257/1h71ky6nm3g.png',0],[259,'尼斯','奈斯','Nice','','images/164871179882.png',0],[260,'斯特拉斯堡','史特拉斯堡','Strasbourg','','images/164871181440.png',0],[263,'南特','南特','Nantes','','images/263/1h5bjb8w5p2j.png',0],[266,'里尔','利爾','Lille','','images/164871184077.png',0],[271,'巴黎圣日尔曼','巴黎聖日門','Paris Saint Germain (PSG)','','images/164871185439.png',0],[304,'昂热','昂熱','Angers','','images/304/1h71kxn41qn.png',0],[320,'第戎','迪安','Dijon','','images/320/1hkgstjs2x20.png',0],[351,'蒙彼利埃','蒙彼利埃','Montpellier','','images/164871193456.png',0],[362,'甘冈','吉英坎','Guingamp','','images/362/1h71kxn4hte.png',0],[366,'特鲁瓦','特魯瓦','Troyes','','images/164871194730.png',0],[382,'亚眠','阿美恩斯','Amiens','','images/382/1h71kxn41t2.png',0]];
var TotalBs = [[1,320,38,27,0,11,71.1,0,28.9],[2,266,38,23,2,13,60.5,5.3,34.2],[3,260,38,22,1,15,57.9,2.6,39.5],[4,197,38,21,4,13,55.3,10.5,34.2],[5,214,38,21,2,15,55.3,5.3,39.5],[6,211,38,21,0,17,55.3,0,44.7],[7,205,38,19,4,15,50,10.5,39.5],[8,255,38,19,2,17,50,5.3,44.7],[9,362,38,18,3,17,47.4,7.9,44.7],[10,259,38,18,1,19,47.4,2.6,50],[11,208,38,17,2,19,44.7,5.3,50],[12,251,38,16,3,19,42.1,7.9,50],[13,304,38,16,1,21,42.1,2.6,55.3],[14,366,38,16,1,21,42.1,2.6,55.3],[15,271,38,15,3,20,39.5,7.9,52.6],[16,216,38,15,2,21,39.5,5.3,55.3],[17,257,38,13,0,25,34.2,0,65.8],[18,263,38,12,3,23,31.6,7.9,60.5],[19,382,38,10,5,23,26.3,13.2,60.5],[20,351,38,9,1,28,23.7,2.6,73.7]];
var HomeBs = [[1,255,19,12,1,6,63.2,5.3,31.6],[2,320,19,12,0,7,63.2,0,36.8],[3,214,19,11,2,6,57.9,10.5,31.6],[4,260,19,11,1,7,57.9,5.3,36.8],[5,266,19,11,0,8,57.9,0,42.1],[6,211,19,11,0,8,57.9,0,42.1],[7,271,19,10,1,8,52.6,5.3,42.1],[8,197,19,9,3,7,47.4,15.8,36.8],[9,259,19,9,1,9,47.4,5.3,47.4],[10,362,19,9,1,9,47.4,5.3,47.4],[11,304,19,9,0,10,47.4,0,52.6],[12,208,19,9,0,10,47.4,0,52.6],[13,382,19,8,3,8,42.1,15.8,42.1],[14,251,19,8,1,10,42.1,5.3,52.6],[15,216,19,7,2,10,36.8,10.5,52.6],[16,366,19,6,1,12,31.6,5.3,63.2],[17,351,19,6,0,13,31.6,0,68.4],[18,257,19,6,0,13,31.6,0,68.4],[19,205,19,5,3,11,26.3,15.8,57.9],[20,263,19,5,0,14,26.3,0,73.7]];
var GuestBs = [[1,320,19,15,0,4,78.9,0,21.1],[2,205,19,14,1,4,73.7,5.3,21.1],[3,266,19,12,2,5,63.2,10.5,26.3],[4,197,19,12,1,6,63.2,5.3,31.6],[5,260,19,11,0,8,57.9,0,42.1],[6,214,19,10,0,9,52.6,0,47.4],[7,366,19,10,0,9,52.6,0,47.4],[8,211,19,10,0,9,52.6,0,47.4],[9,362,19,9,2,8,47.4,10.5,42.1],[10,259,19,9,0,10,47.4,0,52.6],[11,208,19,8,2,9,42.1,10.5,47.4],[12,251,19,8,2,9,42.1,10.5,47.4],[13,216,19,8,0,11,42.1,0,57.9],[14,263,19,7,3,9,36.8,15.8,47.4],[15,304,19,7,1,11,36.8,5.3,57.9],[16,255,19,7,1,11,36.8,5.3,57.9],[17,257,19,7,0,12,36.8,0,63.2],[18,271,19,5,2,12,26.3,10.5,63.2],[19,351,19,3,1,15,15.8,5.3,78.9],[20,382,19,2,2,15,10.5,10.5,78.9]];
var TotalBsHalf = [[1,255,38,22,4,12,57.9,10.5,31.6],[2,266,38,22,4,12,57.9,10.5,31.6],[3,216,38,22,2,14,57.9,5.3,36.8],[4,214,38,20,8,10,52.6,21.1,26.3],[5,304,38,20,6,12,52.6,15.8,31.6],[6,211,38,20,6,12,52.6,15.8,31.6],[7,197,38,20,1,17,52.6,2.6,44.7],[8,320,39,19,11,9,48.7,28.2,23.1],[9,208,38,19,6,13,50,15.8,34.2],[10,382,38,19,3,16,50,7.9,42.1],[11,259,38,18,8,12,47.4,21.1,31.6],[12,251,38,18,6,14,47.4,15.8,36.8],[13,271,38,18,0,20,47.4,0,52.6],[14,263,38,17,6,15,44.7,15.8,39.5],[15,205,38,17,4,17,44.7,10.5,44.7],[16,362,38,16,6,16,42.1,15.8,42.1],[17,351,38,15,7,16,39.5,18.4,42.1],[18,260,38,14,10,14,36.8,26.3,36.8],[19,366,38,14,7,17,36.8,18.4,44.7],[20,257,38,12,7,19,31.6,18.4,50]];
var HomeBsHalf = [[1,255,19,16,2,1,84.2,10.5,5.3],[2,214,19,12,3,4,63.2,15.8,21.1],[3,304,19,11,2,6,57.9,10.5,31.6],[4,271,19,11,0,8,57.9,0,42.1],[5,260,19,10,3,6,52.6,15.8,31.6],[6,382,19,10,2,7,52.6,10.5,36.8],[7,259,19,9,6,4,47.4,31.6,21.1],[8,263,19,9,3,7,47.4,15.8,36.8],[9,266,19,9,2,8,47.4,10.5,42.1],[10,216,19,9,2,8,47.4,10.5,42.1],[11,211,19,9,2,8,47.4,10.5,42.1],[12,320,19,8,6,5,42.1,31.6,26.3],[13,351,19,8,4,7,42.1,21.1,36.8],[14,362,19,8,2,9,42.1,10.5,47.4],[15,205,19,8,1,10,42.1,5.3,52.6],[16,251,19,7,5,7,36.8,26.3,36.8],[17,257,19,7,4,8,36.8,21.1,42.1],[18,366,19,7,2,10,36.8,10.5,52.6],[19,197,19,7,0,12,36.8,0,63.2],[20,208,19,6,5,8,31.6,26.3,42.1]];
var GuestBsHalf = [[1,266,19,13,2,4,68.4,10.5,21.1],[2,197,19,13,1,5,68.4,5.3,26.3],[3,208,19,13,1,5,68.4,5.3,26.3],[4,216,19,13,0,6,68.4,0,31.6],[5,320,19,11,5,3,57.9,26.3,15.8],[6,211,19,11,4,4,57.9,21.1,21.1],[7,251,19,11,1,7,57.9,5.3,36.8],[8,304,19,9,4,6,47.4,21.1,31.6],[9,205,19,9,3,7,47.4,15.8,36.8],[10,259,19,9,2,8,47.4,10.5,42.1],[11,382,19,9,1,9,47.4,5.3,47.4],[12,214,19,8,5,6,42.1,26.3,31.6],[13,362,19,8,4,7,42.1,21.1,36.8],[14,263,19,8,3,8,42.1,15.8,42.1],[15,366,19,7,5,7,36.8,26.3,36.8],[16,351,19,7,3,9,36.8,15.8,47.4],[17,271,19,7,0,12,36.8,0,63.2],[18,255,19,6,2,11,31.6,10.5,57.9],[19,257,19,5,3,11,26.3,15.8,57.9],[20,260,19,4,7,8,21.1,36.8,42.1],[21,320,1,0,0,1,0,0,100]];
var addUp = [348,45.8,40,5.3,372,48.9,[71.1,320],[73.7,351],[63.2,255,320],[73.7,263],[78.9,320],[78.9,351,382]];
var addUpHalf = [362,47.6,112,14.7,287,37.7,[57.9,255,266,216],[52.6,271],[84.2,255],[63.2,197],[68.4,266,197,208,216],[100,320]];
var lastUpdateTime = '2025-01-22 10:13:18';
