var arrLeague = [15,'南韩K联赛','南韓K聯賽','K League 1','2014','#0542b1','league_match/images/20190423203352.jpg','韩K联','韓K聯','KOR D1'];
var arrTeam = [[477,'城南FC','城南FC','Seongnam FC','','images/477/1gxsf6qkxc2j.png',0],[480,'蔚山HD','蔚山HD','Ulsan HD FC','','images/1jr576ev8wv.png',0],[481,'浦项制铁','浦項制鐵','Pohang Steelers','','images/481/1h1jgrf3gp0.png',0],[484,'全北现代','全北汽車','Jeonbuk Hyundai Motors','','images/484/1h1jgrf3gr2k.png',0],[494,'金泉尚武','金泉尚武','Gimcheon Sangmu FC','','images/494/1grzke26w41a.png',0],[497,'仁川联队','仁川聯','Incheon United','','images/497/1h6swyavg60.png',0],[499,'水原三星','水原三星','Suwon Samsung Bluewings','','images/499/1gxsf6qjy02n.png',0],[501,'釜山偶像','釜山偶像','Busan I Park','','images/501/1gxsf6qkd2e.png',0],[506,'全南天龙','全南天龍','Jeonnam Dragons','','images/506/1gxsf6qkd726.png',0],[741,'FC首尔','FC首爾','FC Seoul','','images/741/1gxsf6qjyq26.png',0],[4074,'庆南FC','慶南FC','Gyeongnam FC','','images/4074/1gxsf6qkdcq.png',0],[4075,'济州SK','濟州SK','Jeju SK FC','','images/1jr577tbbf8.png',0]];
var TotalPanLu = [[1,484,38,30,6,2,24,1,13,11,63.2,2.6,34.2],[2,499,38,19,10,9,21,1,16,5,55.3,2.6,42.1],[3,4075,38,16,6,16,20,2,16,4,52.6,5.3,42.1],[4,506,38,11,5,22,19,2,17,2,50,5.3,44.7],[5,4074,38,7,5,26,18,4,16,2,47.4,10.5,42.1],[6,741,38,24,5,9,18,3,17,1,47.4,7.9,44.7],[7,501,38,10,4,24,17,1,20,-3,44.7,2.6,52.6],[8,494,38,3,6,29,16,3,19,-3,42.1,7.9,50],[9,480,38,22,4,12,16,2,20,-4,42.1,5.3,52.6],[10,481,38,29,5,4,16,1,21,-5,42.1,2.6,55.3],[11,497,38,10,6,22,15,4,19,-4,39.5,10.5,50],[12,477,38,12,8,18,12,8,18,-6,31.6,21.1,47.4]];
var HomePanLu = [[1,484,19,18,1,0,12,0,7,5,63.2,0,36.8],[2,506,20,9,4,7,11,2,7,4,55,10,35],[3,4075,19,13,2,4,10,0,9,1,52.6,0,47.4],[4,499,19,15,4,0,10,0,9,1,52.6,0,47.4],[5,481,19,19,0,0,9,1,9,0,47.4,5.3,47.4],[6,501,19,10,1,8,9,0,10,-1,47.4,0,52.6],[7,480,18,15,2,1,8,1,9,-1,44.4,5.6,50],[8,494,19,3,5,11,8,3,8,0,42.1,15.8,42.1],[9,4074,19,6,5,8,8,3,8,0,42.1,15.8,42.1],[10,497,19,10,4,5,7,2,10,-3,36.8,10.5,52.6],[11,477,19,11,4,4,6,3,10,-4,31.6,15.8,52.6],[12,741,19,16,3,0,6,1,12,-6,31.6,5.3,63.2]];
var GuestPanLu = [[1,741,19,8,2,9,12,2,5,7,63.2,10.5,26.3],[2,484,19,12,5,2,12,1,6,6,63.2,5.3,31.6],[3,499,19,4,6,9,11,1,7,4,57.9,5.3,36.8],[4,4075,19,3,4,12,10,2,7,3,52.6,10.5,36.8],[5,4074,19,1,0,18,10,1,8,2,52.6,5.3,42.1],[6,506,18,2,1,15,8,0,10,-2,44.4,0,55.6],[7,497,19,0,2,17,8,2,9,-1,42.1,10.5,47.4],[8,501,19,0,3,16,8,1,10,-2,42.1,5.3,52.6],[9,494,19,0,1,18,8,0,11,-3,42.1,0,57.9],[10,480,20,7,2,11,8,1,11,-3,40,5,55],[11,481,19,10,5,4,7,0,12,-5,36.8,0,63.2],[12,477,19,1,4,14,6,5,8,-2,31.6,26.3,42.1]];
var TotalHalfPanLu = [[1,501,38,2,7,4,20,9,9,11,52.6,23.7,23.7],[2,477,38,2,8,3,18,8,12,6,47.4,21.1,31.6],[3,4074,38,1,6,6,17,7,14,3,44.7,18.4,36.8],[4,484,38,8,5,0,17,6,15,2,44.7,15.8,39.5],[5,494,38,0,4,9,17,6,15,2,44.7,15.8,39.5],[6,4075,38,1,8,4,15,11,12,3,39.5,28.9,31.6],[7,499,38,4,7,2,15,11,12,3,39.5,28.9,31.6],[8,506,38,4,8,1,15,8,15,0,39.5,21.1,39.5],[9,497,38,2,4,7,12,11,15,-3,31.6,28.9,39.5],[10,480,38,4,5,4,11,10,17,-6,28.9,26.3,44.7],[11,741,38,7,4,2,10,9,19,-9,26.3,23.7,50],[12,481,38,8,4,1,9,8,21,-12,23.7,21.1,55.3]];
var HomeHalfPanLu = [[1,506,20,4,3,0,10,2,8,2,50,10,40],[2,501,19,2,5,0,9,6,4,5,47.4,31.6,21.1],[3,4074,19,0,5,1,8,7,4,4,42.1,36.8,21.1],[4,494,19,0,3,3,8,4,7,1,42.1,21.1,36.8],[5,484,19,6,1,0,8,0,11,-3,42.1,0,57.9],[6,480,18,4,1,0,6,4,8,-2,33.3,22.2,44.4],[7,497,19,2,3,2,6,7,6,0,31.6,36.8,31.6],[8,4075,19,1,5,1,6,7,6,0,31.6,36.8,31.6],[9,499,19,3,3,0,6,5,8,-2,31.6,26.3,42.1],[10,477,19,2,3,1,5,5,9,-4,26.3,26.3,47.4],[11,481,19,6,1,0,5,1,13,-8,26.3,5.3,68.4],[12,741,19,5,2,0,4,4,11,-7,21.1,21.1,57.9]];
var GuestHalfPanLu = [[1,477,19,0,5,2,13,3,3,10,68.4,15.8,15.8],[2,501,19,0,2,4,11,3,5,6,57.9,15.8,26.3],[3,484,19,2,4,0,9,6,4,5,47.4,31.6,21.1],[4,499,19,1,4,2,9,6,4,5,47.4,31.6,21.1],[5,4075,19,0,3,3,9,4,6,3,47.4,21.1,31.6],[6,494,19,0,1,6,9,2,8,1,47.4,10.5,42.1],[7,4074,19,1,1,5,9,0,10,-1,47.4,0,52.6],[8,741,19,2,2,2,6,5,8,-2,31.6,26.3,42.1],[9,497,19,0,1,5,6,4,9,-3,31.6,21.1,47.4],[10,506,18,0,5,1,5,6,7,-2,27.8,33.3,38.9],[11,480,20,0,4,4,5,6,9,-4,25,30,45],[12,481,19,2,3,1,4,7,8,-4,21.1,36.8,42.1]];
var addUp = [104,45.6,16,7,108,47.4,[63.2,484],[55.3,481],[63.2,484],[63.2,741],[63.2,741,484],[63.2,481],[21.1,477],[2.6,484,499,501,481]];
var addUpHalf = [81,35.5,52,22.8,95,41.7,[52.6,501],[55.3,481],[50,506],[68.4,481],[68.4,477],[52.6,4074],[28.9,4075,499,497],[15.8,484,494]];
var lastUpdateTime = '2026-04-07 16:54:18';
