var arrLeague = [15,'南韩K联赛','南韓K聯賽','K League 1','2014','#0542b1','league_match/images/20190423203352.jpg','韩K联','韓K聯','KOR D1'];
var arrTeam = [[477,'城南FC','城南FC','Seongnam FC','','images/477/1gxsf6qkxc2j.png',0],[480,'蔚山HD','蔚山HD','Ulsan HD FC','','images/1jr576ev8wv.png',0],[481,'浦项制铁','浦項制鐵','Pohang Steelers','','images/481/1h1jgrf3gp0.png',0],[484,'全北现代','全北汽車','Jeonbuk Hyundai Motors','','images/484/1h1jgrf3gr2k.png',0],[494,'金泉尚武','金泉尚武','Gimcheon Sangmu FC','','images/494/1grzke26w41a.png',0],[497,'仁川联队','仁川聯','Incheon United','','images/497/1h6swyavg60.png',0],[499,'水原三星','水原三星','Suwon Samsung Bluewings','','images/499/1gxsf6qjy02n.png',0],[501,'釜山偶像','釜山偶像','Busan I Park','','images/501/1gxsf6qkd2e.png',0],[506,'全南天龙','全南天龍','Jeonnam Dragons','','images/506/1gxsf6qkd726.png',0],[741,'FC首尔','FC首爾','FC Seoul','','images/741/1gxsf6qjyq26.png',0],[4074,'庆南FC','慶南FC','Gyeongnam FC','','images/4074/1gxsf6qkdcq.png',0],[4075,'济州SK','濟州SK','Jeju SK FC','','images/1jr577tbbf8.png',0]];
var TotalBs = [[1,481,38,20,0,18,52.6,0,47.4],[2,506,38,19,0,19,50,0,50],[3,494,38,18,0,20,47.4,0,52.6],[4,499,38,16,0,22,42.1,0,57.9],[5,480,38,16,0,22,42.1,0,57.9],[6,4074,38,14,2,22,36.8,5.3,57.9],[7,501,38,14,0,24,36.8,0,63.2],[8,497,38,13,2,23,34.2,5.3,60.5],[9,484,38,12,0,26,31.6,0,68.4],[10,741,38,12,0,26,31.6,0,68.4],[11,4075,38,11,0,27,28.9,0,71.1],[12,477,38,7,2,29,18.4,5.3,76.3]];
var HomeBs = [[1,506,20,12,0,8,60,0,40],[2,480,18,11,0,7,61.1,0,38.9],[3,481,19,10,0,9,52.6,0,47.4],[4,499,19,8,0,11,42.1,0,57.9],[5,494,19,7,0,12,36.8,0,63.2],[6,484,19,6,0,13,31.6,0,68.4],[7,501,19,6,0,13,31.6,0,68.4],[8,477,19,6,0,13,31.6,0,68.4],[9,4075,19,6,0,13,31.6,0,68.4],[10,497,19,5,2,12,26.3,10.5,63.2],[11,4074,19,5,1,13,26.3,5.3,68.4],[12,741,19,4,0,15,21.1,0,78.9]];
var GuestBs = [[1,494,19,11,0,8,57.9,0,42.1],[2,481,19,10,0,9,52.6,0,47.4],[3,4074,19,9,1,9,47.4,5.3,47.4],[4,497,19,8,0,11,42.1,0,57.9],[5,501,19,8,0,11,42.1,0,57.9],[6,741,19,8,0,11,42.1,0,57.9],[7,499,19,8,0,11,42.1,0,57.9],[8,506,18,7,0,11,38.9,0,61.1],[9,484,19,6,0,13,31.6,0,68.4],[10,4075,19,5,0,14,26.3,0,73.7],[11,480,20,5,0,15,25,0,75],[12,477,19,1,2,16,5.3,10.5,84.2]];
var TotalBsHalf = [[1,4075,38,16,5,17,42.1,13.2,44.7],[2,506,38,15,9,14,39.5,23.7,36.8],[3,484,38,15,7,16,39.5,18.4,42.1],[4,480,37,15,5,17,40.5,13.5,45.9],[5,497,37,15,4,18,40.5,10.8,48.6],[6,4074,37,15,3,19,40.5,8.1,51.4],[7,501,36,14,6,16,38.9,16.7,44.4],[8,477,38,14,3,21,36.8,7.9,55.3],[9,494,38,13,8,17,34.2,21.1,44.7],[10,499,37,13,5,19,35.1,13.5,51.4],[11,741,37,9,2,26,24.3,5.4,70.3],[12,481,38,8,11,19,21.1,28.9,50]];
var HomeBsHalf = [[1,480,18,9,3,6,50,16.7,33.3],[2,506,20,8,6,6,40,30,30],[3,484,19,8,3,8,42.1,15.8,42.1],[4,4075,19,8,1,10,42.1,5.3,52.6],[5,501,19,7,2,10,36.8,10.5,52.6],[6,477,19,7,2,10,36.8,10.5,52.6],[7,4074,19,7,1,11,36.8,5.3,57.9],[8,497,19,7,1,11,36.8,5.3,57.9],[9,494,19,6,4,9,31.6,21.1,47.4],[10,499,19,6,3,10,31.6,15.8,52.6],[11,741,19,6,1,12,31.6,5.3,63.2],[12,481,19,3,7,9,15.8,36.8,47.4]];
var GuestBsHalf = [[1,4075,19,8,4,7,42.1,21.1,36.8],[2,497,18,8,3,7,44.4,16.7,38.9],[3,4074,18,8,2,8,44.4,11.1,44.4],[4,501,17,7,4,6,41.2,23.5,35.3],[5,484,19,7,4,8,36.8,21.1,42.1],[6,494,19,7,4,8,36.8,21.1,42.1],[7,506,18,7,3,8,38.9,16.7,44.4],[8,499,18,7,2,9,38.9,11.1,50],[9,477,19,7,1,11,36.8,5.3,57.9],[10,480,19,6,2,11,31.6,10.5,57.9],[11,481,19,5,4,10,26.3,21.1,52.6],[12,741,18,3,1,14,16.7,5.6,77.8]];
var addUp = [172,37.7,6,1.3,278,61,[52.6,481],[76.3,477],[61.1,480],[78.9,741],[57.9,494],[84.2,477]];
var addUpHalf = [162,36.1,68,15.1,219,48.8,[42.1,4075],[70.3,741],[50,480],[63.2,741],[44.4,497,4074],[77.8,741]];
var lastUpdateTime = '2026-04-07 16:54:32';
