var arrLeague = [60,'中国超级联赛','中國超級聯賽','Chinese Super League','2015','#0066FF','league_match/images/166674992094.png','中超','中超','CHA CSL'];
var arrTeam = [[39,'上海申花','上海申花','Shanghai Shenhua','','images/39/1gy3vjsrhn1p.png',0],[40,'山东泰山','山東泰山','Shandong Taishan','','images/1kja2fh2n4b.png',0],[41,'辽宁沈阳宏运','遼寧宏運','Liaoning FC','','images/20180921121329.png',0],[43,'北京国安','北京國安','Beijing Guoan','','images/1jr565tbs5z.png',0],[83,'重庆两江竞技','重慶兩江競技','Chongqing Liangjiang Athletic','','images/20180921192706.png',0],[89,'天津津门虎','天津津門虎','Tianjin Tigers','','images/89/1gy3vkgfwn2t.png',0],[528,'长春亚泰','長春亞泰','Changchun Yatai','','images/1jr56ftb35z.png',0],[535,'广州队','廣州隊','Guangzhou FC','','images/535/1hy4p3apdsh.png',0],[541,'河南队','河南隊','Henan Football Club','','images/1kja29fa4f1x.png',0],[542,'浙江俱乐部绿城','浙江俱樂部綠城','Zhejiang Professional FC','','images/542/1h8qpaemwc10.png',0],[543,'江苏苏宁易购','江蘇蘇寧','Jiangsu Suning FC','','images/20180921195311.png',0],[3969,'北京人和','北京人和','Beijing Renhe','','images/20180921194257.png',0],[4050,'上海申鑫','上海申鑫','Shanghai Shenxin','','images/2013322175805.png',0],[7642,'上海海港','上海海港','Shanghai Port','','images/7642/1h8n2nv7tw23.png',0],[16668,'广州城','廣州城','Guangzhou City','','images/165371552931.png',0],[16967,'沧州雄狮','滄州雄獅','Cangzhou Mighty Lions','','images/16967/1gy3vkgfwb2g.png',0]];
var TotalPanLu = [[1,7642,30,25,1,4,19,0,11,8,63.3,0,36.7],[2,16967,30,11,3,16,18,1,11,7,60,3.3,36.7],[3,40,30,25,0,5,18,0,12,6,60,0,40],[4,542,30,9,3,18,17,1,12,5,56.7,3.3,40],[5,541,30,11,2,17,16,1,13,3,53.3,3.3,43.3],[6,528,30,11,0,19,16,0,14,2,53.3,0,46.7],[7,83,30,6,5,19,15,1,14,1,50,3.3,46.7],[8,43,30,27,1,2,15,0,15,0,50,0,50],[9,41,30,7,2,21,14,1,15,-1,46.7,3.3,50],[10,3969,30,10,1,19,14,1,15,-1,46.7,3.3,50],[11,39,30,13,1,16,14,0,16,-2,46.7,0,53.3],[12,89,30,11,2,17,13,0,17,-4,43.3,0,56.7],[13,543,30,9,7,14,11,5,14,-3,36.7,16.7,46.7],[14,535,30,29,1,0,11,3,16,-5,36.7,10,53.3],[15,4050,30,2,2,26,10,2,18,-8,33.3,6.7,60],[16,16668,30,17,3,10,10,2,18,-8,33.3,6.7,60]];
var HomePanLu = [[1,43,15,14,0,1,10,0,5,5,66.7,0,33.3],[2,16967,15,9,1,5,10,0,5,5,66.7,0,33.3],[3,39,15,11,0,4,9,0,6,3,60,0,40],[4,40,15,13,0,2,9,0,6,3,60,0,40],[5,7642,15,13,1,1,9,0,6,3,60,0,40],[6,542,15,8,2,5,8,0,7,1,53.3,0,46.7],[7,541,15,9,1,5,8,0,7,1,53.3,0,46.7],[8,83,15,6,3,6,8,0,7,1,53.3,0,46.7],[9,3969,15,9,1,5,7,1,7,0,46.7,6.7,46.7],[10,41,15,7,2,6,6,1,8,-2,40,6.7,53.3],[11,16668,15,11,0,4,6,1,8,-2,40,6.7,53.3],[12,528,15,10,0,5,6,0,9,-3,40,0,60],[13,89,15,9,1,5,6,0,9,-3,40,0,60],[14,543,15,8,3,4,5,5,5,0,33.3,33.3,33.3],[15,4050,15,2,2,11,5,1,9,-4,33.3,6.7,60],[16,535,15,15,0,0,4,0,11,-7,26.7,0,73.3]];
var GuestPanLu = [[1,7642,15,12,0,3,10,0,5,5,66.7,0,33.3],[2,528,15,1,0,14,10,0,5,5,66.7,0,33.3],[3,542,15,1,1,13,9,1,5,4,60,6.7,33.3],[4,40,15,12,0,3,9,0,6,3,60,0,40],[5,541,15,2,1,12,8,1,6,2,53.3,6.7,40],[6,16967,15,2,2,11,8,1,6,2,53.3,6.7,40],[7,41,15,0,0,15,8,0,7,1,53.3,0,46.7],[8,535,15,14,1,0,7,3,5,2,46.7,20,33.3],[9,83,15,0,2,13,7,1,7,0,46.7,6.7,46.7],[10,3969,15,1,0,14,7,0,8,-1,46.7,0,53.3],[11,89,15,2,1,12,7,0,8,-1,46.7,0,53.3],[12,543,15,1,4,10,6,0,9,-3,40,0,60],[13,4050,15,0,0,15,5,1,9,-4,33.3,6.7,60],[14,39,15,2,1,12,5,0,10,-5,33.3,0,66.7],[15,43,15,13,1,1,5,0,10,-5,33.3,0,66.7],[16,16668,15,6,3,6,4,1,10,-6,26.7,6.7,66.7]];
var TotalHalfPanLu = [[1,541,30,8,11,11,17,5,8,9,56.7,16.7,26.7],[2,16967,30,2,15,13,16,8,6,10,53.3,26.7,20],[3,89,30,7,12,11,16,5,9,7,53.3,16.7,30],[4,3969,30,7,8,15,15,6,9,6,50,20,30],[5,83,30,2,12,16,14,4,12,2,46.7,13.3,40],[6,41,30,5,8,17,13,3,14,-1,43.3,10,46.7],[7,4050,30,0,8,22,13,3,14,-1,43.3,10,46.7],[8,7642,30,23,6,1,13,3,14,-1,43.3,10,46.7],[9,542,30,4,10,16,12,8,10,2,40,26.7,33.3],[10,39,30,12,8,10,12,4,14,-2,40,13.3,46.7],[11,535,30,28,2,0,12,3,15,-3,40,10,50],[12,43,30,22,6,2,11,3,16,-5,36.7,10,53.3],[13,528,30,5,11,14,10,5,15,-5,33.3,16.7,50],[14,40,30,17,11,2,9,7,14,-5,30,23.3,46.7],[15,543,30,7,15,8,9,7,14,-5,30,23.3,46.7],[16,16668,30,14,11,5,8,6,16,-8,26.7,20,53.3]];
var HomeHalfPanLu = [[1,16967,15,2,9,4,8,5,2,6,53.3,33.3,13.3],[2,541,15,7,5,3,8,2,5,3,53.3,13.3,33.3],[3,7642,15,13,2,0,8,1,6,2,53.3,6.7,40],[4,43,15,12,2,1,7,1,7,0,46.7,6.7,46.7],[5,3969,15,7,4,4,6,3,6,0,40,20,40],[6,40,15,12,3,0,6,2,7,-1,40,13.3,46.7],[7,89,15,6,5,4,6,2,7,-1,40,13.3,46.7],[8,39,15,10,3,2,6,2,7,-1,40,13.3,46.7],[9,4050,15,0,8,7,6,2,7,-1,40,13.3,46.7],[10,41,15,5,5,5,6,1,8,-2,40,6.7,53.3],[11,528,15,5,7,3,5,3,7,-2,33.3,20,46.7],[12,542,15,4,7,4,4,5,6,-2,26.7,33.3,40],[13,543,15,7,6,2,4,4,7,-3,26.7,26.7,46.7],[14,83,15,2,8,5,4,4,7,-3,26.7,26.7,46.7],[15,535,15,15,0,0,4,2,9,-5,26.7,13.3,60],[16,16668,15,11,3,1,4,1,10,-6,26.7,6.7,66.7]];
var GuestHalfPanLu = [[1,89,15,1,7,7,10,3,2,8,66.7,20,13.3],[2,83,15,0,4,11,10,0,5,5,66.7,0,33.3],[3,3969,15,0,4,11,9,3,3,6,60,20,20],[4,541,15,1,6,8,9,3,3,6,60,20,20],[5,16967,15,0,6,9,8,3,4,4,53.3,20,26.7],[6,542,15,0,3,12,8,3,4,4,53.3,20,26.7],[7,535,15,13,2,0,8,1,6,2,53.3,6.7,40],[8,41,15,0,3,12,7,2,6,1,46.7,13.3,40],[9,4050,15,0,0,15,7,1,7,0,46.7,6.7,46.7],[10,39,15,2,5,8,6,2,7,-1,40,13.3,46.7],[11,543,15,0,9,6,5,3,7,-2,33.3,20,46.7],[12,7642,15,10,4,1,5,2,8,-3,33.3,13.3,53.3],[13,528,15,0,4,11,5,2,8,-3,33.3,13.3,53.3],[14,16668,15,3,8,4,4,5,6,-2,26.7,33.3,40],[15,43,15,10,4,1,4,2,9,-5,26.7,13.3,60],[16,40,15,5,8,2,3,5,7,-4,20,33.3,46.7]];
var addUp = [116,48.3,9,3.8,115,47.9,[63.3,7642],[60,4050,16668],[66.7,43,16967],[73.3,535],[66.7,7642,528],[66.7,39,43,16668],[16.7,543],[0,7642,40,528,43,39,89]];
var addUpHalf = [92,38.3,40,16.7,108,45,[56.7,541],[53.3,43,16668],[53.3,16967,541,7642],[66.7,16668],[66.7,89,83],[60,43],[26.7,16967,542],[10,41,4050,7642,535,43]];
var lastUpdateTime = '2026-04-08 08:55:47';
