var arrLeague = [60,'中国超级联赛','中國超級聯賽','Chinese Super League','2015','#0066FF','league_match/images/166674992094.png','中超','中超','CHA CSL'];
var arrTeam = [[39,'上海申花','上海申花','Shanghai Shenhua','','images/39/1gy3vjsrhn1p.png',0],[40,'山东泰山','山東泰山','Shandong Taishan','','images/1kja2fh2n4b.png',0],[41,'辽宁沈阳宏运','遼寧宏運','Liaoning FC','','images/20180921121329.png',0],[43,'北京国安','北京國安','Beijing Guoan','','images/1jr565tbs5z.png',0],[83,'重庆两江竞技','重慶兩江競技','Chongqing Liangjiang Athletic','','images/20180921192706.png',0],[89,'天津津门虎','天津津門虎','Tianjin Tigers','','images/89/1gy3vkgfwn2t.png',0],[528,'长春亚泰','長春亞泰','Changchun Yatai','','images/1jr56ftb35z.png',0],[535,'广州队','廣州隊','Guangzhou FC','','images/535/1hy4p3apdsh.png',0],[541,'河南队','河南隊','Henan Football Club','','images/1kja29fa4f1x.png',0],[542,'浙江俱乐部绿城','浙江俱樂部綠城','Zhejiang Professional FC','','images/542/1h8qpaemwc10.png',0],[543,'江苏苏宁易购','江蘇蘇寧','Jiangsu Suning FC','','images/20180921195311.png',0],[3969,'北京人和','北京人和','Beijing Renhe','','images/20180921194257.png',0],[4050,'上海申鑫','上海申鑫','Shanghai Shenxin','','images/2013322175805.png',0],[7642,'上海海港','上海海港','Shanghai Port','','images/7642/1h8n2nv7tw23.png',0],[16668,'广州城','廣州城','Guangzhou City','','images/165371552931.png',0],[16967,'沧州雄狮','滄州雄獅','Cangzhou Mighty Lions','','images/16967/1gy3vkgfwb2g.png',0]];
var TotalBs = [[1,40,30,22,0,8,73.3,0,26.7],[2,528,30,18,0,12,60,0,40],[3,4050,30,18,0,12,60,0,40],[4,7642,30,17,2,11,56.7,6.7,36.7],[5,3969,30,17,1,12,56.7,3.3,40],[6,535,30,17,1,12,56.7,3.3,40],[7,543,30,17,0,13,56.7,0,43.3],[8,16668,30,17,0,13,56.7,0,43.3],[9,83,30,16,0,14,53.3,0,46.7],[10,39,30,16,0,14,53.3,0,46.7],[11,43,30,15,0,15,50,0,50],[12,89,30,14,1,15,46.7,3.3,50],[13,41,30,12,0,18,40,0,60],[14,541,30,11,0,19,36.7,0,63.3],[15,16967,30,11,0,19,36.7,0,63.3],[16,542,30,10,1,19,33.3,3.3,63.3]];
var HomeBs = [[1,7642,15,10,2,3,66.7,13.3,20],[2,40,15,10,0,5,66.7,0,33.3],[3,528,15,10,0,5,66.7,0,33.3],[4,39,15,9,0,6,60,0,40],[5,535,15,8,1,6,53.3,6.7,40],[6,4050,15,8,0,7,53.3,0,46.7],[7,16668,15,8,0,7,53.3,0,46.7],[8,3969,15,8,0,7,53.3,0,46.7],[9,83,15,8,0,7,53.3,0,46.7],[10,43,15,7,0,8,46.7,0,53.3],[11,41,15,7,0,8,46.7,0,53.3],[12,543,15,7,0,8,46.7,0,53.3],[13,542,15,6,0,9,40,0,60],[14,16967,15,6,0,9,40,0,60],[15,541,15,6,0,9,40,0,60],[16,89,15,6,0,9,40,0,60]];
var GuestBs = [[1,40,15,12,0,3,80,0,20],[2,543,15,10,0,5,66.7,0,33.3],[3,4050,15,10,0,5,66.7,0,33.3],[4,3969,15,9,1,5,60,6.7,33.3],[5,16668,15,9,0,6,60,0,40],[6,535,15,9,0,6,60,0,40],[7,89,15,8,1,6,53.3,6.7,40],[8,528,15,8,0,7,53.3,0,46.7],[9,83,15,8,0,7,53.3,0,46.7],[10,43,15,8,0,7,53.3,0,46.7],[11,7642,15,7,0,8,46.7,0,53.3],[12,39,15,7,0,8,46.7,0,53.3],[13,16967,15,5,0,10,33.3,0,66.7],[14,41,15,5,0,10,33.3,0,66.7],[15,541,15,5,0,10,33.3,0,66.7],[16,542,15,4,1,10,26.7,6.7,66.7]];
var TotalBsHalf = [[1,40,30,16,5,9,53.3,16.7,30],[2,3969,30,15,4,11,50,13.3,36.7],[3,83,30,13,10,7,43.3,33.3,23.3],[4,528,29,13,8,8,44.8,27.6,27.6],[5,4050,29,13,8,8,44.8,27.6,27.6],[6,16967,29,12,5,12,41.4,17.2,41.4],[7,39,30,12,5,13,40,16.7,43.3],[8,535,29,12,3,14,41.4,10.3,48.3],[9,89,29,11,7,11,37.9,24.1,37.9],[10,7642,30,11,6,13,36.7,20,43.3],[11,543,29,10,10,9,34.5,34.5,31],[12,41,29,9,8,12,31,27.6,41.4],[13,542,30,9,4,17,30,13.3,56.7],[14,541,30,7,10,13,23.3,33.3,43.3],[15,43,30,6,8,16,20,26.7,53.3],[16,16668,29,5,8,16,17.2,27.6,55.2]];
var HomeBsHalf = [[1,528,15,9,4,2,60,26.7,13.3],[2,3969,15,7,4,4,46.7,26.7,26.7],[3,83,15,6,6,3,40,40,20],[4,40,15,6,4,5,40,26.7,33.3],[5,541,15,6,4,5,40,26.7,33.3],[6,7642,15,6,4,5,40,26.7,33.3],[7,39,15,6,3,6,40,20,40],[8,535,15,6,1,8,40,6.7,53.3],[9,4050,15,5,6,4,33.3,40,26.7],[10,16967,15,5,4,6,33.3,26.7,40],[11,543,15,5,4,6,33.3,26.7,40],[12,89,15,5,3,7,33.3,20,46.7],[13,41,15,5,3,7,33.3,20,46.7],[14,542,15,5,1,9,33.3,6.7,60],[15,16668,15,4,1,10,26.7,6.7,66.7],[16,43,15,3,3,9,20,20,60]];
var GuestBsHalf = [[1,40,15,10,1,4,66.7,6.7,26.7],[2,4050,14,8,2,4,57.1,14.3,28.6],[3,3969,15,8,0,7,53.3,0,46.7],[4,83,15,7,4,4,46.7,26.7,26.7],[5,16967,14,7,1,6,50,7.1,42.9],[6,89,14,6,4,4,42.9,28.6,28.6],[7,535,14,6,2,6,42.9,14.3,42.9],[8,39,15,6,2,7,40,13.3,46.7],[9,543,14,5,6,3,35.7,42.9,21.4],[10,7642,15,5,2,8,33.3,13.3,53.3],[11,41,14,4,5,5,28.6,35.7,35.7],[12,528,14,4,4,6,28.6,28.6,42.9],[13,542,15,4,3,8,26.7,20,53.3],[14,43,15,3,5,7,20,33.3,46.7],[15,16668,14,1,7,6,7.1,50,42.9],[16,541,15,1,6,8,6.7,40,53.3]];
var addUp = [248,51.7,6,1.2,226,47.1,[73.3,40],[63.3,541,16967,542],[66.7,7642,40,528],[60,542,16967,541,89],[80,40],[66.7,16967,41,541,542]];
var addUpHalf = [174,36.9,109,23.1,189,40,[53.3,40],[56.7,542],[60,528],[66.7,16668],[66.7,40],[53.3,7642,542,541]];
var lastUpdateTime = '2026-04-08 08:56:01';
