var arrLeague = [31,'西班牙甲组联赛','西班牙甲組聯賽','Spanish La Liga','2018-2019','#006633','league_match/images/1h56j6h3ep1.png','西甲','西甲','SPA D1'];
var arrTeam = [[82,'皇家马德里','皇家馬德里','Real Madrid','','images/164871252161.png',0],[84,'巴塞罗那','巴塞隆拿','FC Barcelona','','images/164871253294.png',0],[86,'塞维利亚','西維爾','Sevilla','','images/164871255158.png',0],[91,'巴伦西亚','華倫西亞','Valencia','','images/164871269140.png',0],[92,'毕尔巴鄂竞技','畢爾包','Athletic Bilbao','','images/164871258463.png',0],[96,'皇家贝蒂斯','貝迪斯','Real Betis','','images/164871261858.png',0],[98,'赫塔菲','加泰','Getafe','','images/164871263258.png',0],[100,'西班牙人','愛斯賓奴','RCD Espanyol','','images/164871556292.png',0],[103,'莱万特','利雲特','Levante','','images/164871559313.png',0],[106,'皇家社会','皇家蘇斯達','Real Sociedad','','images/164871271877.png',0],[107,'比利亚雷亚尔','維拉利爾','Villarreal','','images/164871273527.png',0],[109,'马德里竞技','馬德里體育會','Atletico Madrid','','images/164871274624.png',0],[114,'塞尔塔','切爾達','Celta Vigo','','images/164871275971.png',0],[123,'巴拉多利德','華拉度列','Real Valladolid','','images/123/1j8kb6vyqp2f.png',0],[131,'埃瓦尔','伊巴','Eibar','','images/131/1hkgswegce1q.png',0],[137,'阿拉维斯','艾拉維斯','Alaves','','images/164871280016.png',0],[982,'赫罗纳','傑羅納','Girona','','images/982/1hke8brgq5m.png',0],[992,'莱加内斯','雷加利斯','Leganes','','images/992/1h5bja70zq1p.png',0],[994,'巴列卡诺','華歷簡奴','Rayo Vallecano','','images/164871283245.png',0],[3225,'韦斯卡','侯爾斯卡','SD Huesca','','images/3225/1hke8c03djp.png',0]];
var TotalBs = [[1,103,38,24,0,14,63.2,0,36.8],[2,994,38,23,0,15,60.5,0,39.5],[3,107,38,21,0,17,55.3,0,44.7],[4,114,38,21,0,17,55.3,0,44.7],[5,3225,38,20,1,17,52.6,2.6,44.7],[6,100,38,18,1,19,47.4,2.6,50],[7,106,38,17,2,19,44.7,5.3,50],[8,96,38,17,1,20,44.7,2.6,52.6],[9,137,38,16,3,19,42.1,7.9,50],[10,131,38,16,1,21,42.1,2.6,55.3],[11,86,38,15,2,21,39.5,5.3,55.3],[12,982,38,14,5,19,36.8,13.2,50],[13,84,38,14,1,23,36.8,2.6,60.5],[14,98,38,13,6,19,34.2,15.8,50],[15,92,38,13,2,23,34.2,5.3,60.5],[16,91,38,13,1,24,34.2,2.6,63.2],[17,123,38,13,1,24,34.2,2.6,63.2],[18,992,38,11,6,21,28.9,15.8,55.3],[19,82,38,11,3,24,28.9,7.9,63.2],[20,109,38,10,4,24,26.3,10.5,63.2]];
var HomeBs = [[1,103,19,14,0,5,73.7,0,26.3],[2,131,19,11,1,7,57.9,5.3,36.8],[3,994,19,11,0,8,57.9,0,42.1],[4,107,19,11,0,8,57.9,0,42.1],[5,114,19,10,0,9,52.6,0,47.4],[6,3225,19,10,0,9,52.6,0,47.4],[7,100,19,9,1,9,47.4,5.3,47.4],[8,106,19,9,1,9,47.4,5.3,47.4],[9,96,19,9,1,9,47.4,5.3,47.4],[10,982,19,8,3,8,42.1,15.8,42.1],[11,86,19,8,2,9,42.1,10.5,47.4],[12,92,19,7,2,10,36.8,10.5,52.6],[13,137,19,7,2,10,36.8,10.5,52.6],[14,84,19,7,1,11,36.8,5.3,57.9],[15,98,19,7,1,11,36.8,5.3,57.9],[16,123,19,6,1,12,31.6,5.3,63.2],[17,91,19,5,1,13,26.3,5.3,68.4],[18,109,19,5,0,14,26.3,0,73.7],[19,992,19,3,3,13,15.8,15.8,68.4],[20,82,19,3,0,16,15.8,0,84.2]];
var GuestBs = [[1,994,19,12,0,7,63.2,0,36.8],[2,114,19,11,0,8,57.9,0,42.1],[3,3225,19,10,1,8,52.6,5.3,42.1],[4,107,19,10,0,9,52.6,0,47.4],[5,103,19,10,0,9,52.6,0,47.4],[6,137,19,9,1,9,47.4,5.3,47.4],[7,100,19,9,0,10,47.4,0,52.6],[8,82,19,8,3,8,42.1,15.8,42.1],[9,992,19,8,3,8,42.1,15.8,42.1],[10,106,19,8,1,10,42.1,5.3,52.6],[11,96,19,8,0,11,42.1,0,57.9],[12,91,19,8,0,11,42.1,0,57.9],[13,86,19,7,0,12,36.8,0,63.2],[14,123,19,7,0,12,36.8,0,63.2],[15,84,19,7,0,12,36.8,0,63.2],[16,98,19,6,5,8,31.6,26.3,42.1],[17,982,19,6,2,11,31.6,10.5,57.9],[18,92,19,6,0,13,31.6,0,68.4],[19,109,19,5,4,10,26.3,21.1,52.6],[20,131,19,5,0,14,26.3,0,73.7]];
var TotalBsHalf = [[1,137,38,17,8,13,44.7,21.1,34.2],[2,84,38,17,0,21,44.7,0,55.3],[3,98,38,16,3,19,42.1,7.9,50],[4,100,38,15,10,13,39.5,26.3,34.2],[5,92,38,15,9,14,39.5,23.7,36.8],[6,992,38,15,5,18,39.5,13.2,47.4],[7,106,38,14,12,12,36.8,31.6,31.6],[8,103,38,14,10,14,36.8,26.3,36.8],[9,982,38,14,7,17,36.8,18.4,44.7],[10,994,38,13,12,13,34.2,31.6,34.2],[11,3225,38,13,10,15,34.2,26.3,39.5],[12,109,38,13,7,18,34.2,18.4,47.4],[13,114,38,12,12,14,31.6,31.6,36.8],[14,131,38,12,8,18,31.6,21.1,47.4],[15,82,38,12,0,26,31.6,0,68.4],[16,96,38,11,11,16,28.9,28.9,42.1],[17,123,38,11,9,18,28.9,23.7,47.4],[18,86,38,11,8,19,28.9,21.1,50],[19,107,38,11,7,20,28.9,18.4,52.6],[20,91,38,10,8,20,26.3,21.1,52.6]];
var HomeBsHalf = [[1,103,19,9,6,4,47.4,31.6,21.1],[2,100,19,9,4,6,47.4,21.1,31.6],[3,98,19,9,2,8,47.4,10.5,42.1],[4,982,19,9,1,9,47.4,5.3,47.4],[5,994,19,8,5,6,42.1,26.3,31.6],[6,992,19,8,4,7,42.1,21.1,36.8],[7,123,19,8,3,8,42.1,15.8,42.1],[8,84,19,8,0,11,42.1,0,57.9],[9,131,19,7,5,7,36.8,26.3,36.8],[10,137,19,7,4,8,36.8,21.1,42.1],[11,92,19,7,4,8,36.8,21.1,42.1],[12,96,19,6,7,6,31.6,36.8,31.6],[13,106,19,6,7,6,31.6,36.8,31.6],[14,3225,19,6,6,7,31.6,31.6,36.8],[15,86,19,6,3,10,31.6,15.8,52.6],[16,114,19,5,6,8,26.3,31.6,42.1],[17,109,19,4,6,9,21.1,31.6,47.4],[18,107,19,4,3,12,21.1,15.8,63.2],[19,82,19,4,0,15,21.1,0,78.9],[20,91,19,3,2,14,15.8,10.5,73.7]];
var GuestBsHalf = [[1,137,19,10,4,5,52.6,21.1,26.3],[2,109,19,9,1,9,47.4,5.3,47.4],[3,84,19,9,0,10,47.4,0,52.6],[4,106,19,8,5,6,42.1,26.3,31.6],[5,92,19,8,5,6,42.1,26.3,31.6],[6,82,19,8,0,11,42.1,0,57.9],[7,91,19,7,6,6,36.8,31.6,31.6],[8,114,19,7,6,6,36.8,31.6,31.6],[9,107,19,7,4,8,36.8,21.1,42.1],[10,3225,19,7,4,8,36.8,21.1,42.1],[11,98,19,7,1,11,36.8,5.3,57.9],[12,992,19,7,1,11,36.8,5.3,57.9],[13,100,19,6,6,7,31.6,31.6,36.8],[14,994,19,5,7,7,26.3,36.8,36.8],[15,982,19,5,6,8,26.3,31.6,42.1],[16,86,19,5,5,9,26.3,26.3,47.4],[17,96,19,5,4,10,26.3,21.1,52.6],[18,103,19,5,4,10,26.3,21.1,52.6],[19,131,19,5,3,11,26.3,15.8,57.9],[20,123,19,3,6,10,15.8,31.6,52.6]];
var addUp = [320,42.1,40,5.3,400,52.6,[63.2,103],[63.2,91,123,82,109],[73.7,103],[84.2,82],[63.2,994],[73.7,131]];
var addUpHalf = [266,35,156,20.5,338,44.5,[44.7,137,84],[68.4,82],[47.4,103,100,98,982],[78.9,82],[52.6,137],[57.9,82,98,992,131]];
var lastUpdateTime = '2025-01-19 10:39:32';
