var arrLeague = [16,'荷兰甲组联赛','荷蘭甲組聯賽','Holland Eredivisie','2017-2018','#FF6699','league_match/images/20210531104733.png','荷甲','荷甲','HOL D1'];
var arrTeam = [[225,'威廉二世','威廉二世','Willem II','','images/225/1gq6hnbe3q23.png',0],[232,'布雷达','比達','NAC Breda','','images/232/1grmmyzcmyj.png',0],[233,'罗达JC','洛達','Roda JC','','images/233/1heh20g0cp16.png',0],[234,'阿尔克马尔','艾克馬亞','AZ Alkmaar','','images/165095691021.png',0],[235,'海伦芬','海倫維恩','SC Heerenveen','','images/165095697544.png',0],[236,'格罗宁根','高寧根','Groningen','','images/16509569590.png',0],[237,'乌德勒支','烏德勒支','FC Utrecht','','images/165095716992.png',0],[246,'维迪斯','維迪斯','Vitesse Arnhem','','images/165095712094.png',0],[250,'特温特','川迪','FC Twente Enschede','','images/165095707230.png',0],[252,'费耶诺德','飛燕諾','Feyenoord','','images/165095692730.png',0],[253,'阿贾克斯','阿積士','AFC Ajax','','images/253/1gtg0nv66q2p.png',0],[254,'埃因霍温','PSV燕豪芬','PSV Eindhoven','','images/254/1gtg0nv5pw24.png',0],[256,'海牙','海牙','ADO Den Haag','','images/256/1gtg0nv6662e.png',0],[270,'SBV精英','SBV精英隊','Excelsior SBV','','images/270/1h5bja71et21.png',0],[273,'鹿特丹斯巴达','鹿特丹斯巴達','Sparta Rotterdam','','images/165095702458.png',0],[277,'芬洛','芬洛','VVV Venlo','','images/277/1h1n1jqk031t.png',0],[278,'赫拉克莱斯','荷華高斯','Heracles Almelo','','images/165095718777.png',0],[414,'兹沃勒','施禾尼','PEC Zwolle','','images/16509571534.png',0]];
var TotalBs = [[1,225,34,24,0,10,70.6,0,29.4],[2,237,38,22,2,14,57.9,5.3,36.8],[3,233,34,21,1,12,61.8,2.9,35.3],[4,246,38,21,2,15,55.3,5.3,39.5],[5,270,34,20,2,12,58.8,5.9,35.3],[6,235,37,19,4,14,51.4,10.8,37.8],[7,256,36,19,2,15,52.8,5.6,41.7],[8,253,34,18,2,14,52.9,5.9,41.2],[9,273,34,18,2,14,52.9,5.9,41.2],[10,252,34,17,3,14,50,8.8,41.2],[11,254,34,17,2,15,50,5.9,44.1],[12,278,34,16,7,11,47.1,20.6,32.4],[13,236,35,16,1,18,45.7,2.9,51.4],[14,250,34,15,4,15,44.1,11.8,44.1],[15,232,34,15,3,16,44.1,8.8,47.1],[16,414,34,14,1,19,41.2,2.9,55.9],[17,234,34,13,6,15,38.2,17.6,44.1],[18,277,34,11,2,21,32.4,5.9,61.8]];
var HomeBs = [[1,225,17,13,0,4,76.5,0,23.5],[2,256,18,12,1,5,66.7,5.6,27.8],[3,233,17,11,0,6,64.7,0,35.3],[4,232,17,10,2,5,58.8,11.8,29.4],[5,273,17,10,0,7,58.8,0,41.2],[6,246,19,10,2,7,52.6,10.5,36.8],[7,234,17,9,3,5,52.9,17.6,29.4],[8,250,17,9,2,6,52.9,11.8,35.3],[9,253,17,9,0,8,52.9,0,47.1],[10,237,19,9,1,9,47.4,5.3,47.4],[11,252,17,8,2,7,47.1,11.8,41.2],[12,236,17,8,0,9,47.1,0,52.9],[13,278,17,7,5,5,41.2,29.4,29.4],[14,270,17,7,2,8,41.2,11.8,47.1],[15,277,17,7,0,10,41.2,0,58.8],[16,235,18,7,1,10,38.9,5.6,55.6],[17,254,17,6,1,10,35.3,5.9,58.8],[18,414,17,5,1,11,29.4,5.9,64.7],[19,236,1,1,0,0,100,0,0],[20,235,0,0,0,0,0,0,0]];
var GuestBs = [[1,270,17,13,0,4,76.5,0,23.5],[2,237,19,13,1,5,68.4,5.3,26.3],[3,235,18,11,3,4,61.1,16.7,22.2],[4,254,17,11,1,5,64.7,5.9,29.4],[5,225,17,11,0,6,64.7,0,35.3],[6,246,19,11,0,8,57.9,0,42.1],[7,233,17,10,1,6,58.8,5.9,35.3],[8,278,17,9,2,6,52.9,11.8,35.3],[9,253,17,9,2,6,52.9,11.8,35.3],[10,252,17,9,1,7,52.9,5.9,41.2],[11,414,17,9,0,8,52.9,0,47.1],[12,273,17,8,2,7,47.1,11.8,41.2],[13,236,17,7,1,9,41.2,5.9,52.9],[14,256,18,7,1,10,38.9,5.6,55.6],[15,250,17,6,2,9,35.3,11.8,52.9],[16,232,17,5,1,11,29.4,5.9,64.7],[17,234,17,4,3,10,23.5,17.6,58.8],[18,277,17,4,2,11,23.5,11.8,64.7],[19,235,1,1,0,0,100,0,0],[20,236,0,0,0,0,0,0,0]];
var TotalBsHalf = [[1,235,37,20,1,16,54.1,2.7,43.2],[2,237,38,19,5,14,50,13.2,36.8],[3,252,34,19,0,15,55.9,0,44.1],[4,254,34,19,0,15,55.9,0,44.1],[5,233,34,17,6,11,50,17.6,32.4],[6,246,38,17,5,16,44.7,13.2,42.1],[7,250,34,16,0,18,47.1,0,52.9],[8,225,34,15,10,9,44.1,29.4,26.5],[9,270,34,15,8,11,44.1,23.5,32.4],[10,278,34,15,0,19,44.1,0,55.9],[11,273,34,14,6,14,41.2,17.6,41.2],[12,256,36,14,6,16,38.9,16.7,44.4],[13,253,34,14,1,19,41.2,2.9,55.9],[14,234,36,14,0,22,38.9,0,61.1],[15,414,34,13,4,17,38.2,11.8,50],[16,232,34,12,5,17,35.3,14.7,50],[17,236,35,12,4,19,34.3,11.4,54.3],[18,277,34,11,7,16,32.4,20.6,47.1]];
var HomeBsHalf = [[1,250,17,11,0,6,64.7,0,35.3],[2,256,18,10,3,5,55.6,16.7,27.8],[3,233,17,9,3,5,52.9,17.6,29.4],[4,273,17,9,3,5,52.9,17.6,29.4],[5,235,18,9,1,8,50,5.6,44.4],[6,237,19,9,0,10,47.4,0,52.6],[7,254,17,8,0,9,47.1,0,52.9],[8,278,17,8,0,9,47.1,0,52.9],[9,252,17,8,0,9,47.1,0,52.9],[10,246,19,8,1,10,42.1,5.3,52.6],[11,225,17,7,6,4,41.2,35.3,23.5],[12,253,17,7,1,9,41.2,5.9,52.9],[13,234,17,7,0,10,41.2,0,58.8],[14,232,17,6,4,7,35.3,23.5,41.2],[15,277,17,6,3,8,35.3,17.6,47.1],[16,414,17,6,2,9,35.3,11.8,52.9],[17,236,17,5,3,9,29.4,17.6,52.9],[18,270,17,4,4,9,23.5,23.5,52.9],[19,236,1,1,0,0,100,0,0],[20,235,1,0,0,1,0,0,100],[21,234,1,0,0,1,0,0,100]];
var GuestBsHalf = [[1,270,17,11,4,2,64.7,23.5,11.8],[2,254,17,11,0,6,64.7,0,35.3],[3,252,17,11,0,6,64.7,0,35.3],[4,235,18,11,0,7,61.1,0,38.9],[5,237,19,10,5,4,52.6,26.3,21.1],[6,246,19,9,4,6,47.4,21.1,31.6],[7,225,17,8,4,5,47.1,23.5,29.4],[8,233,17,8,3,6,47.1,17.6,35.3],[9,414,17,7,2,8,41.2,11.8,47.1],[10,253,17,7,0,10,41.2,0,58.8],[11,278,17,7,0,10,41.2,0,58.8],[12,236,17,6,1,10,35.3,5.9,58.8],[13,232,17,6,1,10,35.3,5.9,58.8],[14,234,17,6,0,11,35.3,0,64.7],[15,277,17,5,4,8,29.4,23.5,47.1],[16,273,17,5,3,9,29.4,17.6,52.9],[17,250,17,5,0,12,29.4,0,70.6],[18,256,18,4,3,11,22.2,16.7,61.1],[19,234,1,1,0,0,100,0,0],[20,236,0,0,0,0,0,0,0]];
var addUp = [316,50.5,46,7.3,264,42.2,[70.6,225],[61.8,277],[100,236],[64.7,414],[100,235],[64.7,232,277]];
var addUpHalf = [276,43.9,68,10.8,284,45.2,[55.9,252,254],[61.1,234],[100,236],[100,235,234],[100,234],[70.6,250]];
var lastUpdateTime = '2025-01-19 11:33:15';
