var arrLeague = [31,'西班牙甲组联赛','西班牙甲組聯賽','Spanish La Liga','2022-2023','#006633','league_match/images/1h56j6h3ep1.png','西甲','西甲','SPA D1'];
var arrTeam = [[82,'皇家马德里','皇家馬德里','Real Madrid','','images/164871252161.png',0],[84,'巴塞罗那','巴塞隆拿','FC Barcelona','','images/164871253294.png',0],[86,'塞维利亚','西維爾','Sevilla','','images/164871255158.png',0],[91,'巴伦西亚','華倫西亞','Valencia','','images/164871269140.png',0],[92,'毕尔巴鄂竞技','畢爾包','Athletic Bilbao','','images/164871258463.png',0],[94,'奥萨苏纳','奧沙辛拿','Osasuna','','images/164871260392.png',0],[96,'皇家贝蒂斯','貝迪斯','Real Betis','','images/164871261858.png',0],[98,'赫塔菲','加泰','Getafe','','images/164871263258.png',0],[100,'西班牙人','愛斯賓奴','RCD Espanyol','','images/164871556292.png',0],[101,'马洛卡','馬略卡','Mallorca','','images/164871266038.png',0],[106,'皇家社会','皇家蘇斯達','Real Sociedad','','images/164871271877.png',0],[107,'比利亚雷亚尔','維拉利爾','Villarreal','','images/164871273527.png',0],[109,'马德里竞技','馬德里體育會','Atletico Madrid','','images/164871274624.png',0],[114,'塞尔塔','切爾達','Celta Vigo','','images/164871275971.png',0],[123,'巴拉多利德','華拉度列','Real Valladolid','','images/123/1j8kb6vyqp2f.png',0],[126,'艾尔切','艾爾切','Elche','','images/164871278741.png',0],[141,'阿尔梅里亚','艾美利亞','Almeria','','images/141/1j3c1nh1083.png',0],[143,'加的斯','卡迪斯','Cadiz','','images/164871281668.png',0],[982,'赫罗纳','傑羅納','Girona','','images/982/1hke8brgq5m.png',0],[994,'巴列卡诺','華歷簡奴','Rayo Vallecano','','images/164871283245.png',0]];
var TotalBs = [[1,100,38,25,1,12,65.8,2.6,31.6],[2,982,38,22,1,15,57.9,2.6,39.5],[3,994,38,21,4,13,55.3,10.5,34.2],[4,141,38,21,1,16,55.3,2.6,42.1],[5,123,38,20,0,18,52.6,0,47.4],[6,114,38,19,1,18,50,2.6,47.4],[7,107,38,18,1,19,47.4,2.6,50],[8,86,38,17,5,16,44.7,13.2,42.1],[9,92,38,17,2,19,44.7,5.3,50],[10,109,38,17,2,19,44.7,5.3,50],[11,96,38,17,1,20,44.7,2.6,52.6],[12,91,38,17,1,20,44.7,2.6,52.6],[13,84,38,16,3,19,42.1,7.9,50],[14,126,38,16,0,22,42.1,0,57.9],[15,82,38,15,3,20,39.5,7.9,52.6],[16,98,38,14,6,18,36.8,15.8,47.4],[17,94,38,14,3,21,36.8,7.9,55.3],[18,106,38,13,5,20,34.2,13.2,52.6],[19,101,38,11,7,20,28.9,18.4,52.6],[20,143,38,10,3,25,26.3,7.9,65.8]];
var HomeBs = [[1,100,19,12,1,6,63.2,5.3,31.6],[2,994,19,12,1,6,63.2,5.3,31.6],[3,982,19,12,0,7,63.2,0,36.8],[4,109,19,10,2,7,52.6,10.5,36.8],[5,114,19,10,0,9,52.6,0,47.4],[6,141,19,10,0,9,52.6,0,47.4],[7,107,19,10,0,9,52.6,0,47.4],[8,94,19,9,2,8,47.4,10.5,42.1],[9,86,19,9,2,8,47.4,10.5,42.1],[10,91,19,9,1,9,47.4,5.3,47.4],[11,96,19,9,0,10,47.4,0,52.6],[12,123,19,9,0,10,47.4,0,52.6],[13,98,19,8,3,8,42.1,15.8,42.1],[14,82,19,8,2,9,42.1,10.5,47.4],[15,143,19,6,2,11,31.6,10.5,57.9],[16,106,19,6,2,11,31.6,10.5,57.9],[17,92,19,6,1,12,31.6,5.3,63.2],[18,126,19,6,0,13,31.6,0,68.4],[19,84,19,5,3,11,26.3,15.8,57.9],[20,101,19,4,3,12,21.1,15.8,63.2]];
var GuestBs = [[1,100,19,13,0,6,68.4,0,31.6],[2,141,19,11,1,7,57.9,5.3,36.8],[3,92,19,11,1,7,57.9,5.3,36.8],[4,123,19,11,0,8,57.9,0,42.1],[5,84,19,11,0,8,57.9,0,42.1],[6,982,19,10,1,8,52.6,5.3,42.1],[7,126,19,10,0,9,52.6,0,47.4],[8,994,19,9,3,7,47.4,15.8,36.8],[9,114,19,9,1,9,47.4,5.3,47.4],[10,86,19,8,3,8,42.1,15.8,42.1],[11,107,19,8,1,10,42.1,5.3,52.6],[12,96,19,8,1,10,42.1,5.3,52.6],[13,91,19,8,0,11,42.1,0,57.9],[14,101,19,7,4,8,36.8,21.1,42.1],[15,106,19,7,3,9,36.8,15.8,47.4],[16,82,19,7,1,11,36.8,5.3,57.9],[17,109,19,7,0,12,36.8,0,63.2],[18,98,19,6,3,10,31.6,15.8,52.6],[19,94,19,5,1,13,26.3,5.3,68.4],[20,143,19,4,1,14,21.1,5.3,73.7]];
var TotalBsHalf = [[1,100,38,22,5,11,57.9,13.2,28.9],[2,98,38,22,1,15,57.9,2.6,39.5],[3,106,38,21,7,10,55.3,18.4,26.3],[4,126,38,21,7,10,55.3,18.4,26.3],[5,994,38,20,2,16,52.6,5.3,42.1],[6,86,38,19,7,12,50,18.4,31.6],[7,101,38,18,4,16,47.4,10.5,42.1],[8,982,38,17,9,12,44.7,23.7,31.6],[9,141,38,17,8,13,44.7,21.1,34.2],[10,114,38,16,10,12,42.1,26.3,31.6],[11,109,38,16,9,13,42.1,23.7,34.2],[12,94,38,16,5,17,42.1,13.2,44.7],[13,82,38,15,4,19,39.5,10.5,50],[14,143,38,15,4,19,39.5,10.5,50],[15,107,38,14,10,14,36.8,26.3,36.8],[16,92,38,14,8,16,36.8,21.1,42.1],[17,123,38,14,7,17,36.8,18.4,44.7],[18,96,38,13,9,16,34.2,23.7,42.1],[19,91,38,13,9,16,34.2,23.7,42.1],[20,84,38,13,7,18,34.2,18.4,47.4]];
var HomeBsHalf = [[1,100,19,13,2,4,68.4,10.5,21.1],[2,86,19,12,3,4,63.2,15.8,21.1],[3,994,19,12,1,6,63.2,5.3,31.6],[4,126,19,11,4,4,57.9,21.1,21.1],[5,98,19,11,1,7,57.9,5.3,36.8],[6,106,19,9,4,6,47.4,21.1,31.6],[7,982,19,9,3,7,47.4,15.8,36.8],[8,107,19,8,7,4,42.1,36.8,21.1],[9,114,19,8,6,5,42.1,31.6,26.3],[10,84,19,8,2,9,42.1,10.5,47.4],[11,143,19,8,2,9,42.1,10.5,47.4],[12,94,19,8,1,10,42.1,5.3,52.6],[13,82,19,8,0,11,42.1,0,57.9],[14,109,19,7,6,6,36.8,31.6,31.6],[15,141,19,7,4,8,36.8,21.1,42.1],[16,91,19,7,4,8,36.8,21.1,42.1],[17,96,19,6,4,9,31.6,21.1,47.4],[18,101,19,6,2,11,31.6,10.5,57.9],[19,92,19,5,6,8,26.3,31.6,42.1],[20,123,19,5,4,10,26.3,21.1,52.6]];
var GuestBsHalf = [[1,106,19,12,3,4,63.2,15.8,21.1],[2,101,19,12,2,5,63.2,10.5,26.3],[3,98,19,11,0,8,57.9,0,42.1],[4,141,19,10,4,5,52.6,21.1,26.3],[5,126,19,10,3,6,52.6,15.8,31.6],[6,109,19,9,3,7,47.4,15.8,36.8],[7,100,19,9,3,7,47.4,15.8,36.8],[8,123,19,9,3,7,47.4,15.8,36.8],[9,92,19,9,2,8,47.4,10.5,42.1],[10,982,19,8,6,5,42.1,31.6,26.3],[11,114,19,8,4,7,42.1,21.1,36.8],[12,94,19,8,4,7,42.1,21.1,36.8],[13,994,19,8,1,10,42.1,5.3,52.6],[14,96,19,7,5,7,36.8,26.3,36.8],[15,86,19,7,4,8,36.8,21.1,42.1],[16,82,19,7,4,8,36.8,21.1,42.1],[17,143,19,7,2,10,36.8,10.5,52.6],[18,91,19,6,5,8,31.6,26.3,42.1],[19,107,19,6,3,10,31.6,15.8,52.6],[20,84,19,5,5,9,26.3,26.3,47.4]];
var addUp = [340,44.7,50,6.6,370,48.7,[65.8,100],[65.8,143],[63.2,100,994,982],[68.4,126],[68.4,100],[73.7,143]];
var addUpHalf = [336,44.2,132,17.4,292,38.4,[57.9,100,98],[50,82,143],[68.4,100],[57.9,82,101],[63.2,106,101],[52.6,994,143,107]];
var lastUpdateTime = '2025-01-18 11:08:23';
