var arrLeague = [9,'德国乙组联赛','德國乙組聯賽','German Bundesliga 2','2023-2024','#CA00CA','league_match/images/20181221085736.png','德乙','德乙','GER D2'];
var arrTeam = [[95,'波鸿','波琴','VfL Bochum','','images/164870992655.png',0],[136,'纽伦堡','紐倫堡','Nurnberg','','images/2013119145001.jpg',0],[139,'柏林赫塔','哈化柏林','Hertha Berlin','','images/16487114635.png',0],[151,'沙尔克04','史浩克零四','Schalke 04','','images/2013119145317.jpg',0],[160,'汉堡','漢堡','Hamburger SV','','images/2013119151640.jpg',0],[169,'汉诺威96','漢諾威','Hannover 96','','images/201312092606.jpg',0],[173,'罗斯托克','羅斯托克','Hansa Rostock','','images/20181012140602.png',0],[175,'凯泽斯劳滕','凱沙羅頓','Kaiserslautern','','images/201312095551.jpg',0],[458,'菲尔特','格雷特霍夫','Greuther Furth','','images/16487115697.png',0],[487,'卡尔斯鲁厄','卡斯魯厄','Karlsruher SC','','images/2013120111953.jpg',0],[1076,'埃弗斯堡','艾華斯堡','SV Elversberg','','images/2013120122226.jpg',0],[1079,'雷根斯堡','雷根斯堡','Jahn Regensburg','','images/2013119132308.jpg',0],[1082,'韦恩','韋恩','SV Wehen Wiesbaden','','images/2013120114239.jpg',0],[1085,'圣保利','聖保利','St. Pauli','','images/20180921185751.jpg',0],[1116,'布伦瑞克','布倫斯維克','Eintracht Braunschweig','','images/2013120103227.jpg',0],[1117,'荷尔斯泰因','基爾','Holstein Kiel','','images/2013120132327.jpg',0],[1121,'奥斯纳布鲁克','奧斯納布克','VfL Osnabruck','','images/2013120115301.jpg',0],[1344,'杜塞尔多夫','杜斯多夫','Fortuna Dusseldorf','','images/201312093635.jpg',0],[1720,'帕德博恩','柏德博恩','SC Paderborn 07','','images/20180921192806.jpg',0],[2760,'马格德堡','馬德堡','Magdeburg','','images/20180921190626.jpg',0]];
var TotalBs = [[1,175,34,22,5,7,64.7,14.7,20.6],[2,139,34,21,4,9,61.8,11.8,26.5],[3,1344,36,21,0,15,58.3,0,41.7],[4,169,34,18,3,13,52.9,8.8,38.2],[5,136,34,18,2,14,52.9,5.9,41.2],[6,1720,34,17,6,11,50,17.6,32.4],[7,487,34,16,7,11,47.1,20.6,32.4],[8,1076,34,16,5,13,47.1,14.7,38.2],[9,173,34,16,4,14,47.1,11.8,41.2],[10,1121,34,16,2,16,47.1,5.9,47.1],[11,1085,34,15,4,15,44.1,11.8,44.1],[12,151,34,14,6,14,41.2,17.6,41.2],[13,1082,36,14,1,21,38.9,2.8,58.3],[14,1117,34,13,4,17,38.2,11.8,50],[15,458,34,13,4,17,38.2,11.8,50],[16,1116,34,12,5,17,35.3,14.7,50],[17,160,34,12,2,20,35.3,5.9,58.8],[18,2760,34,10,6,18,29.4,17.6,52.9],[19,1079,2,2,0,0,100,0,0],[20,95,2,2,0,0,100,0,0]];
var HomeBs = [[1,175,17,12,3,2,70.6,17.6,11.8],[2,139,17,12,1,4,70.6,5.9,23.5],[3,169,17,10,1,6,58.8,5.9,35.3],[4,487,17,9,5,3,52.9,29.4,17.6],[5,173,17,9,2,6,52.9,11.8,35.3],[6,1720,17,9,2,6,52.9,11.8,35.3],[7,1344,18,9,0,9,50,0,50],[8,1117,17,8,2,7,47.1,11.8,41.2],[9,136,17,8,1,8,47.1,5.9,47.1],[10,458,17,7,3,7,41.2,17.6,41.2],[11,1076,17,7,3,7,41.2,17.6,41.2],[12,151,17,7,3,7,41.2,17.6,41.2],[13,1085,17,7,2,8,41.2,11.8,47.1],[14,1116,17,7,0,10,41.2,0,58.8],[15,1121,17,6,1,10,35.3,5.9,58.8],[16,1082,18,6,1,11,33.3,5.6,61.1],[17,160,17,5,0,12,29.4,0,70.6],[18,2760,17,4,5,8,23.5,29.4,47.1],[19,95,1,1,0,0,100,0,0],[20,1079,1,1,0,0,100,0,0]];
var GuestBs = [[1,1344,18,12,0,6,66.7,0,33.3],[2,175,17,10,2,5,58.8,11.8,29.4],[3,1121,17,10,1,6,58.8,5.9,35.3],[4,136,17,10,1,6,58.8,5.9,35.3],[5,139,17,9,3,5,52.9,17.6,29.4],[6,1076,17,9,2,6,52.9,11.8,35.3],[7,1720,17,8,4,5,47.1,23.5,29.4],[8,169,17,8,2,7,47.1,11.8,41.2],[9,1085,17,8,2,7,47.1,11.8,41.2],[10,1082,18,8,0,10,44.4,0,55.6],[11,151,17,7,3,7,41.2,17.6,41.2],[12,160,17,7,2,8,41.2,11.8,47.1],[13,487,17,7,2,8,41.2,11.8,47.1],[14,173,17,7,2,8,41.2,11.8,47.1],[15,2760,17,6,1,10,35.3,5.9,58.8],[16,458,17,6,1,10,35.3,5.9,58.8],[17,1116,17,5,5,7,29.4,29.4,41.2],[18,1117,17,5,2,10,29.4,11.8,58.8],[19,95,1,1,0,0,100,0,0],[20,1079,1,1,0,0,100,0,0]];
var TotalBsHalf = [[1,139,34,21,1,12,61.8,2.9,35.3],[2,1117,34,17,0,17,50,0,50],[3,1116,34,16,6,12,47.1,17.6,35.3],[4,1121,34,16,3,15,47.1,8.8,44.1],[5,136,34,16,3,15,47.1,8.8,44.1],[6,169,34,16,3,15,47.1,8.8,44.1],[7,1344,36,16,3,17,44.4,8.3,47.2],[8,487,34,16,1,17,47.1,2.9,50],[9,160,34,16,0,18,47.1,0,52.9],[10,175,34,15,6,13,44.1,17.6,38.2],[11,2760,34,15,1,18,44.1,2.9,52.9],[12,1076,34,14,3,17,41.2,8.8,50],[13,1720,34,13,0,21,38.2,0,61.8],[14,458,34,12,6,16,35.3,17.6,47.1],[15,173,34,12,6,16,35.3,17.6,47.1],[16,1085,34,12,5,17,35.3,14.7,50],[17,151,34,11,3,20,32.4,8.8,58.8],[18,1082,36,4,8,24,11.1,22.2,66.7],[19,1079,2,0,2,0,0,100,0],[20,95,2,0,2,0,0,100,0]];
var HomeBsHalf = [[1,139,17,12,1,4,70.6,5.9,23.5],[2,169,17,10,1,6,58.8,5.9,35.3],[3,160,17,10,0,7,58.8,0,41.2],[4,487,17,10,0,7,58.8,0,41.2],[5,1117,17,9,0,8,52.9,0,47.1],[6,1076,17,8,1,8,47.1,5.9,47.1],[7,1344,18,8,1,9,44.4,5.6,50],[8,2760,17,8,0,9,47.1,0,52.9],[9,1116,17,7,4,6,41.2,23.5,35.3],[10,136,17,7,1,9,41.2,5.9,52.9],[11,1121,17,7,1,9,41.2,5.9,52.9],[12,1085,17,6,2,9,35.3,11.8,52.9],[13,175,17,6,1,10,35.3,5.9,58.8],[14,173,17,5,5,7,29.4,29.4,41.2],[15,458,17,5,3,9,29.4,17.6,52.9],[16,1720,17,5,0,12,29.4,0,70.6],[17,151,17,4,2,11,23.5,11.8,64.7],[18,1082,18,2,6,10,11.1,33.3,55.6],[19,95,1,0,1,0,0,100,0],[20,1079,1,0,1,0,0,100,0]];
var GuestBsHalf = [[1,175,17,9,5,3,52.9,29.4,17.6],[2,1121,17,9,2,6,52.9,11.8,35.3],[3,1116,17,9,2,6,52.9,11.8,35.3],[4,136,17,9,2,6,52.9,11.8,35.3],[5,139,17,9,0,8,52.9,0,47.1],[6,1344,18,8,2,8,44.4,11.1,44.4],[7,1117,17,8,0,9,47.1,0,52.9],[8,1720,17,8,0,9,47.1,0,52.9],[9,458,17,7,3,7,41.2,17.6,41.2],[10,173,17,7,1,9,41.2,5.9,52.9],[11,151,17,7,1,9,41.2,5.9,52.9],[12,2760,17,7,1,9,41.2,5.9,52.9],[13,1085,17,6,3,8,35.3,17.6,47.1],[14,169,17,6,2,9,35.3,11.8,52.9],[15,1076,17,6,2,9,35.3,11.8,52.9],[16,487,17,6,1,10,35.3,5.9,58.8],[17,160,17,6,0,11,35.3,0,64.7],[18,1082,18,2,2,14,11.1,11.1,77.8],[19,95,1,0,1,0,0,100,0],[20,1079,1,0,1,0,0,100,0]];
var addUp = [288,46.5,70,11.3,262,42.3,[100,1079,95],[58.8,160],[100,95,1079],[70.6,160],[100,95,1079],[58.8,2760,458,1117]];
var addUpHalf = [258,41.6,62,10,300,48.4,[61.8,139],[66.7,1082],[70.6,139],[70.6,1720],[52.9,175,1121,1116,136,139],[77.8,1082]];
var lastUpdateTime = '2025-01-18 10:07:10';
