var arrLeague = [10,'俄罗斯超级联赛','俄羅斯超級聯賽','Russia Premier League','2019-2020','#006699','league_match/images/20200411092415.jpg','俄超','俄超','RUS PR'];
var arrTeam = [[300,'苏维埃之翼','蘇維杜夫','Krylya Sovetov','','images/165095551520.png',0],[395,'圣彼得堡泽尼特','聖彼德斯堡','Zenit St. Petersburg','','images/395/1hnyhx549p2m.png',0],[407,'莫斯科中央陆军','莫斯科中央陸軍','CSKA Moscow','','images/407/1gtqm0cjh91x.png',0],[411,'莫斯科斯巴达','莫斯科斯巴達','Spartak Moscow','','images/165095544593.png',0],[416,'莫斯科迪纳摩','莫斯科戴拿模','Dynamo Moscow','','images/416/1gtqm0cjhm20.png',0],[420,'莫斯科火车头','莫斯科火車頭','Lokomotiv Moscow','','images/165095543060.png',0],[429,'罗斯托夫','羅斯杜夫','Rostov FK','','images/165095539431.png',0],[441,'喀山红宝石','卡山魯賓','Rubin Kazan','','images/441/1gq15ejwg51f.png',0],[605,'格罗兹尼特里克','塔利克','Terek Grozny','','images/165095534661.png',0],[2450,'乌拉尔','烏拉爾','Ural Sverdlovsk Oblast','','images/165095556739.png',0],[2451,'索契','索契','FK Sochi','','images/2451/1gtqm0cjh82.png',0],[5755,'奥伦堡加索维克','奧倫堡','Gazovik Orenburg','','images/5755/1heh20art832.png',0],[10112,'克拉斯诺达尔','克拉斯諾達爾','FC Krasnodar','','images/10112/1gtqm0cjha2q.png',0],[11129,'坦波夫斯巴达','坦波夫斯巴達','Tambov','','images/20201028143902.png',0],[13988,'乌法','烏法','FC Ufa','','images/13988/1grgc5aqm72w.png',0],[19764,'图拉兵工厂','圖拉兵工廠','Arsenal Tula','','images/165095553317.png',0]];
var TotalPanLu = [[1,13988,29,6,4,19,17,2,10,7,58.6,6.9,34.5],[2,2450,29,5,5,19,17,0,12,5,58.6,0,41.4],[3,395,30,27,3,0,17,3,10,7,56.7,10,33.3],[4,2451,28,6,5,17,15,1,12,3,53.6,3.6,42.9],[5,10112,28,22,3,4,14,2,12,2,50,7.1,42.9],[6,11129,29,0,6,23,14,3,12,2,48.3,10.3,41.4],[7,429,25,11,9,5,12,3,10,2,48,12,40],[8,407,30,24,3,3,14,2,14,0,46.7,6.7,46.7],[9,441,29,7,8,14,13,4,12,1,44.8,13.8,41.4],[10,416,30,11,9,10,13,3,14,-1,43.3,10,46.7],[11,300,28,5,3,20,12,2,14,-2,42.9,7.1,50],[12,19764,29,9,5,15,12,4,13,-1,41.4,13.8,44.8],[13,420,30,23,5,2,12,5,13,-1,40,16.7,43.3],[14,411,30,17,7,6,10,3,17,-7,33.3,10,56.7],[15,5755,26,6,4,17,8,2,16,-8,30.8,7.7,61.5],[16,605,30,9,7,14,9,3,18,-9,30,10,60]];
var HomePanLu = [[1,429,12,8,4,0,7,1,4,3,58.3,8.3,33.3],[2,2450,15,5,4,6,8,0,7,1,53.3,0,46.7],[3,13988,15,6,3,6,7,2,6,1,46.7,13.3,40],[4,10112,15,13,1,1,7,1,7,0,46.7,6.7,46.7],[5,395,15,15,0,0,7,1,7,0,46.7,6.7,46.7],[6,11129,14,0,6,8,6,2,6,0,42.9,14.3,42.9],[7,2451,15,6,5,4,6,1,8,-2,40,6.7,53.3],[8,407,15,13,1,1,5,2,8,-3,33.3,13.3,53.3],[9,300,13,5,2,6,4,1,8,-4,30.8,7.7,61.5],[10,441,14,7,3,4,4,1,9,-5,28.6,7.1,64.3],[11,416,15,9,3,3,4,2,9,-5,26.7,13.3,60],[12,420,15,13,2,0,4,2,9,-5,26.7,13.3,60],[13,19764,15,8,2,5,4,2,9,-5,26.7,13.3,60],[14,5755,12,6,2,5,3,0,9,-6,25,0,75],[15,411,15,11,2,2,3,1,11,-8,20,6.7,73.3],[16,605,15,9,3,3,2,2,11,-9,13.3,13.3,73.3]];
var GuestPanLu = [[1,13988,14,0,1,13,10,0,4,6,71.4,0,28.6],[2,2451,13,0,0,13,9,0,4,5,69.2,0,30.8],[3,395,15,12,3,0,10,2,3,7,66.7,13.3,20],[4,2450,14,0,1,13,9,0,5,4,64.3,0,35.7],[5,441,15,0,5,10,9,3,3,6,60,20,20],[6,416,15,2,6,7,9,1,5,4,60,6.7,33.3],[7,407,15,11,2,2,9,0,6,3,60,0,40],[8,19764,14,1,3,10,8,2,4,4,57.1,14.3,28.6],[9,420,15,10,3,2,8,3,4,4,53.3,20,26.7],[10,300,15,0,1,14,8,1,6,2,53.3,6.7,40],[11,11129,15,0,0,15,8,1,6,2,53.3,6.7,40],[12,10112,13,9,2,3,7,1,5,2,53.8,7.7,38.5],[13,411,15,6,5,4,7,2,6,1,46.7,13.3,40],[14,605,15,0,4,11,7,1,7,0,46.7,6.7,46.7],[15,429,13,3,5,5,5,2,6,-1,38.5,15.4,46.2],[16,5755,14,0,2,12,5,2,7,-2,35.7,14.3,50]];
var TotalHalfPanLu = [[1,2451,28,1,15,13,16,5,7,9,57.1,17.9,25],[2,13988,29,1,14,14,16,6,7,9,55.2,20.7,24.1],[3,420,30,21,8,1,15,4,11,4,50,13.3,36.7],[4,395,30,24,6,0,15,2,13,2,50,6.7,43.3],[5,300,28,2,9,17,14,2,12,2,50,7.1,42.9],[6,429,25,9,12,4,12,4,9,3,48,16,36],[7,19764,29,5,12,12,13,4,12,1,44.8,13.8,41.4],[8,407,30,19,10,1,12,4,14,-2,40,13.3,46.7],[9,11129,29,0,10,20,11,4,14,-3,37.9,13.8,48.3],[10,10112,29,21,6,2,11,3,15,-4,37.9,10.3,51.7],[11,605,30,6,15,9,11,6,13,-2,36.7,20,43.3],[12,441,29,3,15,11,10,10,9,1,34.5,34.5,31],[13,416,30,10,13,7,10,10,10,0,33.3,33.3,33.3],[14,5755,27,3,10,14,9,5,13,-4,33.3,18.5,48.1],[15,2450,29,3,12,14,8,7,14,-6,27.6,24.1,48.3],[16,411,30,14,13,3,7,6,17,-10,23.3,20,56.7]];
var HomeHalfPanLu = [[1,2451,15,1,10,4,8,2,5,3,53.3,13.3,33.3],[2,429,12,8,4,0,6,2,4,2,50,16.7,33.3],[3,13988,15,1,10,4,7,4,4,3,46.7,26.7,26.7],[4,19764,15,5,5,5,7,1,7,0,46.7,6.7,46.7],[5,10112,15,12,3,0,6,1,8,-2,40,6.7,53.3],[6,420,15,13,2,0,6,1,8,-2,40,6.7,53.3],[7,407,15,11,4,0,6,0,9,-3,40,0,60],[8,300,13,2,6,5,5,2,6,-1,38.5,15.4,46.2],[9,11129,14,0,8,7,5,4,5,0,35.7,28.6,35.7],[10,2450,15,3,7,5,5,3,7,-2,33.3,20,46.7],[11,395,15,15,0,0,5,0,10,-5,33.3,0,66.7],[12,605,15,6,7,2,4,4,7,-3,26.7,26.7,46.7],[13,416,15,9,5,1,3,4,8,-5,20,26.7,53.3],[14,411,15,10,5,0,3,3,9,-6,20,20,60],[15,5755,13,3,6,4,2,4,7,-5,15.4,30.8,53.8],[16,441,14,3,8,3,2,6,6,-4,14.3,42.9,42.9]];
var GuestHalfPanLu = [[1,395,15,9,6,0,10,2,3,7,66.7,13.3,20],[2,13988,14,0,4,10,9,2,3,6,64.3,14.3,21.4],[3,2451,13,0,5,9,8,3,2,6,61.5,23.1,15.4],[4,420,15,8,6,1,9,3,3,6,60,20,20],[5,300,15,0,3,12,9,0,6,3,60,0,40],[6,441,15,0,7,8,8,4,3,5,53.3,26.7,20],[7,5755,14,0,4,10,7,1,6,1,50,7.1,42.9],[8,416,15,1,8,6,7,6,2,5,46.7,40,13.3],[9,605,15,0,8,7,7,2,6,1,46.7,13.3,40],[10,429,13,1,8,4,6,2,5,1,46.2,15.4,38.5],[11,19764,14,0,7,7,6,3,5,1,42.9,21.4,35.7],[12,407,15,8,6,1,6,4,5,1,40,26.7,33.3],[13,11129,15,0,2,13,6,0,9,-3,40,0,60],[14,10112,14,9,3,2,5,2,7,-2,35.7,14.3,50],[15,411,15,4,8,3,4,3,8,-4,26.7,20,53.3],[16,2450,14,0,5,9,3,4,7,-4,21.4,28.6,50]];
var addUp = [81,35.2,21,9.1,128,55.7,[58.6,13988,2450],[61.5,5755],[58.3,429],[75,5755],[71.4,13988],[50,5755],[16.7,420],[0,2450]];
var addUpHalf = [80,34.6,41,17.7,110,47.6,[57.1,2451],[56.7,411],[53.3,2451],[66.7,395],[66.7,395],[60,11129],[34.5,441],[6.7,395]];
var lastUpdateTime = '2025-06-24 14:22:34';
