var arrLeague = [10,'俄罗斯超级联赛','俄羅斯超級聯賽','Russia Premier League','2019-2020','#006699','league_match/images/20200411092415.jpg','俄超','俄超','RUS PR'];
var arrTeam = [[300,'苏维埃之翼','蘇維杜夫','Krylya Sovetov','','images/165095551520.png',0],[395,'圣彼得堡泽尼特','聖彼德斯堡','Zenit St. Petersburg','','images/395/1hnyhx549p2m.png',0],[407,'莫斯科中央陆军','莫斯科中央陸軍','CSKA Moscow','','images/407/1gtqm0cjh91x.png',0],[411,'莫斯科斯巴达','莫斯科斯巴達','Spartak Moscow','','images/165095544593.png',0],[416,'莫斯科迪纳摩','莫斯科戴拿模','Dynamo Moscow','','images/416/1gtqm0cjhm20.png',0],[420,'莫斯科火车头','莫斯科火車頭','Lokomotiv Moscow','','images/165095543060.png',0],[429,'罗斯托夫','羅斯杜夫','Rostov FK','','images/165095539431.png',0],[441,'喀山红宝石','卡山魯賓','Rubin Kazan','','images/441/1gq15ejwg51f.png',0],[605,'格罗兹尼特里克','塔利克','Terek Grozny','','images/165095534661.png',0],[2450,'乌拉尔','烏拉爾','Ural Sverdlovsk Oblast','','images/165095556739.png',0],[2451,'索契','索契','FK Sochi','','images/2451/1gtqm0cjh82.png',0],[5755,'奥伦堡加索维克','奧倫堡','Gazovik Orenburg','','images/5755/1heh20art832.png',0],[10112,'克拉斯诺达尔','克拉斯諾達爾','FC Krasnodar','','images/10112/1gtqm0cjha2q.png',0],[11129,'坦波夫斯巴达','坦波夫斯巴達','Tambov','','images/20201028143902.png',0],[13988,'乌法','烏法','FC Ufa','','images/13988/1grgc5aqm72w.png',0],[19764,'图拉兵工厂','圖拉兵工廠','Arsenal Tula','','images/165095553317.png',0]];
var TotalBs = [[1,429,25,19,1,5,76,4,20],[2,2450,29,19,0,10,65.5,0,34.5],[3,5755,27,17,0,10,63,0,37],[4,11129,29,16,3,10,55.2,10.3,34.5],[5,19764,29,14,0,15,48.3,0,51.7],[6,411,30,14,0,16,46.7,0,53.3],[7,605,30,13,3,14,43.3,10,46.7],[8,395,30,13,2,15,43.3,6.7,50],[9,407,30,13,1,16,43.3,3.3,53.3],[10,420,30,13,1,16,43.3,3.3,53.3],[11,10112,29,12,0,17,41.4,0,58.6],[12,300,28,11,0,17,39.3,0,60.7],[13,2451,28,10,2,16,35.7,7.1,57.1],[14,441,29,8,3,18,27.6,10.3,62.1],[15,416,30,8,1,21,26.7,3.3,70],[16,13988,29,6,3,20,20.7,10.3,69]];
var HomeBs = [[1,2450,15,13,0,2,86.7,0,13.3],[2,429,12,9,0,3,75,0,25],[3,19764,15,9,0,6,60,0,40],[4,395,15,8,1,6,53.3,6.7,40],[5,11129,14,7,1,6,50,7.1,42.9],[6,5755,13,7,0,6,53.8,0,46.2],[7,10112,15,7,0,8,46.7,0,53.3],[8,420,15,7,0,8,46.7,0,53.3],[9,411,15,6,0,9,40,0,60],[10,300,13,5,0,8,38.5,0,61.5],[11,2451,15,5,1,9,33.3,6.7,60],[12,407,15,5,0,10,33.3,0,66.7],[13,13988,15,4,3,8,26.7,20,53.3],[14,441,14,4,1,9,28.6,7.1,64.3],[15,605,15,4,2,9,26.7,13.3,60],[16,416,15,3,1,11,20,6.7,73.3]];
var GuestBs = [[1,429,13,10,1,2,76.9,7.7,15.4],[2,5755,14,10,0,4,71.4,0,28.6],[3,11129,15,9,2,4,60,13.3,26.7],[4,605,15,9,1,5,60,6.7,33.3],[5,407,15,8,1,6,53.3,6.7,40],[6,411,15,8,0,7,53.3,0,46.7],[7,2450,14,6,0,8,42.9,0,57.1],[8,420,15,6,1,8,40,6.7,53.3],[9,300,15,6,0,9,40,0,60],[10,2451,13,5,1,7,38.5,7.7,53.8],[11,395,15,5,1,9,33.3,6.7,60],[12,19764,14,5,0,9,35.7,0,64.3],[13,10112,14,5,0,9,35.7,0,64.3],[14,416,15,5,0,10,33.3,0,66.7],[15,441,15,4,2,9,26.7,13.3,60],[16,13988,14,2,0,12,14.3,0,85.7]];
var TotalBsHalf = [[1,605,30,21,3,6,70,10,20],[2,429,25,19,4,2,76,16,8],[3,19764,29,18,6,5,62.1,20.7,17.2],[4,420,30,18,5,7,60,16.7,23.3],[5,416,30,18,3,9,60,10,30],[6,2450,29,17,5,7,58.6,17.2,24.1],[7,2451,28,16,5,7,57.1,17.9,25],[8,11129,29,16,5,8,55.2,17.2,27.6],[9,300,28,15,6,7,53.6,21.4,25],[10,13988,29,15,0,14,51.7,0,48.3],[11,5755,27,14,5,8,51.9,18.5,29.6],[12,10112,29,14,7,8,48.3,24.1,27.6],[13,411,30,12,9,9,40,30,30],[14,441,29,11,3,15,37.9,10.3,51.7],[15,395,30,10,9,11,33.3,30,36.7],[16,407,30,10,7,13,33.3,23.3,43.3]];
var HomeBsHalf = [[1,2450,15,12,2,1,80,13.3,6.7],[2,19764,15,12,1,2,80,6.7,13.3],[3,605,15,11,1,3,73.3,6.7,20],[4,416,15,10,2,3,66.7,13.3,20],[5,420,15,9,2,4,60,13.3,26.7],[6,13988,15,9,0,6,60,0,40],[7,2451,15,8,4,3,53.3,26.7,20],[8,11129,14,8,1,5,57.1,7.1,35.7],[9,429,12,7,4,1,58.3,33.3,8.3],[10,10112,15,7,6,2,46.7,40,13.3],[11,300,13,6,2,5,46.2,15.4,38.5],[12,441,14,6,2,6,42.9,14.3,42.9],[13,5755,13,5,2,6,38.5,15.4,46.2],[14,395,15,5,3,7,33.3,20,46.7],[15,407,15,5,3,7,33.3,20,46.7],[16,411,15,2,6,7,13.3,40,46.7]];
var GuestBsHalf = [[1,429,13,12,0,1,92.3,0,7.7],[2,411,15,10,3,2,66.7,20,13.3],[3,605,15,10,2,3,66.7,13.3,20],[4,300,15,9,4,2,60,26.7,13.3],[5,5755,14,9,3,2,64.3,21.4,14.3],[6,420,15,9,3,3,60,20,20],[7,11129,15,8,4,3,53.3,26.7,20],[8,2451,13,8,1,4,61.5,7.7,30.8],[9,416,15,8,1,6,53.3,6.7,40],[10,10112,14,7,1,6,50,7.1,42.9],[11,19764,14,6,5,3,42.9,35.7,21.4],[12,13988,14,6,0,8,42.9,0,57.1],[13,395,15,5,6,4,33.3,40,26.7],[14,407,15,5,4,6,33.3,26.7,40],[15,2450,14,5,3,6,35.7,21.4,42.9],[16,441,15,5,1,9,33.3,6.7,60]];
var addUp = [206,44.6,20,4.3,236,51.1,[76,429],[70,416],[86.7,2450],[73.3,416],[76.9,429],[85.7,13988]];
var addUpHalf = [244,52.8,82,17.7,136,29.4,[76,429],[51.7,441],[80,2450,19764],[46.7,395,407,411],[92.3,429],[60,441]];
var lastUpdateTime = '2025-06-24 14:22:35';
