var arrLeague = [60,'中国超级联赛','中國超級聯賽','Chinese Super League','2016','#0066FF','league_match/images/166674992094.png','中超','中超','CHA CSL'];
var arrTeam = [[39,'上海申花','上海申花','Shanghai Shenhua','','images/39/1gy3vjsrhn1p.png',0],[40,'山东泰山','山東泰山','Shandong Taishan','','images/1kja2fh2n4b.png',0],[41,'辽宁沈阳宏运','遼寧宏運','Liaoning FC','','images/20180921121329.png',0],[43,'北京国安','北京國安','Beijing Guoan','','images/1jr565tbs5z.png',0],[83,'重庆两江竞技','重慶兩江競技','Chongqing Liangjiang Athletic','','images/20180921192706.png',0],[89,'天津津门虎','天津津門虎','Tianjin Tigers','','images/89/1gy3vkgfwn2t.png',0],[528,'长春亚泰','長春亞泰','Changchun Yatai','','images/1jr56ftb35z.png',0],[535,'广州队','廣州隊','Guangzhou FC','','images/535/1hy4p3apdsh.png',0],[541,'河南队','河南隊','Henan Football Club','','images/1kja29fa4f1x.png',0],[542,'浙江俱乐部绿城','浙江俱樂部綠城','Zhejiang Professional FC','','images/542/1h8qpaemwc10.png',0],[543,'江苏苏宁易购','江蘇蘇寧','Jiangsu Suning FC','','images/20180921195311.png',0],[1998,'延边富德','延邊富德','Yanbian','','images/20140326142531.jpg',0],[7642,'上海海港','上海海港','Shanghai Port','','images/7642/1h8n2nv7tw23.png',0],[16668,'广州城','廣州城','Guangzhou City','','images/165371552931.png',0],[16961,'河北队','河北隊','Hebei FC','','images/20180921193444.png',0],[16967,'沧州雄狮','滄州雄獅','Cangzhou Mighty Lions','','images/16967/1gy3vkgfwb2g.png',0]];
var TotalPanLu = [[1,83,30,7,2,21,18,1,11,7,60,3.3,36.7],[2,41,30,8,2,20,17,2,11,6,56.7,6.7,36.7],[3,1998,30,7,2,21,17,1,12,5,56.7,3.3,40],[4,16668,30,11,3,16,17,0,13,4,56.7,0,43.3],[5,89,30,10,1,19,17,0,13,4,56.7,0,43.3],[6,39,30,18,1,11,16,1,13,3,53.3,3.3,43.3],[7,543,30,23,1,6,15,2,13,2,50,6.7,43.3],[8,535,30,30,0,0,15,1,14,1,50,3.3,46.7],[9,528,30,7,1,22,15,0,15,0,50,0,50],[10,542,30,6,3,21,14,1,15,-1,46.7,3.3,50],[11,7642,30,26,1,3,14,0,16,-2,46.7,0,53.3],[12,16967,30,7,2,21,13,1,16,-3,43.3,3.3,53.3],[13,541,30,10,5,15,13,0,17,-4,43.3,0,56.7],[14,43,30,19,3,8,13,0,17,-4,43.3,0,56.7],[15,16961,30,15,7,8,10,2,18,-8,33.3,6.7,60],[16,40,30,18,2,10,10,0,20,-10,33.3,0,66.7]];
var HomePanLu = [[1,1998,15,7,2,6,11,0,4,7,73.3,0,26.7],[2,16668,15,9,1,5,10,0,5,5,66.7,0,33.3],[3,41,15,7,2,6,10,0,5,5,66.7,0,33.3],[4,543,15,14,0,1,9,2,4,5,60,13.3,26.7],[5,83,15,7,1,7,9,0,6,3,60,0,40],[6,528,15,6,1,8,9,0,6,3,60,0,40],[7,39,15,12,1,2,8,1,6,2,53.3,6.7,40],[8,541,15,8,2,5,8,0,7,1,53.3,0,46.7],[9,7642,15,14,0,1,8,0,7,1,53.3,0,46.7],[10,535,15,15,0,0,8,0,7,1,53.3,0,46.7],[11,542,15,6,3,6,7,1,7,0,46.7,6.7,46.7],[12,16967,15,7,2,6,7,1,7,0,46.7,6.7,46.7],[13,89,15,9,1,5,7,0,8,-1,46.7,0,53.3],[14,43,15,12,0,3,6,0,9,-3,40,0,60],[15,40,15,12,0,3,6,0,9,-3,40,0,60],[16,16961,15,12,2,1,4,1,10,-6,26.7,6.7,66.7]];
var GuestPanLu = [[1,89,15,1,0,14,10,0,5,5,66.7,0,33.3],[2,83,15,0,1,14,9,1,5,4,60,6.7,33.3],[3,39,15,6,0,9,8,0,7,1,53.3,0,46.7],[4,41,15,1,0,14,7,2,6,1,46.7,13.3,40],[5,535,15,15,0,0,7,1,7,0,46.7,6.7,46.7],[6,542,15,0,0,15,7,0,8,-1,46.7,0,53.3],[7,43,15,7,3,5,7,0,8,-1,46.7,0,53.3],[8,16668,15,2,2,11,7,0,8,-1,46.7,0,53.3],[9,16961,15,3,5,7,6,1,8,-2,40,6.7,53.3],[10,1998,15,0,0,15,6,1,8,-2,40,6.7,53.3],[11,543,15,9,1,5,6,0,9,-3,40,0,60],[12,7642,15,12,1,2,6,0,9,-3,40,0,60],[13,16967,15,0,0,15,6,0,9,-3,40,0,60],[14,528,15,1,0,14,6,0,9,-3,40,0,60],[15,541,15,2,3,10,5,0,10,-5,33.3,0,66.7],[16,40,15,6,2,7,4,0,11,-7,26.7,0,73.3]];
var TotalHalfPanLu = [[1,1998,30,3,7,20,19,0,11,8,63.3,0,36.7],[2,535,30,28,2,0,18,1,11,7,60,3.3,36.7],[3,542,30,2,10,18,15,5,10,5,50,16.7,33.3],[4,543,30,20,7,3,15,3,12,3,50,10,40],[5,7642,30,22,5,3,14,5,11,3,46.7,16.7,36.7],[6,39,30,12,10,8,14,4,12,2,46.7,13.3,40],[7,16668,30,9,9,12,14,3,13,1,46.7,10,43.3],[8,16967,30,4,7,19,13,4,13,0,43.3,13.3,43.3],[9,41,30,6,8,16,12,5,13,-1,40,16.7,43.3],[10,40,30,15,7,8,12,2,16,-4,40,6.7,53.3],[11,541,30,7,13,10,11,8,11,0,36.7,26.7,36.7],[12,528,30,5,10,15,11,6,13,-2,36.7,20,43.3],[13,83,30,5,10,15,11,3,16,-5,36.7,10,53.3],[14,89,30,9,9,12,11,2,17,-6,36.7,6.7,56.7],[15,43,30,14,10,6,9,8,13,-4,30,26.7,43.3],[16,16961,30,11,12,7,9,5,16,-7,30,16.7,53.3]];
var HomeHalfPanLu = [[1,1998,15,3,7,5,12,0,3,9,80,0,20],[2,7642,15,14,0,1,9,0,6,3,60,0,40],[3,535,15,15,0,0,9,0,6,3,60,0,40],[4,542,15,2,8,5,7,4,4,3,46.7,26.7,26.7],[5,543,15,14,1,0,7,1,7,0,46.7,6.7,46.7],[6,528,15,5,7,3,6,5,4,2,40,33.3,26.7],[7,16967,15,4,6,5,6,3,6,0,40,20,40],[8,16668,15,9,3,3,6,2,7,-1,40,13.3,46.7],[9,39,15,11,4,0,6,1,8,-2,40,6.7,53.3],[10,40,15,12,2,1,6,1,8,-2,40,6.7,53.3],[11,541,15,7,6,2,5,5,5,0,33.3,33.3,33.3],[12,41,15,5,7,3,5,4,6,-1,33.3,26.7,40],[13,83,15,5,6,4,5,1,9,-4,33.3,6.7,60],[14,89,15,8,4,3,5,1,9,-4,33.3,6.7,60],[15,16961,15,10,4,1,4,2,9,-5,26.7,13.3,60],[16,43,15,11,3,1,3,2,10,-7,20,13.3,66.7]];
var GuestHalfPanLu = [[1,535,15,13,2,0,9,1,5,4,60,6.7,33.3],[2,39,15,1,6,8,8,3,4,4,53.3,20,26.7],[3,543,15,6,6,3,8,2,5,3,53.3,13.3,33.3],[4,16668,15,0,6,9,8,1,6,2,53.3,6.7,40],[5,542,15,0,2,13,8,1,6,2,53.3,6.7,40],[6,16967,15,0,1,14,7,1,7,0,46.7,6.7,46.7],[7,41,15,1,1,13,7,1,7,0,46.7,6.7,46.7],[8,1998,15,0,0,15,7,0,8,-1,46.7,0,53.3],[9,43,15,3,7,5,6,6,3,3,40,40,20],[10,541,15,0,7,8,6,3,6,0,40,20,40],[11,83,15,0,4,11,6,2,7,-1,40,13.3,46.7],[12,89,15,1,5,9,6,1,8,-2,40,6.7,53.3],[13,40,15,3,5,7,6,1,8,-2,40,6.7,53.3],[14,7642,15,8,5,2,5,5,5,0,33.3,33.3,33.3],[15,16961,15,1,8,6,5,3,7,-2,33.3,20,46.7],[16,528,15,0,3,12,5,1,9,-4,33.3,6.7,60]];
var addUp = [127,52.9,6,2.5,107,44.6,[60,83],[66.7,40],[73.3,1998],[66.7,16961],[66.7,89],[73.3,40],[6.7,41,543,16961],[0,16668,89,528,7642,541,43,40]];
var addUpHalf = [101,42.1,32,13.3,107,44.6,[63.3,1998],[56.7,89],[80,1998],[66.7,43],[60,535],[60,528],[26.7,541,43],[0,1998]];
var lastUpdateTime = '2026-04-07 16:27:32';
