var arrLeague = [60,'中国超级联赛','中國超級聯賽','Chinese Super League','2016','#0066FF','league_match/images/166674992094.png','中超','中超','CHA CSL'];
var arrTeam = [[39,'上海申花','上海申花','Shanghai Shenhua','','images/39/1gy3vjsrhn1p.png',0],[40,'山东泰山','山東泰山','Shandong Taishan','','images/1kja2fh2n4b.png',0],[41,'辽宁沈阳宏运','遼寧宏運','Liaoning FC','','images/20180921121329.png',0],[43,'北京国安','北京國安','Beijing Guoan','','images/1jr565tbs5z.png',0],[83,'重庆两江竞技','重慶兩江競技','Chongqing Liangjiang Athletic','','images/20180921192706.png',0],[89,'天津津门虎','天津津門虎','Tianjin Tigers','','images/89/1gy3vkgfwn2t.png',0],[528,'长春亚泰','長春亞泰','Changchun Yatai','','images/1jr56ftb35z.png',0],[535,'广州队','廣州隊','Guangzhou FC','','images/535/1hy4p3apdsh.png',0],[541,'河南队','河南隊','Henan Football Club','','images/1kja29fa4f1x.png',0],[542,'浙江俱乐部绿城','浙江俱樂部綠城','Zhejiang Professional FC','','images/542/1h8qpaemwc10.png',0],[543,'江苏苏宁易购','江蘇蘇寧','Jiangsu Suning FC','','images/20180921195311.png',0],[1998,'延边富德','延邊富德','Yanbian','','images/20140326142531.jpg',0],[7642,'上海海港','上海海港','Shanghai Port','','images/7642/1h8n2nv7tw23.png',0],[16668,'广州城','廣州城','Guangzhou City','','images/165371552931.png',0],[16961,'河北队','河北隊','Hebei FC','','images/20180921193444.png',0],[16967,'沧州雄狮','滄州雄獅','Cangzhou Mighty Lions','','images/16967/1gy3vkgfwb2g.png',0]];
var TotalBs = [[1,40,30,18,0,12,60,0,40],[2,89,30,17,0,13,56.7,0,43.3],[3,7642,30,17,0,13,56.7,0,43.3],[4,543,30,16,1,13,53.3,3.3,43.3],[5,83,30,16,1,13,53.3,3.3,43.3],[6,39,30,15,1,14,50,3.3,46.7],[7,41,30,15,1,14,50,3.3,46.7],[8,1998,30,15,1,14,50,3.3,46.7],[9,16668,30,15,0,15,50,0,50],[10,535,30,14,3,13,46.7,10,43.3],[11,16967,30,14,0,16,46.7,0,53.3],[12,541,30,13,1,16,43.3,3.3,53.3],[13,528,30,13,1,16,43.3,3.3,53.3],[14,43,30,13,0,17,43.3,0,56.7],[15,542,30,12,0,18,40,0,60],[16,16961,30,11,0,19,36.7,0,63.3]];
var HomeBs = [[1,39,15,11,0,4,73.3,0,26.7],[2,16967,15,9,0,6,60,0,40],[3,7642,15,9,0,6,60,0,40],[4,43,15,9,0,6,60,0,40],[5,89,15,8,0,7,53.3,0,46.7],[6,542,15,8,0,7,53.3,0,46.7],[7,1998,15,8,0,7,53.3,0,46.7],[8,543,15,7,1,7,46.7,6.7,46.7],[9,83,15,7,1,7,46.7,6.7,46.7],[10,528,15,7,0,8,46.7,0,53.3],[11,40,15,7,0,8,46.7,0,53.3],[12,41,15,7,0,8,46.7,0,53.3],[13,16668,15,7,0,8,46.7,0,53.3],[14,16961,15,5,0,10,33.3,0,66.7],[15,541,15,5,0,10,33.3,0,66.7],[16,535,15,3,3,9,20,20,60]];
var GuestBs = [[1,40,15,11,0,4,73.3,0,26.7],[2,535,15,11,0,4,73.3,0,26.7],[3,83,15,9,0,6,60,0,40],[4,89,15,9,0,6,60,0,40],[5,543,15,9,0,6,60,0,40],[6,541,15,8,1,6,53.3,6.7,40],[7,41,15,8,1,6,53.3,6.7,40],[8,7642,15,8,0,7,53.3,0,46.7],[9,16668,15,8,0,7,53.3,0,46.7],[10,1998,15,7,1,7,46.7,6.7,46.7],[11,528,15,6,1,8,40,6.7,53.3],[12,16961,15,6,0,9,40,0,60],[13,16967,15,5,0,10,33.3,0,66.7],[14,39,15,4,1,10,26.7,6.7,66.7],[15,43,15,4,0,11,26.7,0,73.3],[16,542,15,4,0,11,26.7,0,73.3]];
var TotalBsHalf = [[1,16967,30,17,4,9,56.7,13.3,30],[2,41,30,15,4,11,50,13.3,36.7],[3,83,30,14,8,8,46.7,26.7,26.7],[4,89,29,14,5,10,48.3,17.2,34.5],[5,7642,30,13,4,13,43.3,13.3,43.3],[6,535,30,13,0,17,43.3,0,56.7],[7,16961,29,12,8,9,41.4,27.6,31],[8,1998,29,12,6,11,41.4,20.7,37.9],[9,16668,29,12,5,12,41.4,17.2,41.4],[10,528,30,12,4,14,40,13.3,46.7],[11,39,29,12,3,14,41.4,10.3,48.3],[12,43,30,12,2,16,40,6.7,53.3],[13,40,29,11,6,12,37.9,20.7,41.4],[14,541,29,10,8,11,34.5,27.6,37.9],[15,543,29,9,5,15,31,17.2,51.7],[16,542,30,8,6,16,26.7,20,53.3]];
var HomeBsHalf = [[1,16967,15,12,1,2,80,6.7,13.3],[2,7642,15,8,2,5,53.3,13.3,33.3],[3,89,15,8,2,5,53.3,13.3,33.3],[4,39,15,8,1,6,53.3,6.7,40],[5,1998,15,7,3,5,46.7,20,33.3],[6,528,15,7,1,7,46.7,6.7,46.7],[7,43,15,7,0,8,46.7,0,53.3],[8,41,15,6,3,6,40,20,40],[9,16668,15,6,2,7,40,13.3,46.7],[10,16961,15,5,6,4,33.3,40,26.7],[11,541,15,5,5,5,33.3,33.3,33.3],[12,83,15,5,5,5,33.3,33.3,33.3],[13,542,15,5,3,7,33.3,20,46.7],[14,535,15,5,0,10,33.3,0,66.7],[15,40,15,3,3,9,20,20,60],[16,543,15,3,2,10,20,13.3,66.7]];
var GuestBsHalf = [[1,83,15,9,3,3,60,20,20],[2,41,15,9,1,5,60,6.7,33.3],[3,40,14,8,3,3,57.1,21.4,21.4],[4,535,15,8,0,7,53.3,0,46.7],[5,16961,14,7,2,5,50,14.3,35.7],[6,89,14,6,3,5,42.9,21.4,35.7],[7,16668,14,6,3,5,42.9,21.4,35.7],[8,543,14,6,3,5,42.9,21.4,35.7],[9,541,14,5,3,6,35.7,21.4,42.9],[10,1998,14,5,3,6,35.7,21.4,42.9],[11,16967,15,5,3,7,33.3,20,46.7],[12,528,15,5,3,7,33.3,20,46.7],[13,43,15,5,2,8,33.3,13.3,53.3],[14,7642,15,5,2,8,33.3,13.3,53.3],[15,39,14,4,2,8,28.6,14.3,57.1],[16,542,15,3,3,9,20,20,60]];
var addUp = [234,48.8,10,2.1,236,49.2,[60,40],[63.3,16961],[73.3,39],[66.7,16961,541],[73.3,40,535],[73.3,43,542]];
var addUpHalf = [196,41.5,78,16.5,198,41.9,[56.7,16967],[56.7,535],[80,16967],[66.7,535,543],[60,83,41],[60,542]];
var lastUpdateTime = '2026-04-07 16:27:49';
